72
# x y z
0.0 -8.727 0.0
0.953939201 -8.427 0.0
1.9538787 -8.438 0.0
2.948350921 -8.333 0.0
3.941245176 -8.214 0.0
4.924543706 -8.032 0.0
5.918475293 -7.922 0.0
6.916961648 -7.867 0.0
7.914911546 -7.803 0.0
8.908953296 -7.694 0.0
9.882143925 -7.4639999999999995 0.0
10.87954856 -7.3919999999999995 0.0
11.87853554 -7.3469999999999995 0.0
12.87352298 -7.247 0.0
13.85569201 -7.059 0.0
14.848465899999999 -6.939 0.0
15.84722511 -6.8892 0.0
16.84598432 -6.8393999999999995 0.0
17.84474353 -6.7896 0.0
18.843502739999998 -6.7398 0.0
19.84226195 -6.6899999999999995 0.0
20.83744837 -6.592 0.0
21.82973058 -6.468 0.0
22.82274418 -6.586 0.0
23.82022049 -6.515 0.0
24.81982842 -6.487 0.0
25.81723305 -6.415 0.0
26.81722505 -6.411 0.0
27.81711254 -6.426 0.0
28.81674798 -6.399 0.0
29.80940048 -6.278 0.0
30.80438792 -6.378 0.0
31.80005403 -6.285 0.0
32.78105556 -6.091 0.0
33.77573692 -5.9879999999999995 0.0
34.77497613 -5.949 0.0
35.77471159 -5.926 0.0
36.761005159999996 -5.761 0.0
37.7521212 -5.628 0.0
38.74489509 -5.508 0.0
39.74144463 -5.425 0.0
40.72872322 -5.266 0.0
41.71238983 -5.086 0.0
42.70643158 -4.977 0.0
43.67467741 -4.727 0.0
44.66792663 -4.611 0.0
45.64751787 -4.41 0.0
46.638633909999996 -4.277 0.0
47.62302407 -4.101 0.0
48.62289606 -4.117 0.0
49.61492631 -3.991 0.0
50.60464899 -3.848 0.0
51.58037385 -3.629 0.0
52.57066623 -3.4899999999999998 0.0
53.55245032 -3.3 0.0
54.54052117 -3.146 0.0
55.53216577 -3.017 0.0
56.498043089999996 -2.758 0.0
57.457457489999996 -2.476 0.0
58.43621946 -2.271 0.0
59.40674458 -2.03 0.0
60.38040571 -1.802 0.0
61.37055722 -1.662 0.0
62.32481033 -1.363 0.0
63.30810886 -1.181 0.0
64.29177547 -1.001 0.0
65.27470171 -0.817 0.0
66.26759597 -0.698 0.0
67.24899089 -0.506 0.0
68.24417731 -0.408 0.0
69.24011906999999 -0.318 0.0
70.18820978 0.0 0.0
918
# a b m n r rhoa k err
0 37 18 19 211.71 475626.43573858106 2246.5940944621466 0.5
0 35 17 18 172.31 346911.4298193142 2013.2982985277363 0.5
0 33 16 17 142.88 262498.22773393086 1837.1936431546114 0.5
0 31 15 16 122.72 196296.4328981617 1599.547204189714 0.29
0 29 14 15 110.62 142320.50149375177 1286.5711579619576 0.5
0 27 13 14 111.93 117902.79678029609 1053.3618938648806 0.5
0 25 12 13 150.4 141747.1259426666 942.4675927039002 0.5
0 23 11 12 149.91 128455.31887350652 856.8829222433895 0.5
0 21 10 11 176.27 119796.11960148519 679.6171759317251 0.5
0 19 9 10 149.87 76366.57626328632 509.552120259467 0.5
0 17 8 9 158.38 67739.58218436706 427.7028803154884 0.5
0 15 7 8 137.46 49681.174358184784 361.42277286617764 0.5
0 13 6 7 165.59 45498.4396622495 274.76562390391626 0.5
0 11 5 6 201.23 38444.074652557465 191.0454437835187 0.5
0 9 4 5 246.49 29325.92873735764 118.974111474533 0.5
0 7 3 4 218.79 15737.03603671151 71.9275836953769 0.5
0 5 2 3 237.25 9710.536639693708 40.92955380271321 0.5
0 3 1 2 206.37 2462.4960906121473 11.932432478616791 0.5
1 38 19 20 230.87 254844.34916916964 1103.843501404122 0.5
1 36 18 19 210.01 207347.1204563376 987.3202250194639 0.28
1 34 17 18 167.81 149361.37006199744 890.0623923603923 0.5
1 32 16 17 140.89 112868.23461788223 801.1089120440218 0.11
1 30 15 16 122.19 86795.15124692052 710.3294152297285 0.33
1 28 14 15 127.91 72745.97128894081 568.7277874203801 0.5
1 26 13 14 101.39 46848.15166639926 462.0588979820422 0.5
1 24 12 13 153.12 62211.952087901904 406.2954028729226 0.5
1 22 11 12 150.37 55609.74413447763 369.8194063608275 0.5
1 20 10 11 173.19 49166.27035098866 283.8863118597417 0.5
1 18 9 10 152.32 31835.75139472287 209.00572081619532 0.5
1 16 8 9 165.87 28170.204952666973 169.83303160708368 0.5
1 14 7 8 145.38 19653.412754513305 135.18649576635923 0.5
1 12 6 7 175.18 17337.31992120592 98.9686032720968 0.47
1 10 5 6 213.51 13590.106018309161 63.65091105011082 0.5
1 8 4 5 233.74 8325.995457557556 35.62075578659004 0.5
1 6 3 4 223.56 4016.247511881952 17.96496471587919 0.42
1 4 2 3 272.39 1801.043851222359 6.612004299799402 0.5
2 39 20 21 205.77 223013.58496030615 1083.800286534996 0.5
2 37 19 20 231.98 227468.43489302875 980.5519221184101 0.38
2 35 18 19 206.02 180368.50232215688 875.4902549371755 0.5
2 33 17 18 157.39 122879.1577119727 780.7304003556306 0.5
2 31 16 17 144.16 100542.01733307687 697.4335275601892 0.21
2 29 15 16 121.78 74366.3894342337 610.6617624752315 0.3
2 27 14 15 123.47 60113.164795941084 486.8645403413063 0.5
2 25 13 14 107.49 41862.484882449884 389.4546923662656 0.5
2 23 12 13 154.68 52426.494712627114 338.9351869189754 0.5
2 21 11 12 150.41 45353.83955496761 301.5347354229613 0.5
2 19 10 11 178.49 40458.5719551602 226.6713650913788 0.5
2 17 9 10 159.03 25883.646402572773 162.75951960367712 0.5
2 15 8 9 177.95 22867.78833119721 128.5068183826761 0.5
2 13 7 8 150.0 14373.036387316593 95.82024258211062 0.5
2 11 6 7 184.62 12374.055095755 67.02445615726899 0.19
2 9 5 6 215.61 8123.780491846943 37.67812481724847 0.06
2 7 4 5 224.02 4030.8524471526803 17.99327045421248 0.5
2 5 3 4 261.59 1584.1666633177178 6.055914458953775 0.5
3 40 21 22 240.17 262989.13883037504 1095.0124446449393 0.5
3 38 20 21 211.1 204763.97691207143 969.985679356094 0.36
3 36 19 20 225.94 196320.1057686288 868.9037167771479 0.5
3 34 18 19 200.03 155063.8072664176 775.2027559187002 0.1
3 32 17 18 159.59 108074.66686007894 677.2019979953565 0.5
3 30 16 17 143.17 86728.35059569932 605.7718138974599 0.26
3 28 15 16 132.11 69134.35285063017 523.3090065144967 0.15
3 26 14 15 123.19 50875.54229173575 412.98435174718526 0.5
3 24 13 14 129.89 42068.12838061323 323.87503565026736 0.5
3 22 12 13 162.72 45669.012231451954 280.6601046672318 0.5
3 20 11 12 157.37 38045.81031118146 241.76024853009764 0.18
3 18 10 11 190.59 33808.77339145599 177.3900697384752 0.35
3 16 9 10 178.33 22079.36704557931 123.81184907519379 0.5
3 14 8 9 205.88 19051.612972790786 92.53746343885169 0.5
3 12 7 8 170.79 11018.164030842438 64.51293419311692 0.5
3 10 6 7 204.93 8360.30553314652 40.79590852069741 0.5
3 8 5 6 224.67 4252.688069089372 18.928597806068332 0.35
3 6 4 5 261.82 1650.6876764232982 6.304666092824453 0.5
4 41 22 23 322.87 390197.3080849226 1208.5276058008567 0.5
4 39 21 22 180.48 175928.84788299006 974.7830667275601 0.39
4 37 20 21 191.57 163618.6512628093 854.0932884209913 0.5
4 35 19 20 224.33 171204.02056335827 763.1793365281427 0.04
4 33 18 19 198.11 133245.00650274626 672.5809222287933 0.5
4 31 17 18 156.77 91297.20865268519 582.3640278923594 0.5
4 29 16 17 150.26 77141.09699692523 513.3841141815868 0.1
4 27 15 16 130.86 57690.74158685493 440.8584868321483 0.05
4 25 14 15 137.48 46954.08491647918 341.5339316008087 0.5
4 23 13 14 125.89 33271.76636972253 264.2923692884465 0.24
4 21 12 13 171.84 38265.09101830169 222.67860229458617 0.5
4 19 11 12 166.52 31083.935580421683 186.66788121800192 0.37
4 17 10 11 213.24 28235.801888593058 132.41325215059584 0.5
4 15 9 10 196.99 17471.391224614163 88.69176721972771 0.5
4 13 8 9 221.18 13387.651462100874 60.52830935030687 0.5
4 11 7 8 184.97 7203.2827857786015 38.942978784552096 0.41
4 9 6 7 215.0 4242.46604487172 19.732400208705677 0.25
4 7 5 6 263.13 1643.1898829951215 6.244783502432719 0.5
5 42 23 24 193.63 220455.05926155587 1138.5377227782672 0.5
5 40 22 23 248.79 267412.05811907194 1074.8505089395553 0.5
5 38 21 22 226.6 195373.5000110003 862.1954987246262 0.5
5 36 20 21 204.6 152839.92165462242 747.0181899052905 0.12
5 34 19 20 249.22 166056.52128014437 666.304956585123 0.5
5 32 18 19 193.17 110864.4829451923 573.9218457586184 0.18
5 30 17 18 159.31 79172.01961028275 496.96829835090546 0.5
5 28 16 17 159.77 68886.51014435063 431.16048159448343 0.22
5 26 15 16 140.52 51351.29771402633 365.4376438515964 0.24
5 24 14 15 153.18 42333.93136552842 276.3672239556627 0.5
5 22 13 14 136.2 28897.05778730263 212.16635673496793 0.44
5 20 12 13 183.67 31543.896950922794 171.7422385306408 0.5
5 18 11 12 184.0 25619.89850189657 139.23857881465526 0.15
5 16 10 11 240.42 22777.887897860248 94.74206762274457 0.4
5 14 9 10 224.2 13142.088368516277 58.61770012719125 0.5
5 12 8 9 245.81 8828.529986715097 35.91607333597127 0.5
5 10 7 8 210.35 4051.140136836798 19.259045100246247 0.5
5 8 6 7 212.46 1352.6410818234247 6.36656820965558 0.5
6 43 24 25 376.76 393991.4848113425 1045.7359720016523 0.5
6 41 23 24 158.29 160611.09896992243 1014.663585633473 0.15
6 39 22 23 253.73 242118.2103360361 954.2356455130891 0.5
6 37 21 22 231.98 175487.5319974499 756.4769893846449 0.16
6 35 20 21 200.79 131204.32419908448 653.4405308983738 0.5
6 33 19 20 226.9 130477.64653731279 575.0447181018633 0.24
6 31 18 19 187.5 91938.44708377248 490.33838444678656 0.44
6 29 17 18 157.55 65799.77143797354 417.6437412756175 0.5
6 27 16 17 161.1 57929.627971078684 359.5880072692656 0.23
6 25 15 16 151.05 45055.25433146049 298.2803994138397 0.29
6 23 14 15 156.37 34697.00856024517 221.8904429254024 0.5
6 21 13 14 137.8 22694.60268990167 164.6923272126391 0.5
6 19 12 13 188.45 24269.377023809004 128.78417099394537 0.5
6 17 11 12 192.64 19225.831873453928 99.80186811385968 0.5
6 15 10 11 248.48 15911.697039419161 64.03612781479058 0.5
6 13 9 10 215.2 7480.432792983715 34.760375432080465 0.18
6 11 8 9 244.25 4492.388752775064 18.39258445353148 0.5
6 9 7 8 263.75 1652.7663409439554 6.266412667086087 0.5
7 44 25 26 269.64 292955.6863521161 1086.4696868124763 0.37
7 42 24 25 363.25 340449.4188360751 937.231710491604 0.5
7 40 23 24 203.83 183840.94572415395 901.9327170885244 0.5
7 38 22 23 247.3 208509.06658827563 843.1422021361732 0.5
7 36 21 22 229.8 151749.6918971813 660.3554912845138 0.4
7 34 20 21 183.44 104408.71568774442 569.1709315729635 0.5
7 32 19 20 212.32 103734.82967730003 488.5777584650529 0.49
7 30 18 19 179.06 74553.63241229112 416.3611773276618 0.22
7 28 17 18 162.56 56616.18369702776 348.2786890811255 0.5
7 26 16 17 165.74 48939.28057342321 295.2774259287028 0.34
7 24 15 16 158.58 37762.48747322271 238.12894105954538 0.5
7 22 14 15 156.32 27390.94321078174 175.22353640469385 0.33
7 20 13 14 135.26 16761.17745252278 123.91821272011519 0.44
7 18 12 13 193.58 17953.008568672674 92.74206306784107 0.5
7 16 11 12 198.73 13473.083539521178 67.79592180104251 0.5
7 14 10 11 248.03 9625.808704416795 38.80905013271296 0.5
7 12 9 10 219.05 3853.1860682344804 17.590440850191648 0.5
7 10 8 9 344.02 2173.2991233025323 6.31736272107009 0.5
8 45 26 27 244.45 269926.0649316674 1104.2178970409793 0.5
8 43 25 26 306.63 297699.77101326286 970.8762058939532 0.5
8 41 24 25 294.82 244897.60101762018 830.6682077797307 0.5
8 39 23 24 199.98 159143.39193759306 795.7965393418995 0.33
8 37 22 23 241.22 177127.00710113213 734.296522266529 0.5
8 35 21 22 219.98 126024.25027126189 572.889582104109 0.2
8 33 20 21 182.26 88638.92139835694 486.3322802499558 0.47
8 31 19 20 197.01 81277.89986563576 412.55722991541427 0.3
8 29 18 19 172.96 59650.273634195146 344.8790103734687 0.34
8 27 17 18 163.36 46656.12512049726 285.60311655544353 0.5
8 25 16 17 172.37 40666.74986985762 235.92707472215358 0.3
8 23 15 16 154.21 28717.349866073127 186.22235825220883 0.27
8 21 14 15 155.28 20387.75492348183 131.296721557714 0.5
8 19 13 14 134.95 11957.482714195841 88.60676335083988 0.35
8 17 12 13 203.59 12651.67981889232 62.14293343922747 0.5
8 15 11 12 201.23 8339.075614201141 41.440518879894356 0.5
8 13 10 11 241.48 4630.878581475204 19.17706883168463 0.5
8 11 9 10 280.41 1720.5125417452575 6.135703226508531 0.25
9 46 27 28 193.71 216155.17863010633 1115.87000480154 0.5
9 44 26 27 263.07 259225.1490588806 985.3846849085057 0.5
9 42 25 26 295.75 254437.42508731966 860.3125108616049 0.5
9 40 24 25 276.87 201882.11920395 729.1585191748835 0.5
9 38 23 24 200.22 138850.373072197 693.489027430811 0.5
9 36 22 23 235.41 148558.45290432256 631.0626264998198 0.32
9 34 21 22 225.05 110402.10868139478 490.5670236898235 0.5
9 32 20 21 172.66 69898.35685106709 404.8323691130956 0.14
9 30 19 20 190.15 65132.038560832545 342.52978470067075 0.26
9 28 18 19 181.36 50794.39048066493 280.07493648359576 0.31
9 26 17 18 175.07 39793.16764255104 227.29860994202912 0.5
9 24 16 17 188.37 34134.483562444555 181.209765686917 0.42
9 22 15 16 163.75 22994.299809215652 140.42320494177497 0.5
9 20 14 15 171.2 15894.515280863476 92.84179486485675 0.27
9 18 13 14 161.9 9492.195324169164 58.62998964897569 0.5
9 16 12 13 247.77 9253.60790486922 37.347571961372324 0.5
9 14 11 12 240.21 4922.993033269109 20.49453825098501 0.5
9 12 10 11 387.92 2441.0349109277913 6.292624538378509 0.38
10 47 28 29 259.96 274377.84291022836 1055.4617745431158 0.5
10 45 27 28 212.07 211150.12362287828 995.6623927140957 0.5
10 43 26 27 270.0 234986.28062216152 870.3195578598575 0.5
10 41 25 26 276.05 207790.24191372594 752.7268317831042 0.2
10 39 24 25 279.01 176987.55993880093 634.3412778710474 0.5
10 37 23 24 215.13 127871.37014250053 594.3911594965859 0.12
10 35 22 23 229.6 123510.03871250275 537.9357086781479 0.5
10 33 21 22 207.73 85328.68714358294 410.7672803330426 0.16
10 31 20 21 168.7 56354.350240863416 334.0506831112236 0.44
10 29 19 20 183.99 50794.23508164637 276.0706292822782 0.21
10 27 18 19 184.34 41016.674172220315 222.50555588705825 0.24
10 25 17 18 188.9 32996.0847570325 174.67487960313656 0.5
10 23 16 17 188.67 25490.358067863275 135.10551793005394 0.37
10 21 15 16 171.53 16941.982076756674 98.76978998867064 0.28
10 19 14 15 189.76 11553.851454582835 60.88665395543231 0.5
10 17 13 14 188.99 6534.5011952963105 34.57590981161072 0.5
10 15 12 13 268.19 4973.675711759023 18.545343643532657 0.5
10 13 11 12 249.45 1613.907144572654 6.4698622752962685 0.5
11 48 29 30 136.73 138243.5096728499 1011.0693313307243 0.5
11 46 28 29 242.27 229269.92205265805 946.3405376342843 0.5
11 44 27 28 223.57 198044.69301245364 885.8285682893664 0.5
11 42 26 27 262.47 201680.31433893248 768.3937758179314 0.5
11 40 25 26 278.18 182981.013878381 657.7791857012761 0.5
11 38 24 25 270.73 148850.58944996493 549.8119508364973 0.5
11 36 23 24 213.55 108336.89174699721 507.31393934440274 0.5
11 34 22 23 224.54 102602.64485953208 456.9459555514923 0.2
11 32 21 22 195.81 66208.75024335273 338.12752281983927 0.19
11 30 20 21 162.52 44495.977438170325 273.78770267148855 0.15
11 28 19 20 193.81 42722.52917406273 220.4351126054524 0.5
11 26 18 19 194.97 33779.17946310208 173.25321569011686 0.21
11 24 17 18 206.28 26848.5714305528 130.1559600084972 0.5
11 22 16 17 199.22 19504.479108180552 97.904222006729 0.3
11 20 15 16 189.23 12429.9220542498 65.68684698118587 0.5
11 18 14 15 234.88 8589.866629218866 36.571298659821466 0.26
11 16 13 14 222.46 3906.530639356625 17.560598037205004 0.46
11 14 12 13 310.01 1923.8331213584568 6.205713110410815 0.5
12 49 30 31 118.95 129683.9538777794 1090.239208724501 0.5
12 47 29 30 123.3 112291.70347794297 910.719411824355 0.5
12 45 28 29 248.0 209923.9076852145 846.4673696984456 0.5
12 43 27 28 205.23 160885.11587061043 783.9259166330968 0.5
12 41 26 27 246.53 165977.7188383641 673.255663969351 0.5
12 39 25 26 267.84 153434.65504712355 572.8593751759392 0.48
12 37 24 25 264.21 124500.54877785698 471.218155171481 0.37
12 35 23 24 199.07 86020.3537080249 432.1110850857733 0.47
12 33 22 23 212.33 81026.662954573 381.6072290989167 0.5
12 31 21 22 183.3 50900.23626545445 277.68814110995334 0.34
12 29 20 21 154.83 33887.06952992306 218.8663019435707 0.35
12 27 19 20 192.08 33256.43183636562 173.13844146379435 0.34
12 25 18 19 207.0 27062.101667471932 130.73479066411562 0.5
12 23 17 18 205.04 19358.18838661289 94.4117654438787 0.5
12 21 16 17 209.14 13751.533316570085 65.7527652126331 0.5
12 19 15 16 223.03 8876.446898936763 39.799340442706196 0.5
12 17 14 15 280.74 5218.581491547325 18.588663858186667 0.07
12 15 13 14 257.01 1587.3604311627482 6.1762594107729205 0.09
13 50 31 32 102.21 106333.57848733113 1040.344178527846 0.5
13 48 30 31 127.76 125179.14487388523 979.7991928137542 0.5
13 46 29 30 118.57 96098.82792725456 810.4818076010338 0.5
13 44 28 29 236.06 176274.24178239697 746.7349054579216 0.43
13 42 27 28 212.06 145370.40464087747 685.5154420488421 0.5
13 40 26 27 244.18 142083.07226742632 581.8784186560174 0.5
13 38 25 26 258.87 126933.37727624323 490.33637453642075 0.25
13 36 24 25 255.51 101241.94613199266 396.23477019291875 0.21
13 34 23 24 228.69 82537.23808001941 360.9131928812778 0.5
13 32 22 23 198.04 60873.96582478888 307.38217443339164 0.22
13 30 21 22 174.78 38800.59313964242 221.99675672069125 0.19
13 28 20 21 160.03 27099.95139594677 169.34294442258806 0.45
13 26 19 20 200.17 25927.21797437819 129.52599277802963 0.46
13 24 18 19 223.03 20566.989984322758 92.21624886482876 0.28
13 22 17 18 216.07 13740.055240386882 63.59075873738549 0.5
13 20 16 17 238.47 9298.35440753635 38.9917155513748 0.43
13 18 15 16 315.2 6214.707734499869 19.71671235564679 0.5
13 16 14 15 368.46 2309.896673480394 6.269056813440792 0.42
14 51 32 33 85.65 79914.85238383204 933.0397242712438 0.5
14 49 31 32 106.91 99483.92866363056 930.5390390387295 0.4
14 47 30 31 115.19 100323.91448593236 870.9429159296151 0.5
14 45 29 30 121.0 86452.84226807038 714.4862997361189 0.5
14 43 28 29 222.23 144489.18847463225 650.1785918851292 0.5
14 41 27 28 191.78 113121.0750793153 589.8481336912885 0.38
14 39 26 27 234.5 116482.07540353382 496.72526824534674 0.5
14 37 25 26 247.48 101640.2052069448 410.7006837196735 0.13
14 35 24 25 241.42 79415.52604957053 328.9517274855875 0.5
14 33 23 24 181.92 53201.02825687435 292.44188795555385 0.23
14 31 22 23 183.64 44756.992048112705 243.72136815569976 0.5
14 29 21 22 163.37 27772.469062979573 169.9973622022377 0.21
14 27 20 21 157.38 19873.439924981983 126.27678183366363 0.22
14 25 19 20 208.85 19074.461308680005 91.3309136158966 0.34
14 23 18 19 218.97 13379.977000765433 61.104155823927634 0.3
14 21 17 18 232.96 8692.703502357554 37.31414621547714 0.5
14 19 16 17 298.1 5660.097769406119 18.987245117095334 0.48
14 17 15 16 406.87 2589.662856320654 6.364840996683594 0.21
15 52 33 34 125.06 129476.37354999266 1035.3140376618635 0.5
15 50 32 33 93.23 77658.78449984181 832.9806339144247 0.49
15 48 31 32 111.84 93041.35317459874 831.9148173694451 0.5
15 46 30 31 115.04 88617.15529822421 770.3160231069559 0.44
15 44 29 30 115.94 72559.2182177454 625.8342092267155 0.5
15 42 28 29 217.17 122459.46654931548 563.8875836870446 0.5
15 40 27 28 195.6 98745.4427751718 504.8335520203058 0.5
15 38 26 27 224.1 94196.88368088494 420.3341529713742 0.31
15 36 25 26 241.78 82335.23948925413 340.5378422088433 0.31
15 34 24 25 209.25 56560.46601219056 270.30091284200984 0.22
15 32 23 24 171.24 39463.76796378428 230.45881782167882 0.24
15 30 22 23 173.01 32838.28985252738 189.8057329202207 0.26
15 28 21 22 171.85 21830.879554006544 127.03450424210966 0.5
15 26 20 21 164.79 14852.858607771126 90.1320383989995 0.28
15 24 19 20 225.78 13567.052211885371 60.08969887450337 0.24
15 22 18 19 244.45 9082.08767525827 37.15315064536007 0.32
15 20 17 18 291.15 5358.546583761926 18.404762437787827 0.5
15 18 16 17 471.41 2943.420279775287 6.243864745710288 0.5
16 53 34 35 232.56 261818.5036380044 1125.8105591589456 0.5
16 51 33 34 135.75 126005.64129135244 928.2183520541616 0.16
16 49 32 33 93.94 70068.20555541341 745.8825373154505 0.5
16 47 31 32 102.71 76020.95512702806 740.1514470550878 0.42
16 45 30 31 112.5 76432.10038512098 679.396447867742 0.5
16 43 29 30 111.54 60760.29970679426 544.7400009574526 0.4
16 41 28 29 205.4 99534.28798707268 484.58757539957486 0.5
16 39 27 28 189.5 81495.23931604518 430.0540333300537 0.5
16 37 26 27 219.24 76873.71033659246 350.6372483880334 0.5
16 35 25 26 232.9 65486.69996046644 281.17947600028526 0.29
16 33 24 25 219.86 47732.06744851005 217.10209882884587 0.5
16 31 23 24 162.56 29318.999651559145 180.35801951008332 0.33
16 29 22 23 168.09 23934.539286104155 142.39121474272207 0.5
16 27 21 22 175.47 16136.03884213537 91.95896074619803 0.22
16 25 20 21 184.33 11162.417317617905 60.55670437594479 0.2
16 23 19 20 237.96 8755.893325826362 36.79565189874921 0.37
16 21 18 19 328.46 6155.288049526233 18.73984061842 0.35
16 19 17 18 432.63 2689.4373282238284 6.216483665542908 0.46
17 54 35 36 169.9 186569.13775641358 1098.1114641342765 0.5
17 52 34 35 218.16 220490.68267722888 1010.6833639403598 0.14
17 50 33 34 145.33 119992.50334152093 825.6554279331241 0.5
17 48 32 33 105.23 69917.1013579658 664.4217557537376 0.31
17 46 31 32 108.64 70795.38244025443 651.65116384623 0.5
17 44 30 31 111.18 65795.22915020825 591.7901524573507 0.27
17 42 29 30 113.95 53473.51734346514 469.2717625578336 0.5
17 40 28 29 203.96 83880.74683728277 411.2607709221552 0.5
17 38 27 28 185.5 66814.44808774149 360.1857039770431 0.5
17 36 26 27 218.61 62706.66809765212 286.8426334461009 0.5
17 34 25 26 236.13 53693.12200237218 227.38797273693382 0.14
17 32 24 25 214.87 35912.68788787575 167.13681708882464 0.29
17 30 23 24 161.35 22014.052167629605 136.43664188180728 0.48
17 28 22 23 182.87 18665.555965706546 102.07008238479 0.5
17 26 21 22 192.62 11895.678624990058 61.757235100145664 0.27
17 24 20 21 211.5 7624.314096562857 36.04876641400878 0.27
17 22 19 20 281.39 5345.173814464727 18.995606860459603 0.5
17 20 18 19 445.05 2792.7423572475013 6.275120452190768 0.04
18 55 36 37 229.29 232336.87545392915 1013.2883050020897 0.5
18 53 35 36 171.56 169020.23887945156 985.1960764715059 0.22
18 51 34 35 213.48 191661.14480110386 897.7943826171252 0.44
18 49 33 34 151.1 110619.2174704556 732.0927694934189 0.24
18 47 32 33 106.32 62166.42742890371 584.7105664870553 0.5
18 45 31 32 107.58 61071.97919388863 567.6889681528967 0.21
18 43 30 31 112.19 56967.92596097255 507.7807822530756 0.5
18 41 29 30 109.5 43431.98271831345 396.6391115827712 0.15
18 39 28 29 203.64 70010.07973448736 343.79335952900885 0.5
18 37 27 28 186.9 54885.04774841526 293.65996655117846 0.5
18 35 26 27 218.72 50445.64218226818 230.64028064314275 0.5
18 33 25 26 234.26 41378.51857863471 176.6350148494609 0.31
18 31 24 25 217.32 27262.75970077664 125.4498421718049 0.5
18 29 23 24 162.49 15720.076885715513 96.74488821290856 0.25
18 27 22 23 189.73 12994.648949829561 68.49021741332189 0.5
18 25 21 22 215.85 7976.178623941881 36.952414287430535 0.17
18 23 20 21 223.76 4083.761942542883 18.25063435172901 0.46
18 21 19 20 358.91 2273.475586312943 6.334389084486202 0.5
19 56 37 38 204.27 206970.66919149962 1013.2210759852137 0.5
19 54 36 37 221.13 200790.9558089024 908.022230402489 0.5
19 52 35 36 159.74 140038.6183610108 876.6659469200625 0.5
19 50 34 35 237.88 188081.62885621053 790.6575956625632 0.25
19 48 33 34 180.5 116485.71019998798 645.3501950137838 0.5
19 46 32 33 109.48 55683.4503485922 508.61755890201135 0.43
19 44 31 32 108.1 52720.377104157626 487.70006571838695 0.5
19 42 30 31 113.47 48855.15437763906 430.5556920563943 0.5
19 40 29 30 112.29 37103.09171204928 330.42204748463155 0.5
19 38 28 29 206.05 58052.900958801045 281.7418148934775 0.5
19 36 27 28 191.35 44757.231653285984 233.90243874202238 0.5
19 34 26 27 224.36 40545.664089370395 180.71699094923514 0.25
19 32 25 26 234.48 30539.8082034005 130.2448319831137 0.38
19 30 24 25 222.93 20047.22533342864 89.92609937392294 0.43
19 28 23 24 181.17 11643.754686586337 64.2697725152417 0.5
19 26 22 23 202.08 8298.907340707648 41.067435375631675 0.15
19 24 21 22 242.32 4370.896640098659 18.03770485349397 0.42
19 22 20 21 297.25 1867.0447003068064 6.281058705826093 0.5
20 57 38 39 196.36 211965.8700984874 1079.4758102387827 0.5
20 55 37 38 205.96 187080.2325660611 908.3328440768164 0.5
20 53 36 37 215.41 174179.634499657 808.5958613790307 0.5
20 51 35 36 161.55 124736.14707177003 772.1209970397401 0.2
20 49 34 35 272.58 189342.5812158312 694.631231989989 0.47
20 47 33 34 165.81 93196.62878410339 562.0688063693589 0.16
20 45 32 33 109.49 47940.186722199716 437.8499106968647 0.5
20 43 31 32 107.94 44536.87946817425 412.60774011649295 0.31
20 41 30 31 114.27 40895.469099315575 357.88456374652645 0.44
20 39 29 30 115.09 31178.106268192056 270.9019573220267 0.17
20 37 28 29 210.9 47279.64767448982 224.1804062327635 0.5
20 35 27 28 192.93 35241.580559809176 182.6651146001616 0.5
20 33 26 27 226.41 30587.629998771754 135.09840554203328 0.5
20 31 25 26 239.3 22238.74713727247 92.93249952892799 0.5
20 29 24 25 226.9 13439.518936698414 59.231022197877536 0.5
20 27 23 24 178.54 6907.469702153465 38.688639532617145 0.36
20 25 22 23 220.2 4491.4800947436415 20.397275634621444 0.47
20 23 21 22 278.15 1690.861189272734 6.07895448237546 0.5
21 58 39 40 259.9 284141.83170123515 1093.2736887311858 0.5
21 56 38 39 195.91 188778.80140913583 963.5996192595367 0.24
21 54 37 38 203.94 164705.06238616997 807.6152907039814 0.5
21 52 36 37 210.67 150261.48206351063 713.255243098261 0.5
21 50 35 36 187.45 126194.68365980654 673.2178376089973 0.5
21 48 34 35 324.46 196570.79712848662 605.8398481430273 0.24
21 46 33 34 177.55 85734.72173668187 482.8764952784109 0.5
21 44 32 33 110.48 40961.041304092905 370.75526162285394 0.17
21 42 31 32 113.75 39129.6255246807 343.9967079092809 0.5
21 40 30 31 114.54 33462.14470836608 292.14374636254655 0.5
21 38 29 30 114.47 24801.353362750742 216.6624736852515 0.44
21 36 28 29 210.22 36393.774360419615 173.12232118932363 0.5
21 34 27 28 193.97 26724.977038382218 137.77891961840604 0.5
21 32 26 27 213.85 20171.897803454154 94.32732197079334 0.5
21 30 25 26 231.84 14357.31979692467 61.9277078887365 0.35
21 28 24 25 232.98 8182.325796517305 35.12029271404114 0.39
21 26 23 24 182.33 3492.6960610066685 19.155904464469195 0.42
21 24 22 23 285.87 1858.2474947197943 6.500323555181706 0.5
22 59 40 41 189.81 200789.59026208465 1057.8451623311978 0.5
22 57 39 40 246.52 240548.79487117584 975.7780093752061 0.5
22 55 38 39 194.87 167197.8873454459 857.9970613508794 0.5
22 53 37 38 199.52 142404.97067499202 713.737824152927 0.5
22 51 36 37 208.83 130033.82610668834 622.6779011956536 0.5
22 49 35 36 195.27 114390.26293400122 585.8056175244595 0.5
22 47 34 35 300.29 156713.15768350827 521.8727153202179 0.5
22 45 33 34 171.25 70283.03370356106 410.4118756412325 0.05
22 43 32 33 113.06 34919.98195410756 308.86239124453886 0.5
22 41 31 32 111.76 31364.218352835403 280.63903322150503 0.27
22 39 30 31 117.07 27422.38287881678 234.239197734832 0.41
22 37 29 30 115.39 19328.41792995414 167.50513848647316 0.21
22 35 28 29 205.61 26820.462442301352 130.4433755279478 0.5
22 33 27 28 185.13 18148.325105417724 98.03016855948643 0.5
22 31 26 27 208.16 13064.542806854857 62.76202347643571 0.5
22 29 25 26 227.29 8301.854406014372 36.52538345732048 0.35
22 27 24 25 228.21 4002.6668866276605 17.53940180810508 0.5
22 25 23 24 279.66 1756.7522208441555 6.281742905113908 0.1
23 60 41 42 199.89 208672.9447789284 1043.9388902842984 0.5
23 58 40 41 186.89 178235.81179494012 953.693679677565 0.37
23 56 39 40 263.87 229700.7614198329 870.5073006398336 0.5
23 54 38 39 199.32 151922.46160165078 762.2038009314207 0.07
23 52 37 38 201.77 126856.9178053809 628.7204133685924 0.5
23 50 36 37 282.73 153149.4895680551 541.6810722882435 0.5
23 48 35 36 284.58 145063.84549604636 509.74715544327205 0.5
23 46 34 35 328.0 146513.71220064678 446.6881469531914 0.31
23 44 33 34 175.79 60776.741844256714 345.73492146456977 0.5
23 42 32 33 117.92 30154.29424721828 255.7182347966272 0.16
23 40 31 32 113.34 25708.775018198674 226.82878964353867 0.05
23 38 30 31 117.75 21762.46412603338 184.819228246568 0.12
23 36 29 30 116.9 14812.533186401539 126.71114787340922 0.5
23 34 28 29 203.4 19456.265169211987 95.65518765590947 0.5
23 32 27 28 174.58 11363.795847469328 65.09219754536217 0.5
23 30 26 27 200.25 7746.6366706948065 38.684827319324874 0.5
23 28 25 26 250.89 4683.713578619096 18.66839482888555 0.16
23 26 24 25 346.13 2106.1048900385103 6.084722185417358 0.5
24 61 42 43 218.06 239480.09669794387 1098.2302884432902 0.5
24 59 41 42 266.33 250123.83518585694 939.1500588963202 0.5
24 57 40 41 183.8 155716.98618420569 847.2088475745684 0.5
24 55 39 40 220.18 169799.0368509644 771.1828360930348 0.5
24 53 38 39 181.63 121625.16756073553 669.631490176378 0.5
24 51 37 38 192.08 104667.51251009457 544.9162458876227 0.5
24 49 36 37 232.14 108556.59347305982 467.6341581505119 0.5
24 47 35 36 206.23 89706.01974913767 434.98045749472766 0.5
24 45 34 35 326.53 122552.72419893043 375.31842158126494 0.5
24 43 33 34 148.2 42066.00123067027 283.84616215027177 0.28
24 41 32 33 113.84 23314.828265595912 204.80348089947216 0.5
24 39 31 32 113.41 20161.937176112293 177.7791832828877 0.44
24 37 30 31 117.28 16239.188137199317 138.46511031036252 0.5
24 35 29 30 111.13 10181.00988457665 91.61351466369702 0.25
24 33 28 29 189.53 12122.160282291665 63.95905810315868 0.5
24 31 27 28 165.05 6490.3289869379805 39.32341100840945 0.5
24 29 26 27 195.07 3734.909937973874 19.146511190720634 0.5
24 27 25 26 325.07 2073.983221759852 6.38011265807319 0.5
25 62 43 44 242.94 259179.660804728 1066.846385135128 0.5
25 60 42 43 244.74 240670.90634848256 983.3738103639885 0.5
25 58 41 42 298.41 249113.95322569253 834.8043069122767 0.5
25 56 40 41 166.99 124254.78485956287 744.08518390061 0.5
25 54 39 40 224.74 151384.24325288858 673.5972379322264 0.5
25 52 38 39 171.21 99116.07143406937 578.9152002457179 0.06
25 50 37 38 186.57 86592.12837241148 464.1267533494746 0.5
25 48 36 37 239.33 95195.03547328571 397.7563843784135 0.5
25 46 35 36 209.96 76131.91766277964 362.60200830053174 0.5
25 44 34 35 300.68 92196.41143574905 306.6263517219271 0.41
25 42 33 34 187.79 42578.66266449011 226.73551661158803 0.32
25 40 32 33 118.82 18836.92638856043 158.53329732839953 0.13
25 38 31 32 117.36 15614.978783861896 133.05196646099094 0.18
25 36 30 31 121.98 11929.44204506807 97.79834436028914 0.05
25 34 29 30 118.83 7298.700870424721 61.42136556782564 0.5
25 32 28 29 187.85 6948.486590782719 36.98954799458461 0.5
25 30 27 28 179.49 3513.7814834881656 19.576474920542456 0.5
25 28 26 27 308.03 1920.4251728719069 6.234539404836889 0.5
26 63 44 45 220.31 242357.03863453495 1100.072800302006 0.5
26 61 43 44 242.63 232716.27818973214 959.1405769679435 0.31
26 59 42 43 208.59 182908.39212018807 876.8799660587184 0.5
26 57 41 42 226.25 166091.45888204474 734.1058956112474 0.5
26 55 40 41 172.71 112612.32410043075 652.0312900262333 0.5
26 53 39 40 217.41 127095.06235329619 584.587012342101 0.21
26 51 38 39 171.49 84830.1384619882 494.66521932467316 0.5
26 49 37 38 228.8 90257.86084950049 394.4836575590056 0.5
26 47 36 37 287.0 95673.19345267725 333.35607474800435 0.5
26 45 35 36 219.29 65405.79135587636 298.2616232198293 0.5
26 43 34 35 299.51 73462.84747830567 245.2767769967803 0.5
26 41 33 34 184.74 32483.799469201713 175.8352250146244 0.14
26 39 32 33 127.67 15244.94893482841 119.4090149199374 0.18
26 37 31 32 125.66 11868.29184503104 94.44765116211238 0.25
26 35 30 31 127.15 8360.895220474897 65.75615588261813 0.5
26 33 29 30 131.8 4838.872532607582 36.713752144215334 0.35
26 31 28 29 211.1 3907.1109068952296 18.50834157695514 0.5
26 29 27 28 228.33 1456.623098898163 6.379464366917019 0.5
27 64 45 46 307.0 348191.82679052156 1134.1753315652168 0.5
27 62 44 45 215.55 212826.75197509382 987.3660495249076 0.43
27 60 43 44 237.44 203171.44724146146 855.6748957271793 0.5
27 58 42 43 157.09 121918.39023333589 776.1053551043088 0.5
27 56 41 42 187.22 120064.1718365091 641.2999243484088 0.5
27 54 40 41 178.78 101200.80215695809 566.0633301093975 0.5
27 52 39 40 218.59 109666.6886482979 501.7003918216657 0.5
27 50 38 39 198.53 82877.25577093058 417.4545699437394 0.08
27 48 37 38 258.71 85942.71751278073 332.1971223098478 0.5
27 46 36 37 292.12 80138.74706356494 274.3350234957036 0.5
27 44 35 36 220.66 52891.931700601686 239.69877504124756 0.5
27 42 34 35 308.73 59214.709767313434 191.80095801287024 0.5
27 40 33 34 188.67 24952.45297505519 132.25448123737314 0.45
27 38 32 33 131.6 11306.818468746404 85.91807347071736 0.24
27 36 31 32 134.71 8465.919207359402 62.845514121887035 0.42
27 34 30 31 139.91 5639.2859140397895 40.30652500921871 0.41
27 32 29 30 145.96 2601.4806756657435 17.8232438727442 0.27
27 30 28 29 214.98 1351.9207754850784 6.288588591892633 0.5
28 65 46 47 230.26 257844.5669453587 1119.797476528093 0.5
28 63 45 46 234.06 238616.7592921328 1019.4683384266119 0.3
28 61 44 45 177.22 156577.36403783882 883.5197158212326 0.5
28 59 43 44 200.78 152362.6350422558 758.8536459919105 0.5
28 57 42 43 193.98 131497.63759673957 677.8927600615506 0.5
28 55 41 42 162.22 90487.89185735391 557.8097143222409 0.5
28 53 40 41 176.25 85835.86999605148 487.01202834639133 0.5
28 51 39 40 212.93 90306.78887494892 424.114915112708 0.37
28 49 38 39 217.47 76231.58329104817 350.53838824227785 0.34
28 47 37 38 267.01 73259.96637761235 274.37162045471086 0.5
28 45 36 37 283.12 62741.66636766448 221.60803322854085 0.5
28 43 35 36 220.46 41279.21349486477 187.24128410988286 0.5
28 41 34 35 289.26 41679.84370028748 144.09128016416884 0.37
28 39 33 34 196.57 18773.761688665658 95.50674919197058 0.29
28 37 32 33 138.55 7929.061624145293 57.22888216633195 0.18
28 35 31 32 139.25 5354.272693660664 38.45079133688089 0.41
28 33 30 31 157.68 3213.7419702328743 20.38141787311564 0.5
28 31 29 30 199.55 1212.5790741172605 6.076567647793838 0.38
29 66 47 48 324.88 370602.7946126864 1140.7374864955873 0.5
29 64 46 47 212.18 213729.36239809598 1007.3021132910546 0.14
29 62 45 46 204.81 185798.8308459218 907.1765580094809 0.5
29 60 44 45 174.0 135853.10909405464 780.7649947934175 0.5
29 58 43 44 213.94 142173.36113357003 664.5478224435357 0.5
29 56 42 43 223.4 130682.00814067543 584.9687025097378 0.42
29 54 41 42 161.53 77162.1065710124 477.69520566465917 0.5
29 52 40 41 165.8 68216.08179916521 411.4359577754235 0.5
29 50 39 40 252.87 88832.0702070828 351.2954095269617 0.5
29 48 38 39 252.58 73032.87343482398 289.1474916257185 0.23
29 46 37 38 269.67 59356.628338967676 220.10838557855035 0.5
29 44 36 37 279.27 48193.20016643063 172.568482710032 0.5
29 42 35 36 227.46 32003.768371614187 140.7006435048544 0.33
29 40 34 35 282.32 29013.348171339214 102.7675976598867 0.41
29 38 33 34 199.61 12745.613753159338 63.85258129933038 0.42
29 36 32 33 148.15 5032.143790316774 33.96654600281319 0.16
29 34 31 32 163.17 3205.156029764318 19.64304731117435 0.43
29 32 30 31 181.17 1177.0575964691336 6.496978508964695 0.5
30 67 48 49 376.16 442538.6645106767 1176.4639103325092 0.5
30 65 47 48 286.49 292870.7406354004 1022.2721234088464 0.24
30 63 46 47 237.03 212123.998547356 894.9246869483019 0.4
30 61 45 46 205.89 165038.24801232474 801.5845743471016 0.11
30 59 44 45 181.4 123857.13116457062 682.7846260450419 0.5
30 57 43 44 202.67 115767.63372300909 571.2124819806044 0.3
30 55 42 43 221.14 110567.85103165125 499.99028231731603 0.5
30 53 41 42 149.8 60357.45821795818 402.92028182882626 0.5
30 51 40 41 158.54 53879.468246090786 339.84778759991667 0.5
30 49 39 40 260.92 74990.06409502793 287.40634713716054 0.34
30 47 38 39 243.13 56300.86985292366 231.5669388924594 0.44
30 45 37 38 257.06 44032.790813576044 171.29382561882846 0.5
30 43 36 37 267.53 34398.87732859943 128.57951380629999 0.5
30 41 35 36 211.41 21010.47828081147 99.38261331446701 0.42
30 39 34 35 288.86 19736.442930696754 68.32528882744843 0.4
30 37 33 34 205.29 7701.493477574889 37.51519059659452 0.37
30 35 32 33 155.38 2635.7151881170234 16.963027340179067 0.13
30 33 31 32 227.02 1465.2160221221184 6.454127487102979 0.5
31 68 49 50 294.26 327009.5408046436 1111.2945721628614 0.28
31 66 48 49 370.4 392477.6266170909 1059.604823480267 0.3
31 64 47 48 247.76 226855.15373071752 915.6246114413849 0.5
31 62 46 47 241.4 191246.94278210416 792.2408565952948 0.22
31 60 45 46 200.54 141213.1287768661 704.1644000043188 0.5
31 58 44 45 174.53 103636.51159741805 593.8034240383777 0.41
31 56 43 44 190.81 93251.1906637903 488.71228270945073 0.46
31 54 42 43 210.8 89374.24830028281 423.9765099633909 0.5
31 52 41 42 139.29 46850.50758319876 336.35226924545026 0.5
31 50 40 41 179.13 49669.971684726894 277.28449553244513 0.5
31 48 39 40 310.72 72408.57214975075 233.03479708338938 0.5
31 46 38 39 240.8 43735.15265518773 181.62438810293906 0.15
31 44 37 38 246.42 31906.973794133406 129.48207854124425 0.5
31 42 36 37 271.28 25168.549335428877 92.77701760332084 0.5
31 40 35 36 207.52 13856.4689203174 66.77172764223882 0.5
31 38 34 35 289.62 12058.639958569824 41.636074713658665 0.32
31 36 33 34 231.43 4350.261440055857 18.797309942772575 0.37
31 34 32 33 234.63 1406.6305544289798 5.995101028977453 0.5
32 69 50 51 316.94 317878.7693322682 1002.9619780787159 0.5
32 67 49 50 279.49 278708.1916026086 997.2027321285506 0.08
32 65 48 49 382.71 361601.4518104872 944.8445345313351 0.5
32 63 47 48 223.76 180972.51588406484 808.7795668755133 0.5
32 61 46 47 230.17 160077.949334856 695.4770358207239 0.24
32 59 45 46 197.15 120478.28848445625 611.0996118917385 0.5
32 57 44 45 167.66 84761.82566633218 505.55782933515553 0.5
32 55 43 44 180.83 74723.2936813521 413.223987620152 0.04
32 53 42 43 196.68 69425.72872669816 352.9882485595798 0.5
32 51 41 42 133.95 36607.746508614844 273.2941135394912 0.5
32 49 40 41 196.25 43668.79417448194 222.51614865978058 0.5
32 47 39 40 292.52 53272.864803708944 182.1169998759365 0.38
32 45 38 39 233.77 32004.058128138997 136.9040429830132 0.11
32 43 37 38 250.11 23075.154327919085 92.26002290159963 0.5
32 41 36 37 255.67 15691.617994302507 61.37449835452931 0.5
32 39 35 36 238.84 9597.777501074032 40.184966927960275 0.5
32 37 34 35 313.81 6422.842743509562 20.46729786657392 0.5
32 35 33 34 277.04 1764.852164120121 6.370387540139045 0.31
33 70 51 52 79.12 78880.67326965385 996.9751424374855 0.5
33 68 50 51 308.0 275591.00847865175 894.7760015540641 0.3
33 66 49 50 266.21 235369.20605281275 884.1486272221658 0.15
33 64 48 49 378.63 314984.8466377612 831.9067338503585 0.4
33 62 47 48 215.79 151607.30547065198 702.5687264036887 0.5
33 60 46 47 220.44 131907.56877656182 598.383091891498 0.16
33 58 45 46 185.2 96182.7013989821 519.3450399513073 0.5
33 56 44 45 158.18 66657.67405303924 421.40393256441547 0.34
33 54 43 44 175.11 59591.13138698767 340.3068436239373 0.5
33 52 42 43 179.41 51114.66097592237 284.9041913824334 0.5
33 50 41 42 164.41 35228.869463396884 214.2744934213058 0.5
33 48 40 41 231.16 39837.569479927515 172.33764267142894 0.5
33 46 39 40 299.23 40361.4974078188 134.88452831540553 0.5
33 44 38 39 234.5 22553.554493822863 96.17720466448982 0.15
33 42 37 38 280.71 16939.876095751 60.346535911620535 0.15
33 40 36 37 265.2 9477.976393990675 35.738975844610394 0.5
33 38 35 36 269.36 5249.3437982297 19.4882083391361 0.5
33 36 34 35 368.23 2352.663371186838 6.389113790801504 0.5
34 69 51 52 92.33 82682.62292257436 895.5119995946535 0.27
34 67 50 51 301.17 240155.04161012665 797.4069183853858 0.5
34 65 49 50 262.24 205170.72560191952 782.3776906723593 0.33
34 63 48 49 377.03 274636.5133372695 728.4208506942936 0.5
34 61 47 48 197.05 120350.59329708069 610.761701583764 0.23
34 59 46 47 222.72 114358.0837895315 513.4612239113304 0.5
34 57 45 46 180.75 78837.16835111358 436.16690650685246 0.27
34 55 44 45 159.67 56016.028750104924 350.82375368012106 0.5
34 53 43 44 172.23 47899.37500397245 278.11284331401293 0.17
34 51 42 43 192.73 43590.03153581685 226.17149139115267 0.5
34 49 41 42 185.49 31020.18519956626 167.23373335255948 0.5
34 47 40 41 248.72 32325.138690196294 129.96598058136175 0.5
34 45 39 40 311.44 30190.64589113206 96.93888354460589 0.25
34 43 38 39 266.87 17070.20859998094 63.964509311578446 0.05
34 41 37 38 306.33 10985.23497174046 35.86078729390024 0.5
34 39 36 37 336.77 6034.316327192025 17.91821221365331 0.5
34 37 35 36 358.34 2272.500017777189 6.341742528819526 0.5
35 70 52 53 71.8 66715.4567850118 929.1846348887437 0.5
35 68 51 52 96.96 77735.15218826075 801.7239293343724 0.5
35 66 50 51 308.12 218597.9278106418 709.4571199878028 0.5
35 64 49 50 269.99 186608.94862307629 691.1698530429878 0.28
35 62 48 49 407.38 258453.04839239462 634.4274348087648 0.5
35 60 47 48 196.81 103637.66556216528 526.5873967896208 0.5
35 58 46 47 241.68 105585.25898606994 436.8804161952579 0.26
35 56 45 46 183.48 66662.88348297367 363.3250680345197 0.5
35 54 44 45 174.59 50333.24984551988 288.2940022081441 0.2
35 52 43 44 184.47 41207.75849902062 223.38460724790275 0.5
35 50 42 43 266.97 46892.66901640851 175.64770954192795 0.5
35 48 41 42 253.22 32380.261533109486 127.87402864350955 0.5
35 46 40 41 282.79 26616.71297553597 94.12183236866922 0.5
35 44 39 40 357.33 23413.287171190503 65.52287009540342 0.5
35 42 38 39 340.86 13316.388041739667 39.06703057483913 0.26
35 40 37 38 373.07 6792.43949206009 18.206876704264857 0.38
35 38 36 37 395.25 2443.603608552763 6.1824253220816265 0.5
36 69 52 53 68.24 56724.57607609671 831.2511148314289 0.5
36 67 51 52 98.0 69689.28029556206 711.1151050567556 0.5
36 65 50 51 312.36 195028.84934177928 624.3720365660753 0.5
36 63 49 50 267.64 160909.7183359071 601.2170017034341 0.13
36 61 48 49 434.89 238013.45554492218 547.2957656991933 0.5
36 59 47 48 183.57 82170.3337152361 447.62397840189635 0.5
36 57 46 47 235.28 85276.700672472 362.4477247214893 0.22
36 55 45 46 190.74 56862.78353200425 298.11672188321404 0.14
36 53 44 45 175.98 40710.7042479099 231.33710789811283 0.5
36 51 43 44 199.11 34452.05549945456 173.03026216390217 0.22
36 49 42 43 314.17 41767.650392873176 132.94601773840014 0.5
36 47 41 42 257.24 23789.025098207054 92.47793927152485 0.5
36 45 40 41 291.41 18553.851198006632 63.66923303251992 0.5
36 43 39 40 397.31 15714.553430214773 39.55237328588451 0.5
36 41 38 39 366.86 7170.920986096997 19.546750766224164 0.4
36 39 37 38 579.67 3623.722208833939 6.251353716483412 0.5
37 70 53 54 172.12 144103.49203346012 837.2268884119226 0.5
37 68 52 53 74.02 54310.63524434102 733.7291981132265 0.5
37 66 51 52 99.99 62286.17703061023 622.9240627123736 0.5
37 64 50 51 329.01 178370.99633025698 542.1446045112823 0.5
37 62 49 50 259.69 133336.8804000133 513.4463414071134 0.17
37 60 48 49 406.99 187835.88752719216 461.5245768377409 0.35
37 58 47 48 213.55 79303.35128615305 371.3572993966427 0.5
37 56 46 47 238.07 69780.94737964173 293.11104876566446 0.05
37 54 45 46 201.28 47641.32267112471 236.69178592569907 0.5
37 52 44 45 179.96 32079.23486828646 178.25758428698856 0.2
37 50 43 44 265.44 33848.593011916484 127.5188103221688 0.41
37 48 42 43 395.82 37738.59874132043 95.34282942074789 0.5
37 46 41 42 276.85 16965.043484295285 61.278827828409916 0.5
37 44 40 41 310.06 11716.257174368784 37.78706435647547 0.5
37 42 39 40 468.84 9179.48313011639 19.579138149723555 0.45
37 40 38 39 387.24 2470.239933479212 6.379092897116031 0.5
38 69 53 54 173.34 128238.52321731346 739.8091797468181 0.38
38 67 52 53 80.05 51385.911184173165 641.9226881220883 0.5
38 65 51 52 102.48 55329.74447573527 539.907732979462 0.45
38 63 50 51 318.59 147652.3328649445 463.4556416238567 0.5
38 61 49 50 269.81 117199.71545286776 434.3786940916488 0.28
38 59 48 49 418.06 160355.50776462385 383.5705586868484 0.5
38 57 47 48 222.56 66750.08394819027 299.91950012666365 0.5
38 55 46 47 245.76 57303.447047086556 233.16832294550196 0.18
38 53 45 46 206.52 37780.04283892126 182.93648479043802 0.22
38 51 44 45 200.15 26347.221235614597 131.63737814446463 0.5
38 49 43 44 315.72 28696.75068439455 90.89304030278268 0.35
38 47 42 43 426.17 27064.2680303061 63.50580291974118 0.5
38 45 41 42 302.87 11122.687898574528 36.72429721852454 0.5
38 43 40 41 369.65 6879.322319192211 18.61036742646344 0.5
38 41 39 40 616.55 3910.5688395594393 6.342662946329478 0.5
39 70 54 55 270.45 196675.22795876407 727.2147456415754 0.18
39 68 53 54 175.9 114320.3979627583 649.916986712668 0.5
39 66 52 53 73.83 41285.90845931217 559.2023358974966 0.5
39 64 51 52 101.52 47286.69451981246 465.7869830556783 0.5
39 62 50 51 317.68 124698.21198599394 392.5277385607968 0.26
39 60 49 50 273.7 99244.14533268106 362.6019193740631 0.19
39 58 48 49 417.87 131274.0372683547 314.1504230223627 0.06
39 56 47 48 222.71 53105.054507200846 238.44934896143346 0.5
39 54 46 47 250.84 45435.72675383759 181.13429578152443 0.31
39 52 45 46 207.63 28417.182434324077 136.86453033918065 0.5
39 50 44 45 260.19 24187.12220808217 92.95946119405885 0.28
39 48 43 44 401.6 24689.387499443394 61.47755851455028 0.28
39 46 42 43 446.58 17099.222927597693 38.289271636879604 0.5
39 44 41 42 335.68 6185.616631386719 18.427122948601998 0.5
39 42 40 41 473.75 2976.128875665199 6.282066228317042 0.5
40 69 54 55 260.22 166491.64831554025 639.8111148856361 0.5
40 67 53 54 169.53 95885.44374963871 565.5957278926368 0.25
40 65 52 53 82.18 39579.407200925845 481.61848626096184 0.5
40 63 51 52 103.54 40905.19695223185 395.0666114760657 0.39
40 61 50 51 327.7 107796.30273271249 328.9481316225587 0.5
40 59 49 50 286.33 85244.52014512169 297.71424630713403 0.5
40 57 48 49 440.18 109834.07245970303 249.52081525672006 0.5
40 55 47 48 225.08 41802.46012678509 185.72267694501994 0.5
40 53 46 47 259.78 35340.727723018004 136.04098746253757 0.24
40 51 45 46 231.98 22483.125974077702 96.91838078316107 0.5
40 49 44 45 313.19 19553.918259670325 62.43468265165019 0.5
40 47 43 44 420.41 15675.804569297103 37.28694505196618 0.5
40 45 42 43 508.67 9913.538876994931 19.48913613343608 0.5
40 43 41 42 516.57 3201.4773263656193 6.197567273294266 0.29
41 70 55 56 257.31 165358.20762534512 642.6419790344142 0.5
41 68 54 55 273.22 151793.8297870963 555.5736395106371 0.16
41 66 53 54 169.27 82312.23939946631 486.2777775120595 0.5
41 64 52 53 79.49 32535.26230655585 409.3000667575274 0.03
41 62 51 52 105.38 34631.47872117909 328.63426381836297 0.5
41 60 50 51 323.87 87056.15522900413 268.7996888535651 0.5
41 58 49 50 283.89 67457.59112679583 237.61876475675732 0.22
41 56 48 49 423.23 81269.10183251926 192.02112759615162 0.29
41 54 47 48 237.52 32893.712133508576 138.4881783997498 0.5
41 52 46 47 253.2 24401.82040753382 96.37369829199773 0.31
41 50 45 46 302.03 19106.355833963167 63.25979483482822 0.5
41 48 44 45 395.2 14916.912006036568 37.74522268733949 0.46
41 46 43 44 433.45 8036.732255846934 18.541313313754607 0.5
41 44 42 43 633.35 4097.135263951622 6.468990706483968 0.5
42 69 55 56 233.03 130031.39768530207 558.002822320311 0.4
42 67 54 55 257.05 122424.03662373405 476.26546050859383 0.5
42 65 53 54 167.2 68832.40893742396 411.6770869463155 0.25
42 63 52 53 79.01 26881.588838091615 340.23020931643606 0.5
42 61 51 52 100.12 26939.633737649132 269.0734492374064 0.34
42 59 50 51 319.64 68580.83533114179 214.55648645708231 0.5
42 57 49 50 272.05 49545.095287245145 182.1176081133804 0.17
42 55 48 49 419.03 59978.387011868996 143.13625996198124 0.5
42 53 47 48 215.88 21197.975658645184 98.19332804634605 0.26
42 51 46 47 260.81 16401.400351342978 62.886393740052064 0.47
42 49 45 46 334.67 12629.286730966076 37.736536680808186 0.48
42 47 44 45 381.59 7168.506132632644 18.785885721933607 0.37
42 45 43 44 550.58 3410.1263073107225 6.193698113463479 0.47
43 70 56 57 177.14 92344.70634082465 521.3091698138459 0.5
43 68 55 56 247.5 118868.85887338559 480.27821767024477 0.5
43 66 54 55 253.27 102640.65812522903 405.2618080516012 0.11
43 64 53 54 168.33 58177.29156101954 345.61451649153173 0.5
43 62 52 53 80.54 22445.435478885225 278.68680753520266 0.5
43 60 51 52 107.35 23160.67980367704 215.74922965698224 0.5
43 58 50 51 329.98 55152.92389597244 167.14020212125715 0.5
43 56 49 50 285.04 38654.629682902436 135.6112464317374 0.25
43 54 48 49 446.29 45550.25106547303 102.06424312772643 0.5
43 52 47 48 240.49 15670.486167050387 65.16065602332898 0.5
43 50 46 47 373.9 13807.984096671538 36.929617803347256 0.37
43 48 45 46 482.33 9245.490710685377 19.168392409108655 0.5
43 46 44 45 517.08 3249.415912538897 6.2841647569793775 0.5
44 69 56 57 175.45 78656.94477100177 448.31544469080524 0.5
44 67 55 56 236.67 96329.90766845769 407.02204617593145 0.24
44 65 54 55 259.26 87742.57561441972 338.43468184224224 0.2
44 63 53 54 166.76 47110.5210938791 282.5049238059433 0.13
44 61 52 53 81.24 18165.202398067468 223.5992417290432 0.5
44 59 51 52 111.11 18647.320362167524 167.82756153512307 0.29
44 57 50 51 333.31 41205.7582665804 123.62592861474423 0.5
44 55 49 50 289.42 27907.24967520244 96.42474492157571 0.42
44 53 48 49 453.29 30628.008167884243 67.5682414522364 0.5
44 51 47 48 262.34 9998.411600628206 38.11241747590229 0.42
44 49 46 47 419.68 7678.1038945878645 18.295138902468224 0.5
44 47 45 46 451.97 2872.632637023517 6.3558037857015215 0.5
45 70 57 58 229.78 101385.090188013 441.2267829576682 0.5
45 68 56 57 174.32 66435.67078839411 381.1133019068043 0.41
45 66 55 56 229.92 78484.93180250257 341.3575669907036 0.5
45 64 54 55 248.89 69507.09744078662 279.2683411980659 0.18
45 62 53 54 165.95 37574.8904525872 226.42296144975717 0.3
45 60 52 53 82.36 14371.615827125723 174.49752097044345 0.16
45 58 51 52 111.54 14081.822252162232 126.24907882519483 0.5
45 56 50 51 325.29 28519.568172525578 87.6742850149884 0.5
45 54 49 50 289.78 18594.891406319002 64.16899512153704 0.38
45 52 48 49 443.82 17883.391720308075 40.29424478461555 0.5
45 50 47 48 326.21 6031.391737170339 18.489291368046164 0.5
45 48 46 47 531.93 3291.595714377359 6.188024203142066 0.25
46 69 57 58 218.67 82287.18795746958 376.3076231649041 0.05
46 67 56 57 167.59 53577.36638446602 319.69309854087965 0.5
46 65 55 56 230.41 64860.96469554947 281.5023857278307 0.23
46 63 54 55 241.83 54311.45139916925 224.5852516196057 0.15
46 61 53 54 165.99 29543.570906364606 177.98404064319902 0.08
46 59 52 53 89.82 11859.191732952082 132.03286275831755 0.5
46 57 51 52 115.75 10374.92380624675 89.63217111228293 0.08
46 55 50 51 329.07 19341.035765956967 58.774837469100696 0.5
46 53 49 50 289.38 11186.758622473788 38.657677180433296 0.31
46 51 48 49 488.65 9688.76600473359 19.82761895985591 0.5
46 49 47 48 330.28 2045.4085415912655 6.19295307494025 0.5
47 70 58 59 210.97 86001.43273928892 407.6476880091431 0.19
47 68 57 58 224.34 70784.79598785256 315.52463220046604 0.5
47 66 56 57 160.82 42421.01335680797 263.77946372844156 0.36
47 64 55 56 224.24 51068.97448005382 227.74248341087147 0.5
47 62 54 55 240.5 42186.61792749936 175.4121327546751 0.12
47 60 53 54 169.56 22779.73004805797 134.34613144643765 0.19
47 58 52 53 94.37 8959.551708345638 94.940677210402 0.38
47 56 51 52 122.84 7302.26156021125 59.44530739344879 0.5
47 54 50 51 343.41 12116.954819269591 35.2842224142267 0.5
47 52 49 50 290.45 5594.006263502631 19.25979088828587 0.5
47 50 48 49 644.21 4096.981554597122 6.359698785484737 0.5
48 69 58 59 196.81 67473.91134672685 342.83781996202856 0.5
48 67 57 58 209.96 54637.03487308753 260.2259233810608 0.15
48 65 56 57 159.26 33941.132136759974 213.11774542735134 0.5
48 63 55 56 212.59 37935.481695684095 178.44433743677547 0.13
48 61 54 55 232.98 31087.28000018826 133.43325607429077 0.18
48 59 53 54 178.05 17309.632622418783 97.21781871619648 0.1
48 57 52 53 104.76 6603.109890148384 63.03083133016784 0.48
48 55 51 52 119.97 4324.92541529802 36.05005764189398 0.26
48 53 50 51 304.08 5423.648706434748 17.836255940656237 0.5
48 51 49 50 271.39 1720.09876461596 6.338106653214783 0.41
49 70 59 60 244.14 85217.74773351288 349.0527882916068 0.5
49 68 58 59 213.71 60647.53385555476 283.78425836673415 0.5
49 66 57 58 212.71 44956.67115001007 211.3519399652582 0.5
49 64 56 57 159.54 26971.638040196587 169.05878174875636 0.43
49 62 55 56 219.87 29820.36379720624 135.62725154503224 0.5
49 60 54 55 242.25 23501.935785566497 97.01521480110009 0.2
49 58 53 54 195.0 12903.145307029576 66.169975933485 0.15
49 56 52 53 120.76 4610.498206525835 38.179017940757156 0.4
49 54 51 52 155.54 2873.623077657034 18.475138727382244 0.5
49 52 50 51 359.18 2213.8211992566944 6.163542511433527 0.5
50 69 59 60 239.45 68924.79340914347 287.84628694568164 0.3
50 67 58 59 202.53 46276.94102989926 228.49425285093199 0.5
50 65 57 58 211.06 34996.24532219423 165.81183228557865 0.33
50 63 56 57 152.84 19494.473074790254 127.54824047886844 0.5
50 61 55 56 210.45 20678.946778298938 98.260616670463 0.28
50 59 54 55 245.92 16115.147905969481 65.53004190781344 0.2
50 57 53 54 214.44 8445.428157803444 39.38364184761912 0.5
50 55 52 53 136.51 2641.626250576063 19.35115559721678 0.5
50 53 51 52 145.53 919.1154912955548 6.3156427629736465 0.5
51 70 60 61 169.48 47714.61714118885 281.5353855392309 0.24
51 68 59 60 240.17 55151.66751682348 229.6359558513698 0.5
51 66 58 59 191.68 34047.73100301426 177.62797893893082 0.35
51 64 57 58 202.66 25272.012406489608 124.70153166135206 0.41
51 62 56 57 145.04 13117.816971020331 90.44275352330621 0.5
51 60 55 56 204.69 13328.448534096342 65.11528914014531 0.5
51 58 54 55 248.23 9688.743062739148 39.031313953749134 0.35
51 56 53 54 211.02 4045.29088795027 19.170177651171784 0.07
51 54 52 53 223.2 1416.2477033749697 6.345195803651298 0.5
52 69 60 61 158.5 35686.54393161805 225.1516967294514 0.45
52 67 59 60 215.14 38320.92108776132 178.12085659459572 0.46
52 65 58 59 187.08 24890.524890245924 133.0474924644319 0.5
52 63 57 58 183.55 16251.66153278291 88.54078743003491 0.4
52 61 56 57 133.24 8047.457493614061 60.3982099490698 0.5
52 59 55 56 197.96 7718.817427454707 38.99180353331333 0.45
52 57 54 55 263.49 4981.216509480204 18.904764922692337 0.4
52 55 53 54 218.15 1381.4099035665415 6.332385530903238 0.38
53 70 61 62 142.18 33009.2272343232 232.16505299144185 0.49
53 68 60 61 156.16 27405.805004266353 175.49823901297614 0.22
53 66 59 60 204.97 27536.404772366164 134.3435857557992 0.5
53 64 58 59 178.16 17114.022255343913 96.05984651629946 0.5
53 62 57 58 191.0 11277.720617882189 59.04565768524706 0.5
53 60 56 57 141.94 5163.366069715204 36.377103492427814 0.5
53 58 55 56 245.75 4830.631963608931 19.65669161183695 0.43
53 56 54 55 358.03 2219.5665573503725 6.199387083066706 0.5
54 69 61 62 152.91 27760.023875255363 181.54485563570313 0.08
54 67 60 61 164.81 21767.214571624198 132.07459845655117 0.36
54 65 59 60 232.17 22412.28295071609 96.53393182028725 0.5
54 63 58 59 208.09 13346.211776595685 64.13672822622752 0.5
54 61 57 58 251.51 9026.944556575747 35.89099660679793 0.5
54 59 56 57 206.97 3819.55668843567 18.454639263833744 0.5
54 57 55 56 386.72 2496.460314834204 6.455472473195603 0.5
55 70 62 63 183.92 31439.787235974236 170.94273181804175 0.09
55 68 61 62 176.49 24074.570381996353 136.40756066630604 0.23
55 66 60 61 181.13 17184.503058479662 94.87386439838603 0.28
55 64 59 60 257.21 16748.548840588 65.11624291663621 0.34
55 62 58 59 251.48 9668.641936670429 38.446961733221045 0.2
55 60 57 58 328.51 5923.479064699804 18.03135084076529 0.5
55 58 56 57 299.82 1878.2836111294835 6.26470419294738 0.5
56 69 62 63 201.64 25987.727989569543 128.88180911312014 0.21
56 67 61 62 184.23 18003.53719645075 97.72315690414564 0.05
56 65 60 61 199.5 12688.374748849812 63.60087593408427 0.48
56 63 59 60 274.59 10727.800021752288 39.06842937380199 0.37
56 61 58 59 311.61 6099.033120307839 19.572648889021018 0.5
56 59 57 58 455.29 2817.5474614817567 6.188467705158814 0.5
57 70 63 64 190.07 24466.39027279637 128.72305083809317 0.5
57 68 62 63 212.19 19371.82354718325 91.2947054393857 0.05
57 66 61 62 178.22 11539.41903080423 64.74817097297851 0.1
57 64 60 61 186.42 7101.706102181384 38.095194196874715 0.5
57 62 59 60 275.91 5283.804262316088 19.1504630579395 0.5
57 60 58 59 349.69 2247.921112344521 6.428325409203927 0.5
58 69 63 64 206.74 18865.893380436693 91.2542003503758 0.18
58 67 62 63 225.6 13549.490823320872 60.05979974876273 0.17
58 65 61 62 212.87 8149.531333128633 38.28407635236827 0.15
58 63 60 61 220.2 4079.812428252428 18.527758529756714 0.29
58 61 59 60 409.54 2581.7659209615426 6.304062902186703 0.5
59 70 64 65 183.58 17682.500853440346 96.32040992177986 0.4
59 68 63 64 232.9 14185.825745442688 60.90951372023481 0.5
59 66 62 63 252.09 9129.483464702149 36.21517499584335 0.25
59 64 61 62 246.2 4788.389074417394 19.449183892840757 0.25
59 62 60 61 276.11 1695.8388492338909 6.141895799622943 0.22
60 69 64 65 205.73 13289.005114339356 64.59439612277916 0.5
60 67 63 64 246.43 9009.978675855904 36.56202035407988 0.16
60 65 62 63 319.14 5792.957879771224 18.151776273018815 0.5
60 63 61 62 319.84 2062.4361931324634 6.448337272175037 0.5
61 70 65 66 223.74 13890.562372878532 62.0835003704234 0.5
61 68 64 65 214.49 8293.049963416268 38.664040111036726 0.5
61 66 63 64 246.18 4508.775163579193 18.31495313826953 0.43
61 64 62 63 294.25 1812.5209742088143 6.159799402578808 0.5
62 69 65 66 234.52 8831.997181793697 37.659889057622784 0.5
62 67 64 65 209.97 4089.0723559524467 19.47455520289778 0.3
62 65 63 64 331.56 2054.3100315896354 6.195892241493652 0.5
63 70 66 67 204.2 7660.6830942870565 37.51558812089646 0.09
63 68 65 66 312.21 5793.142015999345 18.55527374523348 0.5
63 66 64 65 305.44 1963.7135531480203 6.429130281390847 0.5
64 69 66 67 258.35 4856.412740033572 18.797804296626946 0.5
64 67 65 66 338.3 2074.0288590485097 6.130738572416522 0.29
65 70 67 68 244.53 4500.534163646326 18.404834431956512 0.5
65 68 66 67 281.93 1787.4766908453714 6.340143620208461 0.5
66 69 67 68 285.15 1768.5008407587616 6.202001896401058 0.5
67 70 68 69 380.84 2370.929497348173 6.225526460844904 0.5
