72
# x y z
15.13128706574	1614.4322151815	0
15.971914125263	1614.2480817522	0
17.092750204309	1614.0017802685	0
17.933377262895	1613.8896490494	0
19.054213341941	1613.6640943179	0
19.894840401464	1613.4531806812	0
21.01567648051	1613.2017060473	0
22.136512559555	1613.0209612165	0
22.977139618163	1612.7839906162	0
24.097975697208	1612.4704513359	0
24.938602756711	1612.2799935018	0
26.059438835756	1612.0233888554	0
26.900065894364	1611.8127028387	0
28.020901973409	1611.4935477121	0
28.861529032912	1611.2661169525	0
29.982365111957	1610.9320909696	0
31.103201191003	1610.6332943565	0
31.94382824961	1610.3988909041	0
33.064664328656	1610.025215627	0
33.905291388159	1609.6969226656	0
35.026127467204	1609.273055992	0
35.866754526728	1608.9762645137	0
36.987590604857	1608.6083213405	0
38.108426683902	1608.2923235213	0
38.949053743405	1607.9791718677	0
40.069889822451	1607.5638687784	0
40.910516881974	1607.2027089205	0
42.031352960103	1606.7101178852	0
42.871980019606	1606.3922779973	0
43.992816098652	1605.8915568952	0
45.113652177718	1605.5141987047	0
45.954279237221	1605.2987675488	0
47.07511531535	1605.1190249794	0
47.915742374874	1605.5260009765	0
49.036578453919	1606.3123136821	0
49.877205513422	1606.6963135379	0
50.998041592467	1607.274444045	0
52.118877670596	1608.0306414839	0
52.95950473012	1608.5139866878	0
54.080340809166	1609.1804639773	0
54.920967868668	1609.5609066613	0
56.041803947714	1610.221126547	0
56.882431006321	1610.673374109	0
58.003267085367	1611.3347461671	0
59.124103164412	1612.0321219308	0
59.964730223915	1612.5118527521	0
61.08556630296	1613.134070834	0
61.926193361568	1613.5942860079	0
63.047029440613	1614.1662248883	0
63.887656500116	1614.5491071429	0
65.008492579161	1615.2045999399	0
66.129328658207	1615.8033413614	0
66.969955716814	1616.2616465479	0
68.09079179586	1616.764310679	0
68.931418855383	1617.1658761161	0
70.052254934429	1617.656704016	0
70.892881993015	1617.9890029638	0
72.013718072061	1618.5044395044	0
73.134554151106	1618.9392016417	0
73.97518121063	1619.4065547169	0
75.096017289675	1619.7860661175	0
75.936644348262	1620.0922625165	0
77.057480427307	1620.5294926769	0
77.898107486831	1620.8283593505	0
79.018943565876	1621.1782520266	0
80.139779644922	1621.5498573094	0
80.980406703508	1621.8616524219	0
82.101242782554	1622.2570103236	0
82.941869842078	1622.6144373996	0
84.062705921123	1622.9506321957	0
84.903332980626	1623.1735509429	0
86.024169058755	1623.4939937733	0
1065
# g s err t valid 
2	1	1.00234220858672e-04	1.76213155102337e-03	1
3	1	2.20384714217506e-04	4.55531254585747e-03	1
4	1	3.09167223954526e-04	5.35590489320927e-03	1
5	1	4.28859854748732e-04	9.06254470705093e-03	1
6	1	5.19471323683689e-04	1.04599042271517e-02	1
7	1	6.39658249301708e-04	1.26134248973681e-02	1
8	1	7.38438910148116e-04	1.46578302971703e-02	1
9	1	7.72065097360361e-04	1.51457321526571e-02	1
10	1	8.21965711837688e-04	1.66532787667502e-02	1
11	1	8.51232999237280e-04	1.63670191468572e-02	1
12	1	8.99044408435000e-04	1.68768814942820e-02	1
13	1	9.40208983176775e-04	1.90035815054971e-02	1
14	1	9.68696787495349e-04	1.89873666891406e-02	1
15	1	9.93089702454962e-04	1.86987002167263e-02	1
16	1	1.02952090651187e-03	2.18546759089994e-02	1
17	1	1.05849067040597e-03	2.03005392411565e-02	1
18	1	1.08142695216297e-03	2.05148962387266e-02	1
19	1	1.11215750830424e-03	1.96880775542247e-02	1
20	1	1.13602649083036e-03	2.39288328102376e-02	1
21	1	1.16772932553138e-03	2.42362640849063e-02	1
22	1	1.18723290994946e-03	2.39075281957587e-02	1
23	1	1.21846545362039e-03	2.50924185758919e-02	1
24	1	1.25154809265429e-03	2.33620288835469e-02	1
25	1	1.27242755167420e-03	2.41552874100035e-02	1
26	1	1.30419898289651e-03	2.64550870183778e-02	1
27	1	1.32081562177780e-03	2.52188711166952e-02	1
28	1	1.34989374358554e-03	2.64657958964989e-02	1
29	1	1.37177145851722e-03	2.75142309119124e-02	1
30	1	1.39721995952409e-03	2.58642409236104e-02	1
31	1	1.42216903173531e-03	3.03491478859567e-02	1
32	1	1.43733988982699e-03	2.86048546259397e-02	1
33	1	1.45903832532470e-03	2.75814476017832e-02	1
34	1	1.49516673564039e-03	3.08438378196693e-02	1
35	1	1.54842546211640e-03	3.04349479324466e-02	1
36	1	1.57825158602048e-03	3.06129164255458e-02	1
37	1	1.61513250345900e-03	3.01446096600964e-02	1
38	1	1.66098146030244e-03	3.34929530040496e-02	1
39	1	1.68685513051185e-03	3.24217132098840e-02	1
40	1	1.72909339656625e-03	3.47875635919018e-02	1
41	1	1.75196749923174e-03	3.41623937907751e-02	1
42	1	1.79704491669967e-03	3.45126446035767e-02	1
43	1	1.82478717428523e-03	3.81597329799606e-02	1
44	1	1.87367670544100e-03	3.66471605269230e-02	1
45	1	1.91392506463300e-03	3.99158884556868e-02	1
46	1	1.94929809946266e-03	3.56321663046826e-02	1
47	1	1.98291797420879e-03	3.86574688392798e-02	1
48	1	2.01006759058977e-03	3.76408667760385e-02	1
49	1	2.04408118414820e-03	4.10953552169307e-02	1
50	1	2.06948910108413e-03	4.23677376782727e-02	1
51	1	2.09883820886423e-03	4.26818234910720e-02	1
52	1	2.14044280652209e-03	4.05788015090955e-02	1
53	1	2.16618738550281e-03	4.41627672990515e-02	1
54	1	2.19745117065394e-03	4.26112050793233e-02	1
55	1	2.22725646785471e-03	4.24962085365519e-02	1
56	1	2.26079795272676e-03	4.79406820739706e-02	1
57	1	2.29109497683901e-03	4.79167100394105e-02	1
58	1	2.32009267865268e-03	4.45249690205262e-02	1
59	1	2.34780234691431e-03	4.59891034317161e-02	1
60	1	2.38121492582216e-03	4.87452884969434e-02	1
61	1	2.40735350615730e-03	4.98721225493627e-02	1
62	1	2.42283234098754e-03	4.41661028572270e-02	1
63	1	2.45532557037228e-03	5.24208505294279e-02	1
64	1	2.47421549441499e-03	4.64072892006284e-02	1
65	1	2.49585414748384e-03	5.08115076424105e-02	1
66	1	2.51270053741054e-03	5.03847341794818e-02	1
67	1	2.52636584986047e-03	5.39103361719713e-02	1
68	1	2.54638349506282e-03	4.81260604011171e-02	1
69	1	2.56403688651967e-03	4.78408379211038e-02	1
70	1	2.58313772860302e-03	5.47113467727954e-02	1
71	1	2.59148363273421e-03	4.76379560772534e-02	1
72	1	2.60589380966360e-03	5.05388848767249e-02	1
1	6	5.19471323683690e-04	1.07580344086206e-02	1
2	6	4.29237102825018e-04	8.48030229018915e-03	1
3	6	3.09086609466183e-04	6.05405724726055e-03	1
4	6	2.20304099729164e-04	4.11966755228228e-03	1
5	6	1.00611468934957e-04	1.84984738717064e-03	1
7	6	1.30186925618019e-04	2.23260691891935e-03	1
8	6	2.48968351058385e-04	4.84275911949931e-03	1
9	6	3.40483239806122e-04	6.47541234811923e-03	1
10	6	4.62016535979999e-04	8.36980620401164e-03	1
11	6	5.52023700838897e-04	1.11073298182416e-02	1
12	6	6.41527163332223e-04	1.30157468516407e-02	1
13	6	6.82691738073998e-04	1.36014259837757e-02	1
14	6	7.22059812503467e-04	1.24175826918749e-02	1
15	6	7.59180435481862e-04	1.48065475252391e-02	1
16	6	8.03203622708008e-04	1.51932045093749e-02	1
17	6	8.35537240007707e-04	1.72478920767020e-02	1
18	6	8.58473521764711e-04	1.57215273962529e-02	1
19	6	8.89204077905979e-04	1.82180964344815e-02	1
20	6	9.13176760553565e-04	1.67299177915450e-02	1
21	6	9.47046061501981e-04	1.89657771811158e-02	1
22	6	9.71115005012827e-04	1.86497705910468e-02	1
23	6	1.00320400179345e-03	2.17861597255724e-02	1
24	6	1.03904879187858e-03	1.91908985608330e-02	1
25	6	1.06249941441352e-03	2.15076559143028e-02	1
26	6	1.09684577652441e-03	2.01125350589849e-02	1
27	6	1.11523920327028e-03	2.46497207456939e-02	1
28	6	1.14652404232439e-03	2.25449450172004e-02	1
29	6	1.16949950500604e-03	2.28289289966814e-02	1
30	6	1.19906503996748e-03	2.40622381620823e-02	1
31	6	1.23085988882131e-03	2.38472068591820e-02	1
32	6	1.25885536491016e-03	2.33784195330745e-02	1
33	6	1.29659034538477e-03	2.56362266239856e-02	1
34	6	1.34269367634944e-03	2.43979746245669e-02	1
35	6	1.40428455306323e-03	2.97454593025644e-02	1
36	6	1.43521214874672e-03	2.75624742863759e-02	1
37	6	1.47415966757095e-03	2.81913909589206e-02	1
38	6	1.52000862441439e-03	2.99844859712661e-02	1
39	6	1.54588229462381e-03	3.02672369753848e-02	1
40	6	1.58812056067820e-03	3.17395733519909e-02	1
41	6	1.61099466334369e-03	3.29651236094066e-02	1
42	6	1.65607208081162e-03	3.15433072681361e-02	1
43	6	1.68381433839718e-03	3.15397637142093e-02	1
44	6	1.73270386955295e-03	3.43408117927027e-02	1
45	6	1.77295222874495e-03	3.31662355968836e-02	1
46	6	1.80851705507051e-03	3.48079159585376e-02	1
47	6	1.84213692981665e-03	3.81814113655355e-02	1
48	6	1.86928654619763e-03	3.83216347311501e-02	1
49	6	1.90330013975605e-03	3.81510192440906e-02	1
50	6	1.92870805669199e-03	3.84318071053446e-02	1
51	6	1.95805716447208e-03	4.18765985118406e-02	1
52	6	1.99966176212995e-03	3.74910337322557e-02	1
53	6	2.02540634111067e-03	4.08812639786737e-02	1
54	6	2.05667012626180e-03	4.32836588554678e-02	1
55	6	2.08647542346257e-03	3.89239253655554e-02	1
56	6	2.12001690833462e-03	3.88541954155992e-02	1
57	6	2.15031393244686e-03	4.16389912259239e-02	1
58	6	2.17933042554670e-03	4.43721828047700e-02	1
59	6	2.20797955229204e-03	4.54469621842832e-02	1
60	6	2.24139213119988e-03	4.65424202977089e-02	1
61	6	2.26753071153503e-03	4.56985014740807e-02	1
62	6	2.28300954636526e-03	4.38421309526529e-02	1
63	6	2.31593516036991e-03	4.57102323979080e-02	1
64	6	2.33482508441261e-03	4.85408071872344e-02	1
65	6	2.35678207238010e-03	4.66815472079231e-02	1
66	6	2.37365145376553e-03	4.92531024809987e-02	1
67	6	2.38731676621546e-03	4.84409984730472e-02	1
68	6	2.40764553933171e-03	4.71064581222017e-02	1
69	6	2.42529893078856e-03	4.73154198021417e-02	1
70	6	2.44640845824800e-03	4.96111664224726e-02	1
71	6	2.45475436237919e-03	5.00273736182569e-02	1
72	6	2.47002591091892e-03	4.97609922067115e-02	1
1	11	8.51232999237280e-04	1.81961857966497e-02	1
2	11	8.09285247490413e-04	1.58024064929152e-02	1
3	11	7.44774274003339e-04	1.50716642888641e-02	1
4	11	7.06537324196490e-04	1.28330837867503e-02	1
5	11	6.37847648898323e-04	1.18644825224370e-02	1
6	11	5.52023700838897e-04	9.99272433061452e-03	1
7	11	4.31836775220879e-04	8.05769717614263e-03	1
8	11	3.13055349780513e-04	5.87392733669326e-03	1
9	11	2.21540461032776e-04	4.33839653754775e-03	1
10	11	1.00007164858898e-04	1.78724065248172e-03	1
12	11	1.30126406944520e-04	2.33460051979875e-03	1
13	11	2.20458326195608e-04	4.25440635463611e-03	1
14	11	3.41955694280544e-04	6.55247812426364e-03	1
15	11	4.32693051264343e-04	9.23723030652990e-03	1
16	11	5.32680978295871e-04	1.07932456951574e-02	1
17	11	5.88781374605253e-04	1.20015962536890e-02	1
18	11	6.22917973058902e-04	1.10723159709445e-02	1
19	11	6.61570475447976e-04	1.30751648168610e-02	1
20	11	6.85543158095562e-04	1.31868928368613e-02	1
21	11	7.19412459043977e-04	1.32331063393602e-02	1
22	11	7.44203640321509e-04	1.38873664699506e-02	1
23	11	7.80762020420744e-04	1.57728188816470e-02	1
24	11	8.18741775650688e-04	1.56256042167937e-02	1
25	11	8.42795177418607e-04	1.60605743770239e-02	1
26	11	8.79588994914887e-04	1.77897478344166e-02	1
27	11	9.00811399828062e-04	1.55219713783273e-02	1
28	11	9.33785702387902e-04	2.01075849072871e-02	1
29	11	9.58202247711536e-04	1.88994029863267e-02	1
30	11	9.90899300953074e-04	2.10079680865894e-02	1
31	11	1.02269414980691e-03	1.92648303508212e-02	1
32	11	1.05300669958873e-03	2.02355063377016e-02	1
33	11	1.09702118092261e-03	2.13595871355216e-02	1
34	11	1.14471100112246e-03	2.23139152047433e-02	1
35	11	1.20630187783624e-03	2.52552635361010e-02	1
36	11	1.24329958563971e-03	2.46954499836331e-02	1
37	11	1.29688427462461e-03	2.22908771585005e-02	1
38	11	1.35464656125112e-03	2.63231189470199e-02	1
39	11	1.39423689574348e-03	2.82640929066588e-02	1
40	11	1.44650925177137e-03	2.79480640458334e-02	1
41	11	1.46938335443686e-03	2.79534439831329e-02	1
42	11	1.51446077190479e-03	2.99919322617596e-02	1
43	11	1.54302287651951e-03	2.89282345033185e-02	1
44	11	1.59191240767527e-03	3.09119299296483e-02	1
45	11	1.63216076686728e-03	3.37206107655089e-02	1
46	11	1.67213816362327e-03	3.31407735958291e-02	1
47	11	1.70659553381203e-03	3.19471298875162e-02	1
48	11	1.73374515019301e-03	3.44096719864975e-02	1
49	11	1.76775874375144e-03	3.66771628348955e-02	1
50	11	1.79316666068737e-03	3.82679422424533e-02	1
51	11	1.82251576846747e-03	3.69207572674789e-02	1
52	11	1.86412036612533e-03	3.62702498912697e-02	1
53	11	1.88986494510605e-03	3.95749296231736e-02	1
54	11	1.92112873025718e-03	3.79815652609586e-02	1
55	11	1.95093402745795e-03	3.71567582257975e-02	1
56	11	1.98447551233000e-03	3.83562676027214e-02	1
57	11	2.01477253644225e-03	4.11364424685913e-02	1
58	11	2.04378902954208e-03	3.61908816344748e-02	1
59	11	2.07243815628742e-03	4.06465385806965e-02	1
60	11	2.10585073519526e-03	4.00613862610994e-02	1
61	11	2.13198931553041e-03	4.08652469533882e-02	1
62	11	2.14746815036064e-03	4.60611212584994e-02	1
63	11	2.18039376436529e-03	4.20222161545199e-02	1
64	11	2.19928368840799e-03	4.46713228971224e-02	1
65	11	2.22124067637548e-03	4.53405119092075e-02	1
66	11	2.23929639826968e-03	4.23411583448596e-02	1
67	11	2.25296171071961e-03	4.68067688924612e-02	1
68	11	2.27329048383586e-03	4.48615345658163e-02	1
69	11	2.29094387529271e-03	4.81275195546141e-02	1
70	11	2.31256370102908e-03	4.24873101446143e-02	1
71	11	2.32110161842128e-03	4.62219213432203e-02	1
72	11	2.33702733393447e-03	4.45457939012119e-02	1
1	16	1.02952090651187e-03	1.98506995439127e-02	1
2	16	9.91144485603936e-04	2.09386391568988e-02	1
3	16	9.38364380970808e-04	1.86134033636594e-02	1
4	16	9.04177736508530e-04	1.77913646153484e-02	1
5	16	8.50502898754809e-04	1.73508963030348e-02	1
6	16	8.03203622708009e-04	1.45904965144837e-02	1
7	16	7.47471667034339e-04	1.44492691213789e-02	1
8	16	6.93517630670899e-04	1.38910229270977e-02	1
9	16	6.50739475218347e-04	1.23132426611589e-02	1
10	16	5.83261720062921e-04	1.25434862869261e-02	1
11	16	5.32680978295871e-04	1.03317220446833e-02	1
12	16	4.34348096434110e-04	7.64896677794400e-03	1
13	16	3.44016177183023e-04	6.99616870369451e-03	1
14	16	2.22518809098086e-04	3.92321346627087e-03	1
15	16	1.31781452114287e-04	2.54374786055352e-03	1
17	16	1.30703308725842e-04	2.35909433143327e-03	1
18	16	2.21417310590707e-04	4.34528105578488e-03	1
19	16	3.43722332980451e-04	7.31478503267186e-03	1
20	16	4.22047590297942e-04	8.75289930459529e-03	1
21	16	4.74675982278866e-04	9.13062991568194e-03	1
22	16	5.11777261205506e-04	9.16121305046059e-03	1
23	16	5.50836854035388e-04	1.19217167219929e-02	1
24	16	5.88816609265331e-04	1.03542124521646e-02	1
25	16	6.12870011033250e-04	1.24864417390798e-02	1
26	16	6.49663828529531e-04	1.35192077312139e-02	1
27	16	6.71966798136187e-04	1.25222675558985e-02	1
28	16	7.06839728902588e-04	1.50739738787689e-02	1
29	16	7.34485429419601e-04	1.38534273883219e-02	1
30	16	7.72740165612777e-04	1.47883547042356e-02	1
31	16	8.09112986352919e-04	1.56877265224027e-02	1
32	16	8.40091275387211e-04	1.97184013790794e-02	1
33	16	8.85346541655461e-04	1.69641625389496e-02	1
34	16	9.33533407958077e-04	1.84969957197452e-02	1
35	16	9.95124284671860e-04	1.97328653015043e-02	1
36	16	1.03212199247533e-03	1.99337160082399e-02	1
37	16	1.08570668146023e-03	2.08046809406891e-02	1
38	16	1.14346896808674e-03	2.18819908678180e-02	1
39	16	1.18305930257910e-03	2.27940837093349e-02	1
40	16	1.23792429760804e-03	2.51191887368261e-02	1
41	16	1.27370927466801e-03	2.47471993949330e-02	1
42	16	1.33713255480084e-03	2.72839191616099e-02	1
43	16	1.37873322372298e-03	2.63203081014719e-02	1
44	16	1.43460754616669e-03	2.81323725784513e-02	1
45	16	1.47600193375971e-03	2.57551697584988e-02	1
46	16	1.51597933051570e-03	2.95860346029210e-02	1
47	16	1.55591898471894e-03	3.12275037451577e-02	1
48	16	1.58617962533128e-03	3.25116636179478e-02	1
49	16	1.62042174917717e-03	3.15893520470046e-02	1
50	16	1.64592357249574e-03	3.24826611792271e-02	1
51	16	1.67635063691222e-03	3.52349248830972e-02	1
52	16	1.71891172616251e-03	3.45827592236680e-02	1
53	16	1.74465630514323e-03	3.47312052342531e-02	1
54	16	1.77592009029436e-03	3.40875876091051e-02	1
55	16	1.80572538749513e-03	3.62144490245256e-02	1
56	16	1.83926687236718e-03	3.45065905636624e-02	1
57	16	1.86956389647942e-03	4.05797995602011e-02	1
58	16	1.89972918264910e-03	4.06986550153540e-02	1
59	16	1.93100228851336e-03	4.01760047470292e-02	1
60	16	1.96441486742121e-03	3.93406681917158e-02	1
61	16	1.99055344775635e-03	4.17054828114141e-02	1
62	16	2.00603228258659e-03	4.15413001402055e-02	1
63	16	2.03895789659123e-03	3.99245333844480e-02	1
64	16	2.05784782063393e-03	4.27413954303675e-02	1
65	16	2.07980480860143e-03	3.97621847212876e-02	1
66	16	2.09808556120542e-03	4.46149549390453e-02	1
67	16	2.11185431581643e-03	4.33093156630293e-02	1
68	16	2.13294966385567e-03	4.30653142352737e-02	1
69	16	2.15060305531251e-03	4.80734527595492e-02	1
70	16	2.17254354155158e-03	4.78631263843375e-02	1
71	16	2.18156470780638e-03	4.50769357055564e-02	1
72	16	2.19877198351612e-03	4.29147609929811e-02	1
1	21	1.16772932553138e-03	2.44686298139508e-02	1
2	21	1.12935290462344e-03	2.06142585238094e-02	1
3	21	1.07828590223370e-03	2.07871573264328e-02	1
4	21	1.04465632189690e-03	2.16401745060959e-02	1
5	21	9.90981484143176e-04	2.21817894332680e-02	1
6	21	9.47046061501980e-04	1.72499100884635e-02	1
7	21	8.97460748264010e-04	1.88758740838623e-02	1
8	21	8.55246189290175e-04	1.65557881378003e-02	1
9	21	8.14039073822042e-04	1.76860986121177e-02	1
10	21	7.60221681273997e-04	1.50937814095633e-02	1
11	21	7.19412459043977e-04	1.28867913733890e-02	1
12	21	6.68598712008999e-04	1.33480581455045e-02	1
13	21	6.29772349382494e-04	1.15532893435956e-02	1
14	21	5.80476710773629e-04	1.18813273560016e-02	1
15	21	5.36556434932089e-04	1.06965862016142e-02	1
16	21	4.74675982278866e-04	7.68408648152857e-03	1
17	21	4.05581400150031e-04	8.49461769202216e-03	1
18	21	3.49566368384006e-04	6.25004227408489e-03	1
19	21	2.27261345994262e-04	4.05247868924987e-03	1
20	21	1.33900740099328e-04	2.51514909259709e-03	1
22	21	1.01868444002579e-04	1.91631186809455e-03	1
23	21	2.23417974145387e-04	4.06427164289597e-03	1
24	21	3.32449672067848e-04	6.41054243047261e-03	1
25	21	3.63150109609710e-04	6.59129379791215e-03	1
26	21	4.14258541287544e-04	7.64337974128081e-03	1
27	21	4.36561510894201e-04	8.22653752541538e-03	1
28	21	4.71434441660601e-04	9.04402681990155e-03	1
29	21	4.99080142177615e-04	1.03698927040674e-02	1
30	21	5.38267222425729e-04	1.12074460540476e-02	1
31	21	5.77006089909288e-04	1.19691795702378e-02	1
32	21	6.09571369541090e-04	1.30563714231970e-02	1
33	21	6.56835383630383e-04	1.21640706578749e-02	1
34	21	7.05133212173520e-04	1.33084752049739e-02	1
35	21	7.66724088887304e-04	1.55991661889883e-02	1
36	21	8.03721796690777e-04	1.75259290837389e-02	1
37	21	8.57306485675678e-04	1.75359376572409e-02	1
38	21	9.15068772302182e-04	1.74028578891135e-02	1
39	21	9.54659106794542e-04	1.81517418108341e-02	1
40	21	1.00952410182348e-03	1.90034439101023e-02	1
41	21	1.04530907888346e-03	2.12896770278083e-02	1
42	21	1.10873235901628e-03	2.17567304540201e-02	1
43	21	1.15036047194488e-03	2.32029854470971e-02	1
44	21	1.21301817422184e-03	2.18295752640858e-02	1
45	21	1.26445868719045e-03	2.78514242504332e-02	1
46	21	1.31244171738269e-03	2.62394806076951e-02	1
47	21	1.36197663046494e-03	2.76166749744983e-02	1
48	21	1.40003030292788e-03	2.97749943244747e-02	1
49	21	1.44716566963340e-03	2.88777285650943e-02	1
50	21	1.47266749295197e-03	2.92749616834001e-02	1
51	21	1.50489789357409e-03	3.12786385136809e-02	1
52	21	1.55031635543354e-03	3.01446871499449e-02	1
53	21	1.57606093441426e-03	3.47584187741830e-02	1
54	21	1.60732471956540e-03	3.07605602182848e-02	1
55	21	1.63713001676617e-03	3.42226114692344e-02	1
56	21	1.67067150163822e-03	3.05313266802083e-02	1
57	21	1.70096852575046e-03	3.23133332835270e-02	1
58	21	1.73113381192013e-03	3.32153918787647e-02	1
59	21	1.76344674659028e-03	3.54681513979167e-02	1
60	21	1.79780673903854e-03	3.56966444667343e-02	1
61	21	1.82463711635031e-03	3.80935239581174e-02	1
62	21	1.84011595118054e-03	3.73281915881750e-02	1
63	21	1.87304156518519e-03	3.33785904103178e-02	1
64	21	1.89193148922789e-03	3.95217379623593e-02	1
65	21	1.91388847719538e-03	4.04075339987936e-02	1
66	21	1.93216922979938e-03	3.44524523384859e-02	1
67	21	1.94593798441038e-03	3.81453811907961e-02	1
68	21	1.96703333244962e-03	4.03262038091659e-02	1
69	21	1.98468672390647e-03	4.25373728615493e-02	1
70	21	2.00662721014554e-03	3.73178322662173e-02	1
71	21	2.01564837640034e-03	3.67692194296051e-02	1
72	21	2.03307222469527e-03	4.17178641097616e-02	1
1	26	1.30419898289651e-03	2.36707603745328e-02	1
2	26	1.26635473963925e-03	2.42722949209488e-02	1
3	26	1.21932501024959e-03	2.43405386858959e-02	1
4	26	1.18997943207429e-03	2.23042598421669e-02	1
5	26	1.13691140207638e-03	2.34619105801180e-02	1
6	26	1.09684577652441e-03	2.21982843161959e-02	1
7	26	1.05024375084258e-03	1.87091423864477e-02	1
8	26	1.01078513635929e-03	1.98042927667468e-02	1
9	26	9.71878001937992e-04	1.90279134542048e-02	1
10	26	9.20398217144906e-04	1.85653441690802e-02	1
11	26	8.79588994914887e-04	1.70238757063089e-02	1
12	26	8.28775247879909e-04	1.66006878558404e-02	1
13	26	7.89948885253403e-04	1.63885126341589e-02	1
14	26	7.40653246644539e-04	1.30626855235991e-02	1
15	26	6.99578944339495e-04	1.29991339385385e-02	1
16	26	6.49663828529531e-04	1.35467886700093e-02	1
17	26	5.92546314937633e-04	1.10981206682674e-02	1
18	26	5.63725758971049e-04	1.19365673228669e-02	1
19	26	5.08368023891778e-04	1.04367734710000e-02	1
20	26	4.65524358381365e-04	9.46491074283314e-03	1
21	26	4.14258541287544e-04	8.07492712742264e-03	1
22	26	3.65126479882476e-04	6.91769633764541e-03	1
23	26	3.06435991542246e-04	5.59906788527518e-03	1
24	26	2.25662024144267e-04	4.29294283407282e-03	1
25	26	1.33220243457304e-04	2.56103472570934e-03	1
27	26	1.04718236721399e-04	1.85111372472375e-03	1
28	26	2.17226568867188e-04	3.58008990285136e-03	1
29	26	2.55821829720646e-04	4.82776551163052e-03	1
30	26	2.99341562460261e-04	5.40567193230835e-03	1
31	26	3.38080429943820e-04	6.63629971700740e-03	1
32	26	3.70645709575623e-04	7.29403535825731e-03	1
33	26	4.17909723664916e-04	8.17139696404770e-03	1
34	26	4.66207552208053e-04	8.99694850904657e-03	1
35	26	5.27798428921837e-04	1.06114054910377e-02	1
36	26	5.64796136725310e-04	1.08868124591063e-02	1
37	26	6.18380825710211e-04	1.30373130760578e-02	1
38	26	6.76143112336715e-04	1.40978137611211e-02	1
39	26	7.15733446829075e-04	1.59579566514823e-02	1
40	26	7.70598441858015e-04	1.58387322577976e-02	1
41	26	8.06383418917989e-04	1.63586661431812e-02	1
42	26	8.69806699050813e-04	1.78938025256784e-02	1
43	26	9.11434811979410e-04	1.85438641027730e-02	1
44	26	9.74092514256368e-04	1.87844493494979e-02	1
45	26	1.02553302722498e-03	1.80490339129650e-02	1
46	26	1.07351605741723e-03	2.22368681851600e-02	1
47	26	1.12305097049948e-03	2.13756520317756e-02	1
48	26	1.16110464296241e-03	2.25348731551714e-02	1
49	26	1.20900515896968e-03	2.40383743667012e-02	1
50	26	1.24313679329692e-03	2.51476165831993e-02	1
51	26	1.29603301640181e-03	2.61638674472913e-02	1
52	26	1.35703624345452e-03	2.70685994814432e-02	1
53	26	1.39297733163594e-03	2.68161021560594e-02	1
54	26	1.43129403043352e-03	2.83233789596992e-02	1
55	26	1.47260606111544e-03	2.80006686625244e-02	1
56	26	1.50976101279107e-03	3.02387932856093e-02	1
57	26	1.54005803690332e-03	3.44687238355334e-02	1
58	26	1.57087936671469e-03	2.99471415235669e-02	1
59	26	1.60319230138484e-03	3.04906605349405e-02	1
60	26	1.63755229383309e-03	3.40426607297520e-02	1
61	26	1.66787586709957e-03	3.22126587090178e-02	1
62	26	1.68335470192980e-03	3.27607397887295e-02	1
63	26	1.71715043181875e-03	3.37214511987261e-02	1
64	26	1.73604035586145e-03	3.13128714167187e-02	1
65	26	1.75799734382894e-03	3.23916538380305e-02	1
66	26	1.77627809643294e-03	3.68379221349531e-02	1
67	26	1.79004685104394e-03	3.61131431282413e-02	1
68	26	1.81114219908318e-03	3.42671228975259e-02	1
69	26	1.82879559054003e-03	3.83489285749937e-02	1
70	26	1.85073607677910e-03	3.88487680925297e-02	1
71	26	1.85975724303390e-03	3.63878755865938e-02	1
72	26	1.87718109132883e-03	3.59883327354457e-02	1
1	31	1.42216903173531e-03	2.62259081990633e-02	1
2	31	1.38703787696860e-03	2.71433223842148e-02	1
3	31	1.34452333346793e-03	2.84650968828483e-02	1
4	31	1.32247546560640e-03	2.69006939947184e-02	1
5	31	1.26974275033153e-03	2.49620431339186e-02	1
6	31	1.23085988882131e-03	2.33562461669618e-02	1
7	31	1.18920922140175e-03	2.51219190771990e-02	1
8	31	1.14994403218056e-03	2.24192771078555e-02	1
9	31	1.11186218455901e-03	2.38331092567601e-02	1
10	31	1.06269742151944e-03	2.06769400234868e-02	1
11	31	1.02269414980691e-03	2.29968296681501e-02	1
12	31	9.76838249641459e-04	2.01584441834401e-02	1
13	31	9.40880844291429e-04	1.94745665745182e-02	1
14	31	8.93710799191088e-04	1.80292140053758e-02	1
15	31	8.54559085231786e-04	1.51431956631725e-02	1
16	31	8.09112986352919e-04	1.60847166820688e-02	1
17	31	7.53845265146238e-04	1.47120346686269e-02	1
18	31	7.26392858560035e-04	1.50845072485401e-02	1
19	31	6.71115572513521e-04	1.05130710447837e-02	1
20	31	6.28271907003109e-04	1.27175544659317e-02	1
21	31	5.77006089909288e-04	1.15237816700790e-02	1
22	31	5.32316547816154e-04	1.04236116312338e-02	1
23	31	4.76615486556642e-04	9.65024388677740e-03	1
24	31	4.34000843177155e-04	8.54562162369412e-03	1
25	31	3.89694334691494e-04	7.72052293374663e-03	1
26	31	3.38080429943821e-04	6.74496887546281e-03	1
27	31	2.90163132819578e-04	5.14735556866579e-03	1
28	31	2.33298887304274e-04	4.38366842705656e-03	1
29	31	2.02376617788221e-04	3.95559296824336e-03	1
30	31	1.28854146178315e-04	2.26550296163357e-03	1
32	31	9.81030050568305e-05	1.66836314718181e-03	1
33	31	1.71558246635176e-04	3.29695853380885e-03	1
34	31	2.19856075178313e-04	3.94398683469528e-03	1
35	31	2.81446951892096e-04	5.59399629109594e-03	1
36	31	3.18444659695570e-04	5.91567763664403e-03	1
37	31	3.72029348680471e-04	7.31072494000238e-03	1
38	31	4.29791635306975e-04	8.45827041675914e-03	1
39	31	4.69381969799335e-04	9.04777851310588e-03	1
40	31	5.24246964828274e-04	1.01375242617587e-02	1
41	31	5.60031941888248e-04	1.11335037280386e-02	1
42	31	6.23455222021073e-04	1.30292202820619e-02	1
43	31	6.65083334949670e-04	1.25235957907212e-02	1
44	31	7.27741037226628e-04	1.50966934622741e-02	1
45	31	7.79181550195244e-04	1.53997798612251e-02	1
46	31	8.27164580387488e-04	1.51527835446515e-02	1
47	31	8.76699493469738e-04	1.79568922212663e-02	1
48	31	9.14753165932674e-04	1.58866073307115e-02	1
49	31	9.62653681939944e-04	1.77983844401872e-02	1
50	31	9.96785316267178e-04	2.01532251077854e-02	1
51	31	1.04968153937207e-03	2.06440117599439e-02	1
52	31	1.11068476642478e-03	2.20967207640222e-02	1
53	31	1.14662585460620e-03	2.44090647929109e-02	1
54	31	1.18494255340378e-03	2.31368064270419e-02	1
55	31	1.22625458408570e-03	2.40490735024219e-02	1
56	31	1.27003620009197e-03	2.71090665368248e-02	1
57	31	1.30817561444846e-03	2.49409729713867e-02	1
58	31	1.34803898991639e-03	2.52658922726486e-02	1
59	31	1.39190955307543e-03	2.84095015616022e-02	1
60	31	1.43551327353574e-03	2.79657076997739e-02	1
61	31	1.47585913657670e-03	3.04867171493343e-02	1
62	31	1.49211795224015e-03	2.84812844912692e-02	1
63	31	1.53073520599229e-03	3.09088175780317e-02	1
64	31	1.54972658854159e-03	3.35014997859777e-02	1
65	31	1.57168357650908e-03	3.08389795451766e-02	1
66	31	1.58996432911307e-03	3.30977024060543e-02	1
67	31	1.60373308372408e-03	3.13910516006662e-02	1
68	31	1.62545798141886e-03	3.03896595825407e-02	1
69	31	1.64311137287571e-03	3.13742396197861e-02	1
70	31	1.66505185911477e-03	3.18275252582626e-02	1
71	31	1.67407302536957e-03	3.57558100861538e-02	1
72	31	1.69186541879846e-03	3.32751388120040e-02	1
1	36	1.57825158602048e-03	3.43679638555983e-02	1
2	36	1.55118802300498e-03	3.13292718556642e-02	1
3	36	1.51669361584762e-03	2.99974980958597e-02	1
4	36	1.50444779545641e-03	2.83666586278899e-02	1
5	36	1.45955924344574e-03	2.76580462671074e-02	1
6	36	1.43521214874672e-03	2.87381611251753e-02	1
7	36	1.40312934795328e-03	2.96658006667359e-02	1
8	36	1.36660485669715e-03	2.72804629504284e-02	1
9	36	1.33221643710195e-03	2.70596489051153e-02	1
10	36	1.28330285735224e-03	2.45915881616035e-02	1
11	36	1.24329958563971e-03	2.57045693366752e-02	1
12	36	1.19763445440427e-03	2.20588591971475e-02	1
13	36	1.16257375671671e-03	2.45217811995581e-02	1
14	36	1.11591764110199e-03	2.32164546040906e-02	1
15	36	1.07676592714269e-03	2.28432633582302e-02	1
16	36	1.03212199247533e-03	1.95339015180400e-02	1
17	36	9.76854271268653e-04	2.00837142968540e-02	1
18	36	9.49756769573600e-04	1.92076611850570e-02	1
19	36	8.95614717370793e-04	1.71965999450739e-02	1
20	36	8.54507431899492e-04	1.67375797755823e-02	1
21	36	8.03721796690778e-04	1.70092905014292e-02	1
22	36	7.59032254597644e-04	1.53003067363462e-02	1
23	36	7.03331193338132e-04	1.41351371982124e-02	1
24	36	6.60716549958645e-04	1.23440531799926e-02	1
25	36	6.16410041472984e-04	1.24671476471201e-02	1
26	36	5.64796136725310e-04	1.14412978762844e-02	1
27	36	5.16878839601068e-04	9.72289296517887e-03	1
28	36	4.60014594085764e-04	8.70560939747480e-03	1
29	36	4.30425631527474e-04	8.34657108088470e-03	1
30	36	3.73743846441034e-04	7.00135547047242e-03	1
31	36	3.18444659695570e-04	5.94723714576194e-03	1
32	36	2.80349722259645e-04	5.92334386379791e-03	1
33	36	2.25217462778334e-04	3.95720258501007e-03	1
34	36	1.86483077519077e-04	3.44529225272292e-03	1
35	36	1.03721458525938e-04	1.77452593921959e-03	1
37	36	1.39213550916731e-04	2.62941671714948e-03	1
38	36	2.23406413791944e-04	4.19830370020077e-03	1
39	36	2.63216515585290e-04	5.28458370028093e-03	1
40	36	3.18081510614229e-04	6.43340523523854e-03	1
41	36	3.53866487674203e-04	6.86015403764551e-03	1
42	36	4.17289767807028e-04	8.14931272877700e-03	1
43	36	4.58917880735625e-04	8.12027171142517e-03	1
44	36	5.21679992722633e-04	1.00275908743372e-02	1
45	36	5.73667232040592e-04	1.19558741897718e-02	1
46	36	6.24242510756326e-04	1.15352889668336e-02	1
47	36	6.75633309984312e-04	1.39860928916933e-02	1
48	36	7.16560690170676e-04	1.34814801960847e-02	1
49	36	7.66689062292273e-04	1.50333788502548e-02	1
50	36	8.02010088243838e-04	1.62676224930677e-02	1
51	36	8.55706546606268e-04	1.62520589154883e-02	1
52	36	9.19614970654889e-04	1.77032501663995e-02	1
53	36	9.56494694731180e-04	1.89841340618121e-02	1
54	36	9.96665892820398e-04	1.84231621379787e-02	1
55	36	1.04038540452387e-03	1.90563276805305e-02	1
56	36	1.08518437336426e-03	2.12621090631939e-02	1
57	36	1.12332378772076e-03	2.26027731452295e-02	1
58	36	1.16751255554236e-03	2.35006807094705e-02	1
59	36	1.21180641048060e-03	2.16984425789714e-02	1
60	36	1.25622194799926e-03	2.38287796921316e-02	1
61	36	1.29989946234586e-03	2.60679689514666e-02	1
62	36	1.32527555266859e-03	2.80546587054938e-02	1
63	36	1.37133408784295e-03	2.64977816696393e-02	1
64	36	1.41072796809304e-03	2.89798602144095e-02	1
65	36	1.44418790535538e-03	2.78090325371211e-02	1
66	36	1.47923006735792e-03	2.89684085520540e-02	1
67	36	1.50383244209354e-03	3.14313472586694e-02	1
68	36	1.53763692548540e-03	3.09664887907270e-02	1
69	36	1.56397264993359e-03	3.17555865970264e-02	1
70	36	1.59070352404051e-03	2.88459617994934e-02	1
71	36	1.60348956792180e-03	3.19256104080249e-02	1
72	36	1.62128196135069e-03	3.33034171124350e-02	1
1	41	1.75196749923174e-03	3.35413495078079e-02	1
2	41	1.72490393621624e-03	3.57850664099400e-02	1
3	41	1.69040952905888e-03	3.28357626260122e-02	1
4	41	1.67816370866767e-03	3.61405935420558e-02	1
5	41	1.63327515665699e-03	3.26177010278922e-02	1
6	41	1.61099466334369e-03	3.52706395300020e-02	1
7	41	1.58687382351604e-03	3.49565272059037e-02	1
8	41	1.55511235671081e-03	2.99407735330709e-02	1
9	41	1.53191775376791e-03	2.87952362542159e-02	1
10	41	1.49636985721181e-03	3.09932045937986e-02	1
11	41	1.46938335443686e-03	3.11616428571500e-02	1
12	41	1.43922173659694e-03	2.51708602153971e-02	1
13	41	1.40416103890939e-03	2.69225572110753e-02	1
14	41	1.35750492329467e-03	2.40674634136555e-02	1
15	41	1.31835320933536e-03	2.39792701599153e-02	1
16	41	1.27370927466801e-03	2.56479778524241e-02	1
17	41	1.21844155346133e-03	2.29490635157683e-02	1
18	41	1.19134405176628e-03	2.20001859093417e-02	1
19	41	1.13720199956347e-03	2.13051138985528e-02	1
20	41	1.09609471409217e-03	2.22067853160677e-02	1
21	41	1.04530907888346e-03	2.20161053352970e-02	1
22	41	1.00061953679032e-03	2.02945340571498e-02	1
23	41	9.44918475530809e-04	1.91704272957711e-02	1
24	41	9.02303832151322e-04	1.76774330907915e-02	1
25	41	8.57997323665662e-04	1.70857874612992e-02	1
26	41	8.06383418917988e-04	1.57032984102421e-02	1
27	41	7.58466121793746e-04	1.44748537994466e-02	1
28	41	7.01601876278442e-04	1.21189780306038e-02	1
29	41	6.72012913720152e-04	1.36794745608652e-02	1
30	41	6.15331128633712e-04	1.18931261282249e-02	1
31	41	5.60031941888248e-04	1.09823325777605e-02	1
32	41	5.21937004452323e-04	1.01497691514530e-02	1
33	41	4.66804744971012e-04	9.43533837592324e-03	1
34	41	4.28070359711756e-04	8.54693557249788e-03	1
35	41	3.88474935328833e-04	7.46085273785011e-03	1
36	41	3.53866487674203e-04	7.12605934278286e-03	1
37	41	3.10308295079827e-04	5.86291131292187e-03	1
38	41	2.61250634732957e-04	4.97583674536160e-03	1
39	41	2.17765500240871e-04	4.19305911643429e-03	1
40	41	1.04767100385049e-04	1.84819434269202e-03	1
42	41	1.43026149026451e-04	2.57176043040879e-03	1
43	41	2.40971558039027e-04	4.62314176240316e-03	1
44	41	3.20719293338532e-04	6.15507822633252e-03	1
45	41	3.87633620180215e-04	7.48171909515255e-03	1
46	41	4.38208898895948e-04	8.76911542606858e-03	1
47	41	4.89599698123934e-04	1.00545481094445e-02	1
48	41	5.30933311363775e-04	1.11790780461118e-02	1
49	41	5.82433612021662e-04	1.15913136543841e-02	1
50	41	6.20070199221114e-04	1.21205144422732e-02	1
51	41	6.77802144355392e-04	1.36504224680625e-02	1
52	41	7.43229802934713e-04	1.42324415196762e-02	1
53	41	7.82290144395687e-04	1.61393444449242e-02	1
54	41	8.25204152524254e-04	1.53177669372031e-02	1
55	41	8.72052763971934e-04	1.80381392596054e-02	1
56	41	9.24189249147796e-04	1.84032090888268e-02	1
57	41	9.64103909021537e-04	1.79706290295706e-02	1
58	41	1.00829267684313e-03	1.89174503442266e-02	1
59	41	1.05512457364732e-03	2.06049092075783e-02	1
60	41	1.09971417582529e-03	2.12785552279435e-02	1
61	41	1.14516285896439e-03	2.08852503463457e-02	1
62	41	1.17312564055287e-03	2.28624266343799e-02	1
63	41	1.22171744029833e-03	2.58451086310282e-02	1
64	41	1.26454337513884e-03	2.55146025743463e-02	1
65	41	1.29993623346307e-03	2.36489479631997e-02	1
66	41	1.33874827973500e-03	2.55215758007054e-02	1
67	41	1.36492351910494e-03	2.58183711679067e-02	1
68	41	1.40316982677933e-03	2.94421409625947e-02	1
69	41	1.42981988641069e-03	2.78218600717978e-02	1
70	41	1.46028736365743e-03	3.01935423920824e-02	1
71	41	1.48165049518465e-03	3.13280727795701e-02	1
72	41	1.51738351714762e-03	3.15902560314098e-02	1
1	46	1.94929809946266e-03	4.04239368760975e-02	1
2	46	1.92242632794306e-03	4.05329156389952e-02	1
3	46	1.88793192078570e-03	4.00443899109430e-02	1
4	46	1.87568610039449e-03	3.77596995025873e-02	1
5	46	1.83079754838381e-03	3.76295942307934e-02	1
6	46	1.80851705507051e-03	3.41318705627245e-02	1
7	46	1.78439621524287e-03	3.50926482264062e-02	1
8	46	1.75386744616889e-03	3.34647007862696e-02	1
9	46	1.73206550077712e-03	3.37265174873747e-02	1
10	46	1.69846136646192e-03	3.34686194050613e-02	1
11	46	1.67213816362327e-03	3.15762761736850e-02	1
12	46	1.64364662720902e-03	3.18487749355114e-02	1
13	46	1.61576475395265e-03	3.25805304006268e-02	1
14	46	1.57934226843150e-03	2.98387678891087e-02	1
15	46	1.55115169559219e-03	2.78304476398187e-02	1
16	46	1.51597933051570e-03	3.11072398976095e-02	1
17	46	1.47201629613736e-03	2.98231094529104e-02	1
18	46	1.45082518524061e-03	2.79219924681118e-02	1
19	46	1.40150289250189e-03	2.88118327460204e-02	1
20	46	1.36237895215870e-03	2.61321076333498e-02	1
21	46	1.31244171738269e-03	2.44645113860429e-02	1
22	46	1.26775217528956e-03	2.41115956837276e-02	1
23	46	1.21205111403005e-03	2.29061082097765e-02	1
24	46	1.16943647065056e-03	2.39690532455143e-02	1
25	46	1.12512996216490e-03	2.61706510072446e-02	1
26	46	1.07351605741723e-03	2.24348993130998e-02	1
27	46	1.02559876029298e-03	2.25070714620161e-02	1
28	46	9.68734514777681e-04	1.92386086287480e-02	1
29	46	9.39145552219392e-04	1.78859182996465e-02	1
30	46	8.82463767132951e-04	1.64741624547036e-02	1
31	46	8.27164580387488e-04	1.54474527298874e-02	1
32	46	7.89069642951563e-04	1.56238399533666e-02	1
33	46	7.34241509291955e-04	1.45341029255575e-02	1
34	46	6.98330766973529e-04	1.41951187087300e-02	1
35	46	6.58850958410956e-04	1.34676462562851e-02	1
36	46	6.24242510756326e-04	1.10584642171198e-02	1
37	46	5.80684318161950e-04	1.20742158209314e-02	1
38	46	5.39956306209365e-04	1.12533998766408e-02	1
39	46	5.06166162559480e-04	1.00078164042516e-02	1
40	46	4.73764007198736e-04	8.96189080596553e-03	1
41	46	4.38208898895948e-04	8.94592391914561e-03	1
42	46	3.91684046083372e-04	7.64694319139600e-03	1
43	46	3.44612542276338e-04	6.63623555935208e-03	1
44	46	2.45118765896429e-04	5.11154264221161e-03	1
45	46	1.09353172984434e-04	1.96971036824552e-03	1
47	46	1.42106686865290e-04	2.77903110268599e-03	1
48	46	2.41589944327591e-04	3.77390469112979e-03	1
49	46	3.69257739115676e-04	7.14377656505653e-03	1
50	46	4.17782546319976e-04	7.49146077240968e-03	1
51	46	4.87096322250535e-04	1.02944022711100e-02	1
52	46	5.66227207218895e-04	1.07136300233837e-02	1
53	46	6.06326737643903e-04	1.13140537291430e-02	1
54	46	6.49240745772471e-04	1.25762868843359e-02	1
55	46	6.96089357220151e-04	1.38809359366033e-02	1
56	46	7.50227560274644e-04	1.37505443378800e-02	1
57	46	7.93346078941174e-04	1.65949024805272e-02	1
58	46	8.41321325612971e-04	1.70889506118041e-02	1
59	46	8.91479024950151e-04	1.63375582557620e-02	1
60	46	9.37417036018473e-04	1.81673674034950e-02	1
61	46	9.88553361089905e-04	2.07613172769405e-02	1
62	46	1.01695935011653e-03	1.92149097486345e-02	1
63	46	1.06783390229020e-03	2.22793906733213e-02	1
64	46	1.11355725930644e-03	2.46352094357636e-02	1
65	46	1.15335048135332e-03	2.38655955930143e-02	1
66	46	1.19395218059138e-03	2.30041237187949e-02	1
67	46	1.22536089237173e-03	2.47992423004273e-02	1
68	46	1.26569717792665e-03	2.35872826114419e-02	1
69	46	1.29418616404978e-03	2.56825920945200e-02	1
70	46	1.32567301758887e-03	2.72007417319060e-02	1
71	46	1.34759122466287e-03	2.80639847767780e-02	1
72	46	1.38338736382234e-03	2.65163976430733e-02	1
1	51	2.09883820886423e-03	4.30786019730950e-02	1
2	51	2.07196643734463e-03	4.59809156239204e-02	1
3	51	2.03747203018727e-03	3.75006573483453e-02	1
4	51	2.02522620979606e-03	4.10770748070420e-02	1
5	51	1.98033765778539e-03	3.84830816653730e-02	1
6	51	1.95805716447208e-03	3.86482759798601e-02	1
7	51	1.93393632464444e-03	3.90835968855066e-02	1
8	51	1.90340755557046e-03	3.66140067917010e-02	1
9	51	1.88160561017869e-03	3.91778887533843e-02	1
10	51	1.84800147586349e-03	3.79479389396261e-02	1
11	51	1.82251576846747e-03	3.82065699635050e-02	1
12	51	1.79629274007481e-03	3.80472381118750e-02	1
13	51	1.77163320170919e-03	3.76073113101657e-02	1
14	51	1.73573427514855e-03	3.54672676935711e-02	1
15	51	1.71046383340264e-03	3.24264871392614e-02	1
16	51	1.67635063691222e-03	3.44117427063416e-02	1
17	51	1.63606677521418e-03	3.55837136124668e-02	1
18	51	1.61487566431743e-03	3.17327546194694e-02	1
19	51	1.57246311746851e-03	3.07649127151321e-02	1
20	51	1.54515886832304e-03	3.22375012166222e-02	1
21	51	1.50489789357409e-03	2.90748018234810e-02	1
22	51	1.47711865109139e-03	2.85692051254744e-02	1
23	51	1.43456807301463e-03	2.87144555376361e-02	1
24	51	1.39195342963514e-03	2.88416874026984e-02	1
25	51	1.34764692114948e-03	2.33715534461925e-02	1
26	51	1.29603301640181e-03	2.52910200743628e-02	1
27	51	1.24811571927756e-03	2.71859289015975e-02	1
28	51	1.19125147376226e-03	2.43588803332277e-02	1
29	51	1.16166251120397e-03	2.50704682606758e-02	1
30	51	1.10498072611753e-03	2.02073610989074e-02	1
31	51	1.04968153937207e-03	2.06160093917255e-02	1
32	51	1.01158660193614e-03	2.10519115164884e-02	1
33	51	9.57558703534075e-04	1.86190776910258e-02	1
34	51	9.24255703162279e-04	1.96972312287694e-02	1
35	51	8.87483413507312e-04	1.82304837136248e-02	1
36	51	8.55706546606268e-04	1.65984509511445e-02	1
37	51	8.15437798572371e-04	1.66287011405884e-02	1
38	51	7.79549551668810e-04	1.47774413260620e-02	1
39	51	7.45759408018924e-04	1.41644297808150e-02	1
40	51	7.13357252658180e-04	1.43669217670350e-02	1
41	51	6.77802144355392e-04	1.50699195084418e-02	1
42	51	6.43009752158460e-04	1.15579094010026e-02	1
43	51	6.09019137952612e-04	1.17582779101051e-02	1
44	51	5.66482598780922e-04	1.16967093292553e-02	1
45	51	5.19508999203608e-04	1.01585845605435e-02	1
46	51	4.87096322250535e-04	9.35610138222183e-03	1
47	51	4.35910991429879e-04	8.59528824258930e-03	1
48	51	3.71356068320802e-04	6.89654149991672e-03	1
49	51	2.40821465541919e-04	4.75095774270955e-03	1
50	51	1.44882030424749e-04	2.87836436889514e-03	1
52	51	1.42196361296365e-04	2.61679836121756e-03	1
53	51	2.41628248396540e-04	4.78038202572310e-03	1
54	51	3.69702662244259e-04	7.51187832439671e-03	1
55	51	4.66872302227175e-04	8.83735024174941e-03	1
56	51	5.50266814393074e-04	1.17651598354815e-02	1
57	51	5.96781773487673e-04	1.22214452855595e-02	1
58	51	6.59393522531885e-04	1.24846002564111e-02	1
59	51	7.20990565143840e-04	1.35025278566050e-02	1
60	51	7.72041894710962e-04	1.59141230335478e-02	1
61	51	8.25126102249299e-04	1.62045504689181e-02	1
62	51	8.53532091275922e-04	1.72951602279337e-02	1
63	51	9.06297983953121e-04	1.88546889048672e-02	1
64	51	9.52021340969359e-04	1.87507832569258e-02	1
65	51	9.97680376503997e-04	2.10459953998073e-02	1
66	51	1.03904767687473e-03	1.93725509534275e-02	1
67	51	1.07145431589657e-03	1.99403237852099e-02	1
68	51	1.11228428870531e-03	2.33509946546512e-02	1
69	51	1.14430118291445e-03	2.24148916864460e-02	1
70	51	1.17674954003016e-03	2.32462085887946e-02	1
71	51	1.20405674519483e-03	2.62108595450080e-02	1
72	51	1.24439663939924e-03	2.65501599903639e-02	1
1	56	2.26079795272676e-03	4.40364320527608e-02	1
2	56	2.23392618120717e-03	4.58147828859832e-02	1
3	56	2.19943177404981e-03	3.92892017013849e-02	1
4	56	2.18718595365860e-03	4.48638042703282e-02	1
5	56	2.14229740164792e-03	4.15734806804489e-02	1
6	56	2.12001690833462e-03	3.96305316695305e-02	1
7	56	2.09589606850697e-03	3.90509750169820e-02	1
8	56	2.06536729943300e-03	3.66810363106308e-02	1
9	56	2.04356535404122e-03	3.74500072842339e-02	1
10	56	2.00996121972603e-03	4.06361441720097e-02	1
11	56	1.98447551233000e-03	3.70795531475075e-02	1
12	56	1.95870869591180e-03	3.63200597249247e-02	1
13	56	1.93404915754618e-03	3.51670542516072e-02	1
14	56	1.89815023098554e-03	4.15964411687912e-02	1
15	56	1.87296276753032e-03	3.69946764122793e-02	1
16	56	1.83926687236718e-03	3.60210715174503e-02	1
17	56	1.80126722298186e-03	3.50545720939946e-02	1
18	56	1.78064927238156e-03	3.56046044296676e-02	1
19	56	1.73823672553264e-03	3.91497886598741e-02	1
20	56	1.71093247638717e-03	3.47424287148241e-02	1
21	56	1.67067150163822e-03	3.25745197545691e-02	1
22	56	1.64289225915552e-03	3.28287232311741e-02	1
23	56	1.60244222627369e-03	3.11898722353084e-02	1
24	56	1.57295997036604e-03	3.35441636399355e-02	1
25	56	1.54483881154367e-03	2.99688072467265e-02	1
26	56	1.50976101279107e-03	3.02714138561808e-02	1
27	56	1.46847037999746e-03	2.94212372714986e-02	1
28	56	1.41160613448216e-03	2.76182144968796e-02	1
29	56	1.38201717192387e-03	2.87556195705413e-02	1
30	56	1.32533538683743e-03	2.73526580800798e-02	1
31	56	1.27003620009197e-03	2.58548026877160e-02	1
32	56	1.23194126265604e-03	2.33158831460578e-02	1
33	56	1.17840079224871e-03	2.40313170294959e-02	1
34	56	1.14838582902566e-03	2.43376150474401e-02	1
35	56	1.11642407401375e-03	2.02240615142566e-02	1
36	56	1.08518437336426e-03	2.27896794963358e-02	1
37	56	1.04859661936025e-03	2.03283051510098e-02	1
38	56	1.01839395263162e-03	1.92740017368085e-02	1
39	56	9.87420881320973e-04	1.87085146534806e-02	1
40	56	9.57067292864828e-04	1.89938793558804e-02	1
41	56	9.24189249147797e-04	1.83132312348918e-02	1
42	56	8.90705447174158e-04	1.81222556535612e-02	1
43	56	8.57407960623647e-04	1.76875453464308e-02	1
44	56	8.14871421451957e-04	1.62494918823997e-02	1
45	56	7.72642737460397e-04	1.66224973178445e-02	1
46	56	7.50227560274644e-04	1.57482985031710e-02	1
47	56	7.17460989402802e-04	1.43120370733739e-02	1
48	56	6.90292886993209e-04	1.37214215073823e-02	1
49	56	6.43404603116741e-04	1.25933847604671e-02	1
50	56	5.93658986925259e-04	1.25478640724482e-02	1
51	56	5.50266814393074e-04	1.10066259503393e-02	1
52	56	4.62553295957114e-04	9.05226984005323e-03	1
53	56	3.63121408856939e-04	6.78910885045954e-03	1
54	56	2.35046995009220e-04	3.92998779191249e-03	1
55	56	1.37877355026304e-04	2.70284138991702e-03	1
57	56	1.04371522872350e-04	1.86460000390960e-03	1
58	56	2.33263958961316e-04	4.33470730568160e-03	1
59	56	3.58820716567400e-04	7.12396181002134e-03	1
60	56	4.59424081733864e-04	9.30134028146882e-03	1
61	56	5.83129885516710e-04	1.24143398711201e-02	1
62	56	6.43143748709265e-04	1.24302274047425e-02	1
63	56	7.14372967356234e-04	1.38405502110637e-02	1
64	56	7.65932272716108e-04	1.56996254401767e-02	1
65	56	8.25695251060622e-04	1.64389193356674e-02	1
66	56	8.81695889437426e-04	1.91373270026952e-02	1
67	56	9.22216586876329e-04	1.75543319985853e-02	1
68	56	9.65824967637926e-04	1.76303790457829e-02	1
69	56	9.97841861847060e-04	2.12216970345734e-02	1
70	56	1.03029021896277e-03	2.08424835430864e-02	1
71	56	1.05839072617847e-03	1.93688917696753e-02	1
72	56	1.10109062950846e-03	2.37829037723460e-02	1
1	61	2.40735350615731e-03	5.05753149994429e-02	1
2	61	2.38125614596352e-03	4.77161373337855e-02	1
3	61	2.34676173880615e-03	4.71560440610956e-02	1
4	61	2.33451591841494e-03	4.72920398051188e-02	1
5	61	2.28981120484833e-03	4.39851007704663e-02	1
6	61	2.26753071153503e-03	4.26451520714688e-02	1
7	61	2.24340987170738e-03	3.91678551926433e-02	1
8	61	2.21288110263341e-03	4.28787982397962e-02	1
9	61	2.19107915724163e-03	4.67185783294647e-02	1
10	61	2.15747502292644e-03	4.47658724360338e-02	1
11	61	2.13198931553041e-03	4.59679385839218e-02	1
12	61	2.10643299094538e-03	3.91618845069986e-02	1
13	61	2.08188201079865e-03	4.24027876228331e-02	1
14	61	2.04605130965623e-03	4.25066427968317e-02	1
15	61	2.02222848957763e-03	4.21767992928877e-02	1
16	61	1.99055344775635e-03	3.77910432411894e-02	1
17	61	1.95343852259129e-03	4.03538291012950e-02	1
18	61	1.93386379068660e-03	3.94926190589091e-02	1
19	61	1.89220234024473e-03	3.60207224033950e-02	1
20	61	1.86489809109926e-03	3.43988750276558e-02	1
21	61	1.82463711635031e-03	3.70939306241004e-02	1
22	61	1.79685787386761e-03	3.38706953670619e-02	1
23	61	1.75674662359381e-03	3.61291250726508e-02	1
24	61	1.73107482467454e-03	3.44725548343447e-02	1
25	61	1.70295366585217e-03	3.54504381766636e-02	1
26	61	1.66787586709957e-03	3.29066371510206e-02	1
27	61	1.63507433793713e-03	3.60299578634032e-02	1
28	61	1.59411960297214e-03	3.41734489992479e-02	1
29	61	1.57162380472034e-03	2.99971501316513e-02	1
30	61	1.52425448528497e-03	2.89288102743861e-02	1
31	61	1.47585913657670e-03	2.85308306122976e-02	1
32	61	1.44022456395603e-03	2.94264776252600e-02	1
33	61	1.38836719709743e-03	2.76317378154581e-02	1
34	61	1.35835223387438e-03	2.75418256366381e-02	1
35	61	1.32712022252920e-03	2.90380172864369e-02	1
36	61	1.29989946234586e-03	2.36428106454426e-02	1
37	61	1.26527584395426e-03	2.55759955378878e-02	1
38	61	1.23507317722563e-03	2.30778604414023e-02	1
39	61	1.20730592746841e-03	2.57686642516447e-02	1
40	61	1.17695233901226e-03	2.27908046850609e-02	1
41	61	1.14516285896439e-03	2.31536405142001e-02	1
42	61	1.11568343009771e-03	2.30280998779698e-02	1
43	61	1.08652485483973e-03	2.27240352800457e-02	1
44	61	1.04799441011636e-03	2.10493640855013e-02	1
45	61	1.00965363356881e-03	2.03659151960763e-02	1
46	61	9.88553361089905e-04	1.74404033787117e-02	1
47	61	9.56639063065453e-04	1.77988779438695e-02	1
48	61	9.30566570275375e-04	1.72220910979162e-02	1
49	61	8.91524258258345e-04	1.68743572346144e-02	1
50	61	8.56009015946255e-04	1.76897647691991e-02	1
51	61	8.25126102249299e-04	1.60406361608564e-02	1
52	61	7.87354139089723e-04	1.74032396643984e-02	1
53	61	7.52473401424161e-04	1.40667994609474e-02	1
54	61	7.01062329446190e-04	1.40641125786394e-02	1
55	61	6.63775443183020e-04	1.35644688844061e-02	1
56	61	5.83129885516710e-04	1.05325220658652e-02	1
57	61	4.88758362644360e-04	9.75999115299720e-03	1
58	61	3.59865926555394e-04	7.35573783854286e-03	1
59	61	2.34309168949310e-04	3.93560108894707e-03	1
60	61	1.33705803782847e-04	2.63869054841191e-03	1
62	61	1.03718224609319e-04	1.99212540193539e-03	1
63	61	2.29735688722606e-04	4.53055298128856e-03	1
64	61	3.23108832445062e-04	5.89120914245828e-03	1
65	61	4.45928491893493e-04	8.34364807696084e-03	1
66	61	5.69567433681743e-04	1.10154339859992e-02	1
67	61	6.63414543684877e-04	1.27323978578729e-02	1
68	61	7.40323754908948e-04	1.53156009722639e-02	1
69	61	7.85740332765004e-04	1.50933755567246e-02	1
70	61	8.33394816148237e-04	1.75881469101241e-02	1
71	61	8.74373470120174e-04	1.62876329159001e-02	1
72	61	9.27176192431633e-04	1.79106116914834e-02	1
1	66	2.51270053741054e-03	4.91222098743266e-02	1
2	66	2.48667289895773e-03	5.17776954262245e-02	1
3	66	2.45217849180037e-03	5.07029506214604e-02	1
4	66	2.43993267140916e-03	5.17754830368468e-02	1
5	66	2.39593194707883e-03	4.74172554396242e-02	1
6	66	2.37365145376552e-03	4.70228616944598e-02	1
7	66	2.35000618523113e-03	4.70086945286900e-02	1
8	66	2.31966822109387e-03	4.85752755743094e-02	1
9	66	2.29838623998089e-03	4.51138506627284e-02	1
10	66	2.26478210566570e-03	4.72042355349440e-02	1
11	66	2.23929639826967e-03	4.89711866729519e-02	1
12	66	2.21396510439444e-03	4.21404074943989e-02	1
13	66	2.18941412424772e-03	4.36521429998525e-02	1
14	66	2.15358342310529e-03	4.52445272035147e-02	1
15	66	2.12976060302669e-03	4.10531698202535e-02	1
16	66	2.09808556120542e-03	4.04861047980754e-02	1
17	66	2.06097063604036e-03	4.44862765088027e-02	1
18	66	2.04139590413566e-03	4.26367227987115e-02	1
19	66	1.99973445369380e-03	3.74579015171210e-02	1
20	66	1.97243020454832e-03	3.80352682923928e-02	1
21	66	1.93216922979937e-03	3.57705544650446e-02	1
22	66	1.90438998731667e-03	3.54164868133104e-02	1
23	66	1.86427873704288e-03	3.71404005433158e-02	1
24	66	1.83906144980620e-03	3.57767555189683e-02	1
25	66	1.81135589518553e-03	4.00206809081976e-02	1
26	66	1.77627809643294e-03	3.67569012712509e-02	1
27	66	1.74371261660092e-03	3.49094564173316e-02	1
28	66	1.70518343428740e-03	3.20823236709114e-02	1
29	66	1.68390930739633e-03	3.38048521310995e-02	1
30	66	1.63780263423379e-03	3.22589252384898e-02	1
31	66	1.58996432911307e-03	3.30685594858149e-02	1
32	66	1.56327069398459e-03	3.17138335442817e-02	1
33	66	1.52894635958227e-03	3.15059144034740e-02	1
34	66	1.52236822047016e-03	3.12358788698496e-02	1
35	66	1.50306964213354e-03	2.85684105754222e-02	1
36	66	1.47923006735792e-03	2.89801528365975e-02	1
37	66	1.44900742414602e-03	2.80157550416733e-02	1
38	66	1.41880475741739e-03	2.92236260229562e-02	1
39	66	1.39194152682494e-03	2.59099180622202e-02	1
40	66	1.36629865790071e-03	2.61112943949640e-02	1
41	66	1.33874827973500e-03	2.46185476720731e-02	1
42	66	1.31002614977825e-03	2.68692306945108e-02	1
43	66	1.28294761631105e-03	2.64583117436579e-02	1
44	66	1.25021225262410e-03	2.50878610745020e-02	1
45	66	1.21239588044116e-03	2.31616610646441e-02	1
46	66	1.19395218059138e-03	2.62496075913346e-02	1
47	66	1.16374647124576e-03	2.17188480422495e-02	1
48	66	1.13912283239995e-03	2.17912480849327e-02	1
49	66	1.10356189909191e-03	2.17638988176074e-02	1
50	66	1.06993059057168e-03	1.96943487039542e-02	1
51	66	1.03904767687473e-03	2.21456836369887e-02	1
52	66	1.00558695884216e-03	1.99352512452356e-02	1
53	66	9.82429667442448e-04	1.84663536153391e-02	1
54	66	9.46008947555121e-04	1.72267986545123e-02	1
55	66	9.25520326231568e-04	1.71267888555173e-02	1
56	66	8.81695889437425e-04	1.68603845366964e-02	1
57	66	8.43862458997674e-04	1.58926704851146e-02	1
58	66	7.95840682034246e-04	1.55656193040037e-02	1
59	66	7.34229180654905e-04	1.47421726172513e-02	1
60	66	6.93273237464590e-04	1.27465039066016e-02	1
61	66	5.69567433681743e-04	1.13438019360863e-02	1
62	66	4.75849209072424e-04	9.18658418336152e-03	1
63	66	3.49831744959137e-04	6.85115217645371e-03	1
64	66	2.56458601236681e-04	4.80897425662154e-03	1
65	66	1.33638941788250e-04	2.25748856898236e-03	1
67	66	1.03847110003134e-04	1.97292886712113e-03	1
68	66	2.28385529564406e-04	4.45048189096949e-03	1
69	66	3.24008734378448e-04	6.82777554813523e-03	1
70	66	4.46856084841814e-04	8.64228095002694e-03	1
71	66	5.37865942380654e-04	1.09663592814398e-02	1
72	66	6.59784188326056e-04	1.35156039772807e-02	1
1	71	2.59148363273421e-03	4.69257239706314e-02	1
2	71	2.56724641836750e-03	5.20450336583816e-02	1
3	71	2.53290842531801e-03	4.94925575599155e-02	1
4	71	2.52066260492680e-03	4.59919005797054e-02	1
5	71	2.47703485569249e-03	4.67029440558534e-02	1
6	71	2.45475436237919e-03	4.56679766961256e-02	1
7	71	2.43181140538274e-03	4.55713108400067e-02	1
8	71	2.40147344124548e-03	4.36167464231088e-02	1
9	71	2.38019146013250e-03	4.84140293912148e-02	1
10	71	2.34658732581731e-03	4.46676518391377e-02	1
11	71	2.32110161842128e-03	4.45802555031199e-02	1
12	71	2.29621746003659e-03	4.59920833941296e-02	1
13	71	2.27198656103515e-03	4.62060316100382e-02	1
14	71	2.23615585989273e-03	4.72726724952082e-02	1
15	71	2.21262220291346e-03	4.32685963156365e-02	1
16	71	2.18156470780638e-03	4.41150425986513e-02	1
17	71	2.14444978264132e-03	4.24807719861013e-02	1
18	71	2.12487505073662e-03	4.48411330251447e-02	1
19	71	2.08321360029476e-03	4.32903893434290e-02	1
20	71	2.05590935114929e-03	4.10310924668862e-02	1
21	71	2.01564837640034e-03	3.69030580881727e-02	1
22	71	1.98786913391763e-03	4.01092846419934e-02	1
23	71	1.94775788364384e-03	3.96292774941941e-02	1
24	71	1.92254059640716e-03	3.65516898256794e-02	1
25	71	1.89483504178649e-03	3.89578338531127e-02	1
26	71	1.85975724303390e-03	3.89181715299222e-02	1
27	71	1.82719176320188e-03	3.55414808764612e-02	1
28	71	1.78929213054390e-03	3.61261415668003e-02	1
29	71	1.76801800365283e-03	3.42703458897427e-02	1
30	71	1.72191133049028e-03	3.33469414570466e-02	1
31	71	1.67407302536957e-03	3.48888359651111e-02	1
32	71	1.64737939024108e-03	3.47865842873646e-02	1
33	71	1.61305505583876e-03	3.13958724025940e-02	1
34	71	1.60647691672666e-03	3.29552247918789e-02	1
35	71	1.60513488827030e-03	3.41564239416652e-02	1
36	71	1.60348956792180e-03	3.45940865939063e-02	1
37	71	1.58059143014030e-03	3.21254125077048e-02	1
38	71	1.55584463603358e-03	3.04623003602004e-02	1
39	71	1.53236567184612e-03	3.31738745227351e-02	1
40	71	1.50811626765793e-03	2.74462927703361e-02	1
41	71	1.48165049518465e-03	3.03446201830408e-02	1
42	71	1.45665102719372e-03	2.57795840314407e-02	1
43	71	1.42994781188781e-03	2.83739540346148e-02	1
44	71	1.39907282262077e-03	2.91634305972626e-02	1
45	71	1.36539887737082e-03	2.78168740209329e-02	1
46	71	1.34759122466287e-03	2.96891349147026e-02	1
47	71	1.32261290234817e-03	2.90451088027778e-02	1
48	71	1.29803027280116e-03	2.66963976765538e-02	1
49	71	1.26623483619142e-03	2.49047797573648e-02	1
50	71	1.23318538064873e-03	2.41124510858067e-02	1
51	71	1.20405674519483e-03	2.30814874358045e-02	1
52	71	1.17138932921329e-03	2.17920640836088e-02	1
53	71	1.14823203781358e-03	2.25269660768030e-02	1
54	71	1.11181131792625e-03	2.07765801946318e-02	1
55	71	1.09132269660270e-03	2.28902630603021e-02	1
56	71	1.05839072617847e-03	2.17400599845389e-02	1
57	71	1.02566478855460e-03	2.05358188089384e-02	1
58	71	9.91149304246745e-04	2.03616441604943e-02	1
59	71	9.51171204945745e-04	1.96495324077564e-02	1
60	71	9.28557633904375e-04	1.84265576612830e-02	1
61	71	8.74373470120174e-04	1.70614718244776e-02	1
62	71	8.40551113754829e-04	1.73500537710206e-02	1
63	71	7.84703894371637e-04	1.34837281878309e-02	1
64	71	7.39997744642638e-04	1.39616750098567e-02	1
65	71	6.61504884168904e-04	1.24290219339922e-02	1
66	71	5.37865942380654e-04	9.27862010511741e-03	1
67	71	4.44018832377520e-04	8.87148821680518e-03	1
68	71	3.19480412816248e-04	5.93804608342216e-03	1
69	71	2.23857208002206e-04	4.28136823032519e-03	1
70	71	1.01009857538840e-04	1.71471847453717e-03	1
72	71	1.31918245945402e-04	2.47589656147598e-03	1
0
