2.200000000000000000e+01 1.573640481172629507e+03
2.212424849699398877e+01 1.573604987168851494e+03
2.224849699398797753e+01 1.573570034338623827e+03
2.237274549098196275e+01 1.573535619144375914e+03
2.249699398797595151e+01 1.573501738048538073e+03
2.262124248496994028e+01 1.573468387513539938e+03
2.274549098196392904e+01 1.573435564001811599e+03
2.286973947895791426e+01 1.573403263975782920e+03
2.299398797595190302e+01 1.573371483897883763e+03
2.311823647294589179e+01 1.573340220230543991e+03
2.324248496993988056e+01 1.573309469436193694e+03
2.336673346693386932e+01 1.573279227977262508e+03
2.349098196392785454e+01 1.573249492316180522e+03
2.361523046092184330e+01 1.573220258915377599e+03
2.373947895791583207e+01 1.573191524237283602e+03
2.386372745490982084e+01 1.573163284744291786e+03
2.398797595190380605e+01 1.573135536898905229e+03
2.411222444889779482e+01 1.573108277163517641e+03
2.423647294589178358e+01 1.573081502000558430e+03
2.436072144288577235e+01 1.573055207872457686e+03
2.448496993987976111e+01 1.573029391241645499e+03
2.460921843687374633e+01 1.573004048570551049e+03
2.473346693386773509e+01 1.572979176321605337e+03
2.485771543086172386e+01 1.572954770957237542e+03
2.498196392785571263e+01 1.572930828939877756e+03
2.510621242484969784e+01 1.572907346731955386e+03
2.523046092184368661e+01 1.572884320795901203e+03
2.535470941883767537e+01 1.572861747594144845e+03
2.547895791583166414e+01 1.572839623589115945e+03
2.560320641282564935e+01 1.572817945243244594e+03
2.572745490981963812e+01 1.572796709018960428e+03
2.585170340681362688e+01 1.572775911378693536e+03
2.597595190380761565e+01 1.572755548784874009e+03
2.610020040080160442e+01 1.572735617699931709e+03
2.622444889779558963e+01 1.572716114586296044e+03
2.634869739478957840e+01 1.572697035906397787e+03
2.647294589178356716e+01 1.572678378122666118e+03
2.659719438877755593e+01 1.572660137697531127e+03
2.672144288577154470e+01 1.572642311093422904e+03
2.684569138276552991e+01 1.572624894772770858e+03
2.696993987975951867e+01 1.572607885198005761e+03
2.709418837675350744e+01 1.572591278831556565e+03
2.721843687374749621e+01 1.572575072135853816e+03
2.734268537074148497e+01 1.572559261573327149e+03
2.746693386773547019e+01 1.572543843606406654e+03
2.759118236472945895e+01 1.572528814697521966e+03
2.771543086172344772e+01 1.572514171309103176e+03
2.783967935871743293e+01 1.572499909903580146e+03
2.796392785571142170e+01 1.572486026943382512e+03
2.808817635270541047e+01 1.572472518890940819e+03
2.821242484969939923e+01 1.572459382208684701e+03
2.833667334669338800e+01 1.572446613359043567e+03
2.846092184368737321e+01 1.572434208804447962e+03
2.858517034068136198e+01 1.572422165007327749e+03
2.870941883767535074e+01 1.572410478430111880e+03
2.883366733466933951e+01 1.572399145535231582e+03
2.895791583166332828e+01 1.572388162785116037e+03
2.908216432865731349e+01 1.572377526642195107e+03
2.920641282565130226e+01 1.572367233568898882e+03
2.933066132264529102e+01 1.572357280027657225e+03
2.945490981963927979e+01 1.572347662480900226e+03
2.957915831663326856e+01 1.572338377391057747e+03
2.970340681362725377e+01 1.572329421220559425e+03
2.982765531062124253e+01 1.572320790431835121e+03
2.995190380761523130e+01 1.572312481487315381e+03
3.007615230460921651e+01 1.572304490849429158e+03
3.020040080160320883e+01 1.572296814980607223e+03
3.032464929859719405e+01 1.572289450343278986e+03
3.044889779559118281e+01 1.572282393399874763e+03
3.057314629258517158e+01 1.572275640612823281e+03
3.069739478957915679e+01 1.572269188444556221e+03
3.082164328657314556e+01 1.572263033357502309e+03
3.094589178356713433e+01 1.572257171814091635e+03
3.107014028056111954e+01 1.572251600276754061e+03
3.119438877755511186e+01 1.572246315207920134e+03
3.131863727454909707e+01 1.572241313070018805e+03
3.144288577154308584e+01 1.572236590325480620e+03
3.156713426853707460e+01 1.572232143436734987e+03
3.169138276553105982e+01 1.572227968866212450e+03
3.181563126252505214e+01 1.572224063076342645e+03
3.193987975951903735e+01 1.572220422529555208e+03
3.206412825651302967e+01 1.572217043688280455e+03
3.218837675350701488e+01 1.572213923014947795e+03
3.231262525050100010e+01 1.572211056971987773e+03
3.243687374749499241e+01 1.572208442021829342e+03
3.256112224448897763e+01 1.572206074626903046e+03
3.268537074148296995e+01 1.572203951258676625e+03
3.280961923847695516e+01 1.572202068756013205e+03
3.293386773547094037e+01 1.572200424668762935e+03
3.305811623246492559e+01 1.572199016997253011e+03
3.318236472945891791e+01 1.572197843908637196e+03
3.330661322645290312e+01 1.572196903474894270e+03
3.343086172344689544e+01 1.572196193432470182e+03
3.355511022044088065e+01 1.572195710963564125e+03
3.367935871743486587e+01 1.572195452499058774e+03
3.380360721442885819e+01 1.572195413543094446e+03
3.392785571142284340e+01 1.572195588519291050e+03
3.405210420841683572e+01 1.572195970638610106e+03
3.417635270541082093e+01 1.572196551788863417e+03
3.430060120240480614e+01 1.572197322445867030e+03
3.442484969939879846e+01 1.572198271606237768e+03
3.454909819639278368e+01 1.572199386741835951e+03
3.467334669338677600e+01 1.572200653775850242e+03
3.479759519038076121e+01 1.572202057080530267e+03
3.492184368737474642e+01 1.572203579496561133e+03
3.504609218436873874e+01 1.572205202374082546e+03
3.517034068136272396e+01 1.572206905635353905e+03
3.529458917835671627e+01 1.572208667859062871e+03
3.541883767535070149e+01 1.572210466386278085e+03
3.554308617234468670e+01 1.572212277448047416e+03
3.566733466933867902e+01 1.572214076314639442e+03
3.579158316633266423e+01 1.572215837466429775e+03
3.591583166332665655e+01 1.572217534786434271e+03
3.604008016032064177e+01 1.572219141774480704e+03
3.616432865731462698e+01 1.572220631783032786e+03
3.628857715430861930e+01 1.572221978274650837e+03
3.641282565130260451e+01 1.572223155101104112e+03
3.653707414829659683e+01 1.572224136791634010e+03
3.666132264529058205e+01 1.572224898372049665e+03
3.678557114228456726e+01 1.572225414900567557e+03
3.690981963927855958e+01 1.572225661435404163e+03
3.703406813627254479e+01 1.572225613034776188e+03
3.715831663326653711e+01 1.572225244756899201e+03
3.728256513026052232e+01 1.572224531659989907e+03
3.740681362725450754e+01 1.572223448802265466e+03
3.753106212424849275e+01 1.572221971241940764e+03
3.765531062124248507e+01 1.572220074035036532e+03
3.777955911823647028e+01 1.572217731308299562e+03
3.790380761523046260e+01 1.572214914227925874e+03
3.802805611222444782e+01 1.572211591782029473e+03
3.815230460921843303e+01 1.572207731985221471e+03
3.827655310621242535e+01 1.572203302992933914e+03
3.840080160320641767e+01 1.572198274125492162e+03
3.852505010020040288e+01 1.572192616801934719e+03
3.864929859719438809e+01 1.572186305383581384e+03
3.877354709418837331e+01 1.572179317927348848e+03
3.889779559118236563e+01 1.572171636848812113e+03
3.902204408817635084e+01 1.572163249495018817e+03
3.914629258517034316e+01 1.572154148627043924e+03
3.927054108216432837e+01 1.572144332812299581e+03
3.939478957915831359e+01 1.572133806726586045e+03
3.951903807615230590e+01 1.572122581365895030e+03
3.964328657314629112e+01 1.572110674167960269e+03
3.976753507014028344e+01 1.572098109043551858e+03
3.989178356713426865e+01 1.572084916317523039e+03
4.001603206412825386e+01 1.572071132579603272e+03
4.014028056112223908e+01 1.572056800444936016e+03
4.026452905811623140e+01 1.572041968224370066e+03
4.038877755511022372e+01 1.572026689504492879e+03
4.051302605210420893e+01 1.572011022637414499e+03
4.063727454909819414e+01 1.571995030140299150e+03
4.076152304609217936e+01 1.571978778004644482e+03
4.088577154308617168e+01 1.571962334915306883e+03
4.101002004008016399e+01 1.571945771379276493e+03
4.113426853707414921e+01 1.571929158764199656e+03
4.125851703406813442e+01 1.571912568246648789e+03
4.138276553106211963e+01 1.571896069670137422e+03
4.150701402805611195e+01 1.571879730315924462e+03
4.163126252505010427e+01 1.571863614863509156e+03
4.175551102204408949e+01 1.571847787621594080e+03
4.187975951903807470e+01 1.571832312898881355e+03
4.200400801603205991e+01 1.571817255004074241e+03
4.212825651302605223e+01 1.571802678245875086e+03
4.225250501002004455e+01 1.571788646932985785e+03
4.237675350701402976e+01 1.571775225374109596e+03
4.250100200400801498e+01 1.571762477877948868e+03
4.262525050100200019e+01 1.571750468753206405e+03
4.274949899799599251e+01 1.571739263033015504e+03
4.287374749498998483e+01 1.571728930002037487e+03
4.299799599198397004e+01 1.571719542836099663e+03
4.312224448897795526e+01 1.571711176680777498e+03
4.324649298597194047e+01 1.571703906870521223e+03
4.337074148296593279e+01 1.571697807289245247e+03
4.349498997995991800e+01 1.571692948872386523e+03
4.361923847695391032e+01 1.571689398250425938e+03
4.374348697394789554e+01 1.571687216533880473e+03
4.386773547094188075e+01 1.571686458239755893e+03
4.399198396793587307e+01 1.571687170359468155e+03
4.411623246492985828e+01 1.571689391568232622e+03
4.424048096192385060e+01 1.571693151575915635e+03
4.436472945891783581e+01 1.571698470619355248e+03
4.448897795591182103e+01 1.571705359096145003e+03
4.461322645290580624e+01 1.571713817339888010e+03
4.473747494989979856e+01 1.571723835536912020e+03
4.486172344689379088e+01 1.571735393784453663e+03
4.498597194388777609e+01 1.571748462290309590e+03
4.511022044088176131e+01 1.571763001713950416e+03
4.523446893787574652e+01 1.571778963649103616e+03
4.535871743486973884e+01 1.571796291247800127e+03
4.548296593186373116e+01 1.571814919985889674e+03
4.560721442885771637e+01 1.571834778570019580e+03
4.573146292585170158e+01 1.571855789986080936e+03
4.585571142284568680e+01 1.571877872689120750e+03
4.597995991983967912e+01 1.571900941934719640e+03
4.610420841683367144e+01 1.571924911251836647e+03
4.622845691382765665e+01 1.571949694057118450e+03
4.635270541082164186e+01 1.571975205410675699e+03
4.647695390781562708e+01 1.572001363913326031e+03
4.660120240480961940e+01 1.572028092744301148e+03
4.672545090180361171e+01 1.572055316315863820e+03
4.684969939879759693e+01 1.572082959040943479e+03
4.697394789579158214e+01 1.572110945332471829e+03
4.709819639278556735e+01 1.572139199603378984e+03
4.722244488977955967e+01 1.572167646266595511e+03
4.734669338677355199e+01 1.572196209735051980e+03
4.747094188376753721e+01 1.572224814421678730e+03
4.759519038076152242e+01 1.572253384739406556e+03
4.771943887775550763e+01 1.572281844768694782e+03
4.784368737474949995e+01 1.572310114548751926e+03
4.796793587174348517e+01 1.572338109103366378e+03
4.809218436873747748e+01 1.572365740651492615e+03
4.821643286573146270e+01 1.572392920709379496e+03
4.834068136272544791e+01 1.572419562028860355e+03
4.846492985971944023e+01 1.572445580371805818e+03
4.858917835671342544e+01 1.572470896120742964e+03
4.871342685370741776e+01 1.572495435725636071e+03
4.883767535070140298e+01 1.572519132986829391e+03
4.896192384769538819e+01 1.572541930174158779e+03
4.908617234468937340e+01 1.572563778982220583e+03
4.921042084168336572e+01 1.572584641321809158e+03
4.933466933867735804e+01 1.572604489947515049e+03
4.945891783567134325e+01 1.572623308921487251e+03
4.958316633266532847e+01 1.572641093913361374e+03
4.970741482965931368e+01 1.572657852336347560e+03
4.983166332665330600e+01 1.572673603319484755e+03
4.995591182364729832e+01 1.572688377516058154e+03
5.008016032064128353e+01 1.572702216748180035e+03
5.020440881763526875e+01 1.572715173487532184e+03
5.032865731462925396e+01 1.572727310172277157e+03
5.045290581162324628e+01 1.572738698360126364e+03
5.057715430861723860e+01 1.572749417717577444e+03
5.070140280561122381e+01 1.572759554845312550e+03
5.082565130260520903e+01 1.572769201939759569e+03
5.094989979959919424e+01 1.572778455290819238e+03
5.107414829659318656e+01 1.572787413615754758e+03
5.119839679358717888e+01 1.572796176229242974e+03
5.132264529058116409e+01 1.572804841049593279e+03
5.144689378757514930e+01 1.572813502441127866e+03
5.157114228456913452e+01 1.572822249352124118e+03
5.169539078156312684e+01 1.572831168253404257e+03
5.181963927855711916e+01 1.572840345575714764e+03
5.194388777555110437e+01 1.572849867749803252e+03
5.206813627254508958e+01 1.572859821206416427e+03
5.219238476953907480e+01 1.572870292376301677e+03
5.231663326653306711e+01 1.572881367690205934e+03
5.244088176352705233e+01 1.572893133578876359e+03
5.256513026052104465e+01 1.572905676473060112e+03
5.268937875751502986e+01 1.572919082907518032e+03
5.281362725450901507e+01 1.572933442942034162e+03
5.293787575150300739e+01 1.572948853071994108e+03
5.306212424849699261e+01 1.572965413803603724e+03
5.318637274549098493e+01 1.572983227080442475e+03
5.331062124248497014e+01 1.573002393906873294e+03
5.343486973947895535e+01 1.573023012168313926e+03
5.355911823647294057e+01 1.573045174648363854e+03
5.368336673346693289e+01 1.573068967242794542e+03
5.380761523046092520e+01 1.573094467370389339e+03
5.393186372745491042e+01 1.573121742580651699e+03
5.405611222444889563e+01 1.573150849358363757e+03
5.418036072144288795e+01 1.573181832125007531e+03
5.430460921843687316e+01 1.573214722437044429e+03
5.442885771543085838e+01 1.573249538381049433e+03
5.455310621242485070e+01 1.573286284165709276e+03
5.467735470941883591e+01 1.573324949910673922e+03
5.480160320641282823e+01 1.573365511632269545e+03
5.492585170340681344e+01 1.573407931426068444e+03
5.505010020040079866e+01 1.573452157846317050e+03
5.517434869739479097e+01 1.573498126482223824e+03
5.529859719438877619e+01 1.573545760731104110e+03
5.542284569138276851e+01 1.573594972768383286e+03
5.554709418837675372e+01 1.573645664714460963e+03
5.567134268537073893e+01 1.573697729998428031e+03
5.579559118236473125e+01 1.573751054918647696e+03
5.591983967935871647e+01 1.573805520400192790e+03
5.604408817635270168e+01 1.573861003949138421e+03
5.616833667334669400e+01 1.573917381803720218e+03
5.629258517034067921e+01 1.573974531282341786e+03
5.641683366733467153e+01 1.574032333328448203e+03
5.654108216432865675e+01 1.574090675108531514e+03
5.666533066132264196e+01 1.574149448130054907e+03
5.678957915831663428e+01 1.574208544150539183e+03
5.691382765531061949e+01 1.574267854927505141e+03
5.703807615230461181e+01 1.574327272218473581e+03
5.716232464929859702e+01 1.574386687780965076e+03
5.728657314629258224e+01 1.574445993372500425e+03
5.741082164328657456e+01 1.574505080750599973e+03
5.753507014028055977e+01 1.574563841672784747e+03
5.765931863727455209e+01 1.574622167887533351e+03
5.778356713426853730e+01 1.574679948813002966e+03
5.790781563126252252e+01 1.574737066967849387e+03
5.803206412825651483e+01 1.574793399910670587e+03
5.815631262525050005e+01 1.574848823028057495e+03
5.828056112224448526e+01 1.574903212113241352e+03
5.840480961923847758e+01 1.574956445735341731e+03
5.852905811623246279e+01 1.575008407399217504e+03
5.865330661322645511e+01 1.575058987495918473e+03
5.877755511022044033e+01 1.575108085043736537e+03
5.890180360721442554e+01 1.575155609219859343e+03
5.902605210420841786e+01 1.575201480682623014e+03
5.915030060120240307e+01 1.575245632684368275e+03
5.927454909819639539e+01 1.575288011974895198e+03
5.939879759519038060e+01 1.575328579495519989e+03
5.952304609218436582e+01 1.575367310863732200e+03
5.964729458917835814e+01 1.575404196648455354e+03
5.977154308617234335e+01 1.575439242435902315e+03
5.989579158316633567e+01 1.575472468686039747e+03
6.002004008016032088e+01 1.575503910379646641e+03
6.014428857715430610e+01 1.575533616455977153e+03
6.026853707414829842e+01 1.575561649041025021e+03
6.039278557114228363e+01 1.575588082466384776e+03
6.051703406813626884e+01 1.575613002078719319e+03
6.064128256513026116e+01 1.575636502839824516e+03
6.076553106212424638e+01 1.575658687717296289e+03
6.088977955911823869e+01 1.575679665865798597e+03
6.101402805611222391e+01 1.575699550598930728e+03
6.113827655310620912e+01 1.575718457151699113e+03
6.126252505010020144e+01 1.575736500233585048e+03
6.138677354709418665e+01 1.575753791372218757e+03
6.151102204408817897e+01 1.575770436060143993e+03
6.163527054108216419e+01 1.575786533895310413e+03
6.175951903807614940e+01 1.575802183709985911e+03
6.188376753507014172e+01 1.575817484336436792e+03
6.200801603206412693e+01 1.575832534606932086e+03
6.213226452905811925e+01 1.575847433353737415e+03
6.225651302605210446e+01 1.575862279409121584e+03
6.238076152304608968e+01 1.575877171605351350e+03
6.250501002004008200e+01 1.575892208774694382e+03
6.262925851703406721e+01 1.575907489749418119e+03
6.275350701402805242e+01 1.575923114408371703e+03
6.287775551102204474e+01 1.575939188263629376e+03
6.300200400801602996e+01 1.575955821809037388e+03
6.312625250501002228e+01 1.575973128024484367e+03
6.325050100200400749e+01 1.575991220063978517e+03
6.337474949899799270e+01 1.576010209127850658e+03
6.349899799599198502e+01 1.576030202519077420e+03
6.362324649298597024e+01 1.576051301883728684e+03
6.374749498997996255e+01 1.576073601635532668e+03
6.387174348697394777e+01 1.576097187564571414e+03
6.399599198396793298e+01 1.576122135630086632e+03
6.412024048096192530e+01 1.576148510937419360e+03
6.424448897795591051e+01 1.576176366899063851e+03
6.436873747494990994e+01 1.576205744579847533e+03
6.449298597194388094e+01 1.576236672226230667e+03
6.461723446893788037e+01 1.576269164979728885e+03
6.474148296593186558e+01 1.576303224774461569e+03
6.486573146292585079e+01 1.576338840418813334e+03
6.498997995991983601e+01 1.576375987861228168e+03
6.511422845691382122e+01 1.576414630640117821e+03
6.523847695390782064e+01 1.576454720517896021e+03
6.536272545090180586e+01 1.576496198299134676e+03
6.548697394789579107e+01 1.576538994832839762e+03
6.561122244488977628e+01 1.576583032198853061e+03
6.573547094188376150e+01 1.576628225078371997e+03
6.585971943887776092e+01 1.576674482308595088e+03
6.598396793587174614e+01 1.576721708621487096e+03
6.610821643286573135e+01 1.576769806566667285e+03
6.623246492985971656e+01 1.576818678618418971e+03
6.635671342685370178e+01 1.576868229466823777e+03
6.648096192384770120e+01 1.576918368493014441e+03
6.660521042084168641e+01 1.576969010982411646e+03
6.672945891783567163e+01 1.577020073688710681e+03
6.685370741482965684e+01 1.577071473365830570e+03
6.697795591182364205e+01 1.577123126767690110e+03
6.710220440881764148e+01 1.577174950648209460e+03
6.722645290581161248e+01 1.577226861761307418e+03
6.735070140280561191e+01 1.577278776860902553e+03
6.747494989979959712e+01 1.577330612700914799e+03
6.759919839679358233e+01 1.577382286035262723e+03
6.772344689378758176e+01 1.577433713272933801e+03
6.784769539078155276e+01 1.577484807060238836e+03
6.797194388777555218e+01 1.577535475580240472e+03
6.809619238476953740e+01 1.577585624552637000e+03
6.822044088176352261e+01 1.577635159122718733e+03
6.834468937875752204e+01 1.577683985602732037e+03
6.846893787575149304e+01 1.577732013065645560e+03
6.859318637274549246e+01 1.577779154791327528e+03
6.871743486973947768e+01 1.577825329565127731e+03
6.884168336673346289e+01 1.577870462828867858e+03
6.896593186372746231e+01 1.577914487684235610e+03
6.909018036072143332e+01 1.577957345748589432e+03
6.921442885771543274e+01 1.577998987863166349e+03
6.933867735470941795e+01 1.578039374653699952e+03
6.946292585170340317e+01 1.578078476943441729e+03
6.958717434869740259e+01 1.578116276018592544e+03
6.971142284569137360e+01 1.578152763746136316e+03
6.983567134268537302e+01 1.578187942544088401e+03
6.995991983967935823e+01 1.578221825204139805e+03
7.008416833667334345e+01 1.578254434566718146e+03
7.020841683366734287e+01 1.578285803048448997e+03
7.033266533066131387e+01 1.578315972022027836e+03
7.045691382765531330e+01 1.578344991048495331e+03
7.058116232464929851e+01 1.578372916961922783e+03
7.070541082164328373e+01 1.578399812806501814e+03
7.082965931863728315e+01 1.578425746626041246e+03
7.095390781563125415e+01 1.578450790105873693e+03
7.107815631262525358e+01 1.578475017067162526e+03
7.120240480961923879e+01 1.578498501813622170e+03
7.132665330661322400e+01 1.578521317330642432e+03
7.145090180360722343e+01 1.578543533336817745e+03
7.157515030060119443e+01 1.578565214664505675e+03
7.169939879759519386e+01 1.578586424049118705e+03
7.182364729458917907e+01 1.578607224199537086e+03
7.194789579158316428e+01 1.578627677824640159e+03
7.207214428857716371e+01 1.578647847633308629e+03
7.219639278557113471e+01 1.578667796334421837e+03
7.232064128256513413e+01 1.578687586636860033e+03
7.244488977955911935e+01 1.578707281249503467e+03
7.256913827655310456e+01 1.578726942881231707e+03
7.269338677354710399e+01 1.578746634315095434e+03
7.281763527054107499e+01 1.578766420460035306e+03
7.294188376753507441e+01 1.578786369892840412e+03
7.306613226452905963e+01 1.578806553440155540e+03
7.319038076152304484e+01 1.578827042706891007e+03
7.331462925851704426e+01 1.578847908717481459e+03
7.343887775551101527e+01 1.578869220669996821e+03
7.356312625250501469e+01 1.578891044803098794e+03
7.368737474949899990e+01 1.578913443375848601e+03
7.381162324649298512e+01 1.578936473760363469e+03
7.393587174348697033e+01 1.578960187647322073e+03
7.406012024048095554e+01 1.578984630364318491e+03
7.418436873747495497e+01 1.579009840307067634e+03
7.430861723446894018e+01 1.579035848483457357e+03
7.443286573146292540e+01 1.579062678170449544e+03
7.455711422845691061e+01 1.579090344683833791e+03
7.468136272545089582e+01 1.579118855260825740e+03
7.480561122244489525e+01 1.579148209055518009e+03
7.492985971943888046e+01 1.579178397247177827e+03
7.505410821643286567e+01 1.579209403261396346e+03
7.517835671342685089e+01 1.579241203104085116e+03
7.530260521042083610e+01 1.579273765808321969e+03
7.542685370741483553e+01 1.579307053994047010e+03
7.555110220440882074e+01 1.579341024540606213e+03
7.567535070140280595e+01 1.579375629372146932e+03
7.579959919839679117e+01 1.579410816355859197e+03
7.592384769539077638e+01 1.579446530313068479e+03
7.604809619238477580e+01 1.579482714143176509e+03
7.617234468937874681e+01 1.579519310060451289e+03
7.629659318637274623e+01 1.579556260943669031e+03
7.642084168336673144e+01 1.579593511798598001e+03
7.654509018036071666e+01 1.579631011230855165e+03
7.666933867735471608e+01 1.579668710232331478e+03
7.679358717434868709e+01 1.579706559915375692e+03
7.691783567134268651e+01 1.579744511392337017e+03
7.704208416833667172e+01 1.579782515775563979e+03
7.716633266533065694e+01 1.579820524177405332e+03
7.729058116232465636e+01 1.579858487710210284e+03
7.741482965931862736e+01 1.579896357486326679e+03
7.753907815631262679e+01 1.579934084618103952e+03
7.766332665330661200e+01 1.579971620217890859e+03
7.778757515030059722e+01 1.580008915398036379e+03
7.791182364729459664e+01 1.580045921270888584e+03
7.803607214428856764e+01 1.580082588948797593e+03
7.816032064128256707e+01 1.580118869544110566e+03
7.828456913827655228e+01 1.580154714169177396e+03
7.840881763527053749e+01 1.580190073936346153e+03
7.853306613226453692e+01 1.580224899957966045e+03
7.865731462925850792e+01 1.580259143346386054e+03
7.878156312625250735e+01 1.580292755213954479e+03
7.890581162324649256e+01 1.580325686673020755e+03
7.903006012024047777e+01 1.580357888835932727e+03
7.915430861723447720e+01 1.580389312815039830e+03
7.927855711422844820e+01 1.580419909722691045e+03
7.940280561122244762e+01 1.580449630671234445e+03
7.952705410821643284e+01 1.580478426773019009e+03
7.965130260521041805e+01 1.580506249140393948e+03
7.977555110220441748e+01 1.580533048885708013e+03
7.989979959919838848e+01 1.580558777121309276e+03
8.002404809619238790e+01 1.580583384959547402e+03
8.014829659318637312e+01 1.580606823512770688e+03
8.027254509018035833e+01 1.580629043893327889e+03
8.039679358717435775e+01 1.580649997213567758e+03
8.052104208416832876e+01 1.580669634585839731e+03
8.064529058116232818e+01 1.580687907122491879e+03
8.076953907815631339e+01 1.580704765935873183e+03
8.089378757515029861e+01 1.580720162138332626e+03
8.101803607214429803e+01 1.580734046842218504e+03
8.114228456913826903e+01 1.580746371159880255e+03
8.126653306613226846e+01 1.580757086203666177e+03
8.139078156312625367e+01 1.580766143085925023e+03
8.151503006012023889e+01 1.580773492919005776e+03
8.163927855711423831e+01 1.580779086815257642e+03
8.176352705410820931e+01 1.580782875887028695e+03
8.188777555110220874e+01 1.580784811246667914e+03
8.201202404809619395e+01 1.580784844006524054e+03
8.213627254509017916e+01 1.580782925278946095e+03
8.226052104208417859e+01 1.580779006176318944e+03
8.238476953907814959e+01 1.580773037810919050e+03
8.250901803607214902e+01 1.580764971295131090e+03
8.263326653306613423e+01 1.580754757741304275e+03
8.275751503006011944e+01 1.580742348261787129e+03
8.288176352705410466e+01 1.580727693968928634e+03
8.300601202404808987e+01 1.580710745975077316e+03
8.313026052104208929e+01 1.580691455392582156e+03
8.325450901803607451e+01 1.580669773333791682e+03
8.337875751503005972e+01 1.580645650911055100e+03
8.350300601202404494e+01 1.580619039236720937e+03
8.362725450901803015e+01 1.580589889423137947e+03
8.375150300601202957e+01 1.580558152582654884e+03
8.387575150300601479e+01 1.580523779827620729e+03
8.400000000000000000e+01 1.580486722270384234e+03
