1.307642092220166363e+00 1.609195389487315879e+03
1.525239276885954398e+00 1.609279047445291553e+03
1.742836461551742211e+00 1.609357383631548601e+03
1.960433646217530246e+00 1.609430533716100399e+03
2.178030830883318281e+00 1.609498633368961691e+03
2.395628015549106316e+00 1.609561818260145628e+03
2.613225200214894350e+00 1.609620224059666725e+03
2.830822384880681941e+00 1.609673986437538815e+03
3.048419569546469976e+00 1.609723241063775504e+03
3.266016754212258011e+00 1.609768123608391306e+03
3.483613938878045602e+00 1.609808769741399601e+03
3.701211123543833637e+00 1.609845315132814676e+03
3.918808308209621671e+00 1.609877895452650364e+03
4.136405492875409706e+00 1.609906646370920726e+03
4.354002677541197741e+00 1.609931703557639594e+03
4.571599862206985776e+00 1.609953202682783740e+03
4.789197046872773811e+00 1.609971279416441348e+03
5.006794231538561846e+00 1.609986069428589417e+03
5.224391416204349881e+00 1.609997708389241780e+03
5.441988600870137027e+00 1.610006331968412496e+03
5.659585785535925062e+00 1.610012075836115400e+03
5.877182970201713097e+00 1.610015075662364552e+03
6.094780154867501132e+00 1.610015467117173785e+03
6.312377339533289167e+00 1.610013385870556931e+03
6.529974524199077202e+00 1.610008967592528052e+03
6.747571708864865236e+00 1.610002347953101435e+03
6.965168893530653271e+00 1.609993662622290685e+03
7.182766078196440418e+00 1.609983047270109637e+03
7.400363262862228453e+00 1.609970637566572577e+03
7.617960447528016488e+00 1.609956569181692885e+03
7.835557632193804523e+00 1.609940977785485302e+03
8.053154816859592557e+00 1.609923999047963207e+03
8.270752001525380592e+00 1.609905768639140888e+03
8.488349186191168627e+00 1.609886422229031723e+03
8.705946370856956662e+00 1.609866095487650227e+03
8.923543555522744697e+00 1.609844924085010234e+03
9.141140740188532732e+00 1.609823043691125804e+03
9.358737924854320767e+00 1.609800589976010770e+03
9.576335109520108801e+00 1.609777698609678737e+03
9.793932294185896836e+00 1.609754505262144221e+03
1.001152947885168487e+01 1.609731145603420600e+03
1.022912666351747291e+01 1.609707755303522390e+03
1.044672384818326094e+01 1.609684470032462968e+03
1.066432103284904898e+01 1.609661425872417567e+03
1.088191821751483701e+01 1.609638766605930641e+03
1.109951540218062505e+01 1.609616647374198010e+03
1.131711258684641308e+01 1.609595229987935227e+03
1.153470977151220112e+01 1.609574678299995412e+03
1.175230695617798915e+01 1.609555153935436010e+03
1.196990414084377718e+01 1.609536812379033336e+03
1.218750132550956522e+01 1.609519799420245363e+03
1.240509851017535325e+01 1.609504247955624123e+03
1.262269569484114129e+01 1.609490275148674300e+03
1.284029287950692932e+01 1.609477979947161884e+03
1.305789006417271558e+01 1.609467440957871304e+03
1.327548724883850362e+01 1.609458714678809201e+03
1.349308443350429165e+01 1.609451834088858504e+03
1.371068161817007969e+01 1.609446807594879147e+03
1.392827880283586772e+01 1.609443618336258623e+03
1.414587598750165576e+01 1.609442223846909201e+03
1.436347317216744379e+01 1.609442556074715867e+03
1.458107035683323183e+01 1.609444521758430938e+03
1.479866754149901986e+01 1.609448003162015539e+03
1.501626472616480790e+01 1.609452859166433427e+03
1.523386191083059593e+01 1.609458926718890098e+03
1.545145909549638397e+01 1.609466022639520588e+03
1.566905628016217200e+01 1.609473945421213557e+03
1.588665346482796004e+01 1.609482471880271760e+03
1.610425064949374629e+01 1.609491357381785974e+03
1.632184783415953433e+01 1.609500342795121014e+03
1.653944501882532236e+01 1.609509161725740114e+03
1.675704220349111040e+01 1.609517547822998040e+03
1.697463938815689843e+01 1.609525242163887015e+03
1.719223657282268647e+01 1.609532000712751369e+03
1.740983375748847450e+01 1.609537601287441476e+03
1.762743094215426254e+01 1.609541840729394835e+03
1.784502812682005057e+01 1.609544530478202660e+03
1.806262531148583861e+01 1.609545498025096549e+03
1.828022249615162664e+01 1.609544588298945428e+03
1.849781968081741468e+01 1.609541664770767738e+03
1.871541686548320271e+01 1.609536610276752299e+03
1.893301405014899075e+01 1.609529327559795092e+03
1.915061123481477878e+01 1.609519739529546769e+03
1.936820841948056682e+01 1.609507789240973807e+03
1.958580560414635485e+01 1.609493439591429706e+03
1.980340278881214289e+01 1.609476672736241653e+03
2.002099997347793092e+01 1.609457489222809045e+03
2.023859715814371896e+01 1.609435906843211342e+03
2.045619434280950699e+01 1.609411959205333915e+03
2.067379152747529503e+01 1.609385693742602371e+03
2.089138871214108306e+01 1.609357165599400787e+03
2.110898589680687110e+01 1.609326433690489921e+03
2.132658308147265913e+01 1.609293560718636627e+03
2.154418026613844717e+01 1.609258612834858695e+03
2.176177745080423520e+01 1.609221658823675170e+03
2.197937463547002324e+01 1.609182768813377379e+03
2.219697182013581127e+01 1.609142012511302937e+03
2.241456900480159931e+01 1.609099457467527827e+03
2.263216618946738734e+01 1.609055174800297436e+03
2.284976337413317538e+01 1.609009245397813629e+03
2.306736055879896341e+01 1.608961761205307766e+03
2.328495774346475145e+01 1.608912826173593885e+03
2.350255492813053948e+01 1.608862557014120739e+03
2.372015211279632751e+01 1.608811083760526571e+03
2.393774929746211555e+01 1.608758550136687745e+03
2.415534648212790358e+01 1.608705113731272832e+03
2.437294366679369162e+01 1.608650945978793970e+03
2.459054085145947610e+01 1.608596231947154365e+03
2.480813803612526414e+01 1.608541169931702143e+03
2.502573522079105217e+01 1.608485970855778532e+03
2.524333240545684021e+01 1.608430857477767631e+03
2.546092959012262824e+01 1.608376063404643673e+03
2.567852677478841628e+01 1.608321833222524901e+03
2.589612395945420431e+01 1.608268438812985778e+03
2.611372114411999235e+01 1.608216184136409993e+03
2.633131832878578038e+01 1.608165392593649131e+03
2.654891551345156842e+01 1.608116394589455467e+03
2.676651269811735645e+01 1.608069515716261321e+03
2.698410988278314449e+01 1.608025065558306778e+03
2.720170706744893252e+01 1.607983327116113287e+03
2.741930425211472055e+01 1.607944547238062341e+03
2.763690143678050859e+01 1.607908933234124561e+03
2.785449862144629662e+01 1.607876650514354878e+03
2.807209580611208466e+01 1.607847817888317650e+03
2.828969299077787269e+01 1.607822503593259626e+03
2.850729017544366073e+01 1.607800722136122658e+03
2.872488736010944876e+01 1.607782431949412057e+03
2.894248454477523680e+01 1.607767533860905814e+03
2.916008172944102483e+01 1.607755870377216525e+03
2.937767891410681287e+01 1.607747225781199177e+03
2.959527609877260090e+01 1.607741327043206638e+03
2.981287328343838894e+01 1.607737845546194421e+03
3.003047046810417697e+01 1.607736399624672458e+03
3.024806765276996501e+01 1.607736557917503887e+03
3.046566483743575304e+01 1.607737843534554031e+03
3.068326202210154108e+01 1.607739736928238699e+03
3.090085920676732911e+01 1.607741655537386578e+03
3.111845639143311715e+01 1.607742952142743434e+03
3.133605357609890518e+01 1.607742938145230482e+03
3.155365076076469322e+01 1.607740906986107802e+03
3.177124794543048125e+01 1.607736157200121397e+03
3.198884513009626929e+01 1.607728015101624351e+03
3.220644231476205732e+01 1.607715857103676854e+03
3.242403949942784180e+01 1.607699129859305003e+03
3.264163668409363339e+01 1.607677346223992799e+03
3.285923386875941787e+01 1.607650080191936240e+03
3.307683105342520946e+01 1.607616973511306242e+03
3.329442823809099394e+01 1.607577741421563360e+03
3.351202542275677843e+01 1.607532177209908696e+03
3.372962260742257001e+01 1.607480155586857109e+03
3.394721979208835450e+01 1.607421634880946840e+03
3.416481697675414608e+01 1.607356658052573721e+03
3.438241416141993056e+01 1.607285352526958377e+03
3.460001134608572215e+01 1.607207928846240975e+03
3.481760853075150663e+01 1.607124678140707601e+03
3.503520571541729822e+01 1.607035968419143956e+03
3.525280290008308270e+01 1.606942239678321585e+03
3.547040008474887429e+01 1.606843997831611432e+03
3.568799726941465877e+01 1.606741809147972617e+03
3.590559445408045036e+01 1.606636311124120311e+03
3.612319163874623484e+01 1.606528208161449584e+03
3.634078882341202643e+01 1.606418249221937458e+03
3.655838600807781091e+01 1.606307204853942949e+03
3.677598319274360250e+01 1.606195843893926167e+03
3.699358037740938698e+01 1.606084909844093318e+03
3.721117756207517857e+01 1.605975096925959633e+03
3.742877474674096305e+01 1.605867028723923340e+03
3.764637193140675464e+01 1.605761271622544655e+03
3.786396911607253912e+01 1.605658347379686120e+03
3.808156630073833071e+01 1.605558728493912895e+03
3.829916348540411519e+01 1.605462834060371733e+03
3.851676067006989967e+01 1.605371026483457172e+03
3.873435785473569126e+01 1.605283609046273796e+03
3.895195503940147574e+01 1.605200824336887990e+03
3.916955222406726733e+01 1.605122853531376450e+03
3.938714940873305181e+01 1.605049816533661215e+03
3.960474659339884340e+01 1.604981772972142608e+03
3.982234377806462788e+01 1.604918724053122560e+03
4.003994096273041947e+01 1.604860615271019469e+03
4.025753814739620395e+01 1.604807339975378682e+03
4.047513533206199554e+01 1.604758743794669726e+03
4.069273251672778002e+01 1.604714629106097846e+03
4.091032970139357161e+01 1.604674752636883568e+03
4.112792688605935609e+01 1.604638830458489110e+03
4.134552407072514768e+01 1.604606550879264205e+03
4.156312125539093216e+01 1.604577587930036998e+03
4.178071844005672375e+01 1.604551615333667314e+03
4.199831562472250823e+01 1.604528320958565246e+03
4.221591280938829982e+01 1.604507421756167105e+03
4.243350999405408430e+01 1.604488676845460304e+03
4.265110717871987589e+01 1.604471875220906213e+03
4.286870436338566037e+01 1.604456825408632994e+03
4.308630154805145196e+01 1.604443357412984142e+03
4.330389873271723644e+01 1.604431324511700950e+03
4.352149591738302803e+01 1.604420604678282871e+03
4.373909310204881251e+01 1.604411101631512793e+03
4.395669028671460410e+01 1.604402745512154297e+03
4.417428747138038858e+01 1.604395493186816793e+03
4.439188465604618017e+01 1.604389328178995129e+03
4.460948184071196465e+01 1.604384260227272307e+03
4.482707902537775624e+01 1.604380324470699406e+03
4.504467621004354072e+01 1.604377580261337926e+03
4.526227339470933231e+01 1.604376109603978875e+03
4.547987057937511679e+01 1.604376015223027707e+03
4.569746776404090838e+01 1.604377418906904722e+03
4.591506494870669286e+01 1.604380465155154070e+03
4.613266213337248445e+01 1.604385319367612965e+03
4.635025931803826893e+01 1.604392160728687713e+03
4.656785650270406052e+01 1.604401174926860449e+03
4.678545368736984500e+01 1.604412546773637132e+03
4.700305087203563659e+01 1.604426452721933856e+03
4.722064805670142107e+01 1.604443053283907147e+03
4.743824524136721266e+01 1.604462486468541783e+03
4.765584242603299714e+01 1.604484872522946489e+03
4.787343961069878162e+01 1.604510317476150703e+03
4.809103679536457321e+01 1.604538911640642254e+03
4.830863398003035769e+01 1.604570728307304080e+03
4.852623116469614928e+01 1.604605822712620011e+03
4.874382834936193376e+01 1.604644231278149164e+03
4.896142553402772535e+01 1.604685971122274850e+03
4.917902271869350983e+01 1.604731039844221641e+03
4.939661990335930142e+01 1.604779415580341947e+03
4.961421708802508590e+01 1.604831057332673936e+03
4.983181427269087749e+01 1.604885905569772831e+03
5.004941145735666197e+01 1.604943883099806271e+03
5.026700864202245356e+01 1.605004896215927602e+03
5.048460582668823804e+01 1.605068836113912084e+03
5.070220301135402963e+01 1.605135580231510630e+03
5.091980019601981411e+01 1.605204991055484697e+03
5.113739738068560570e+01 1.605276917852816496e+03
5.135499456535139018e+01 1.605351200997740989e+03
5.157259175001718177e+01 1.605427676462122008e+03
5.179018893468296625e+01 1.605506180444100210e+03
5.200778611934875784e+01 1.605586554135009692e+03
5.222538330401454232e+01 1.605668648624565094e+03
5.244298048868033391e+01 1.605752329045690203e+03
5.266057767334611839e+01 1.605837470430067924e+03
5.287817485801190998e+01 1.605923954832899199e+03
5.309577204267769446e+01 1.606011672059820285e+03
5.331336922734348605e+01 1.606100520306282760e+03
5.353096641200927053e+01 1.606190406662938358e+03
5.374856359667506212e+01 1.606281247487018845e+03
5.396616078134084660e+01 1.606372968639719147e+03
5.418375796600663818e+01 1.606465505589579607e+03
5.440135515067242267e+01 1.606558803381866710e+03
5.461895233533821425e+01 1.606652816473954090e+03
5.483654952000399874e+01 1.606747508436704493e+03
5.505414670466979032e+01 1.606842851521848388e+03
5.527174388933557481e+01 1.606938826095367403e+03
5.548934107400136639e+01 1.607035419936873723e+03
5.570693825866715088e+01 1.607132627472013610e+03
5.592453544333294246e+01 1.607230449362778927e+03
5.614213262799872695e+01 1.607328891474332522e+03
5.635972981266451853e+01 1.607427963319310265e+03
5.657732699733030302e+01 1.607527676388152031e+03
5.679492418199609460e+01 1.607628042368895194e+03
5.701252136666187909e+01 1.607729071256418820e+03
5.723011855132766357e+01 1.607830769351142862e+03
5.744771573599345516e+01 1.607933137631577438e+03
5.766531292065923964e+01 1.608036174207093381e+03
5.788291010532503122e+01 1.608139875944484857e+03
5.810050728999081571e+01 1.608244238351256399e+03
5.831810447465660729e+01 1.608349255464221642e+03
5.853570165932239178e+01 1.608454919761548581e+03
5.875329884398818336e+01 1.608561222098269582e+03
5.897089602865396785e+01 1.608668151665238838e+03
5.918849321331975943e+01 1.608775695971547748e+03
5.940609039798554392e+01 1.608883840850394790e+03
5.962368758265133550e+01 1.608992570488410820e+03
5.984128476731711999e+01 1.609101867478436816e+03
6.005888195198291157e+01 1.609211712895760002e+03
6.027647913664869606e+01 1.609322086397802195e+03
6.049407632131448764e+01 1.609432966347263118e+03
6.071167350598027213e+01 1.609544330488122569e+03
6.092927069064606371e+01 1.609656160210881808e+03
6.114686787531184819e+01 1.609768441115888436e+03
6.136446505997763978e+01 1.609881160914962720e+03
6.158206224464342426e+01 1.609994307507670555e+03
6.179965942930921585e+01 1.610107867251082098e+03
6.201725661397500033e+01 1.610221823423015849e+03
6.223485379864079192e+01 1.610336154878767047e+03
6.245245098330657640e+01 1.610450834808709487e+03
6.267004816797236799e+01 1.610565828949366050e+03
6.288764535263815247e+01 1.610681094140426922e+03
6.310524253730394406e+01 1.610796577348346318e+03
6.332283972196972854e+01 1.610912214862441488e+03
6.354043690663552013e+01 1.611027931661021967e+03
6.375803409130130461e+01 1.611143640947550011e+03
6.397563127596709620e+01 1.611259243856831290e+03
6.419322846063288068e+01 1.611374629331234928e+03
6.441082564529867227e+01 1.611489674166945406e+03
6.462842282996446386e+01 1.611604243230247221e+03
6.484602001463025545e+01 1.611718189843832306e+03
6.506361719929603282e+01 1.611831356343147036e+03
6.528121438396182441e+01 1.611943574802765625e+03
6.549881156862761600e+01 1.612054667932791745e+03
6.571640875329339337e+01 1.612164448651253451e+03
6.593400593795918496e+01 1.612272710589054896e+03
6.615160312262497655e+01 1.612379228878776075e+03
6.636920030729075393e+01 1.612483767745679188e+03
6.658679749195654551e+01 1.612586087863488046e+03
6.680439467662233710e+01 1.612685953438744718e+03
6.702199186128812869e+01 1.612783139023737476e+03
6.723958904595390607e+01 1.612877436058011199e+03
6.745718623061969765e+01 1.612968658406931354e+03
6.767478341528548924e+01 1.613056642225315954e+03
6.789238059995128083e+01 1.613141246846854301e+03
6.810997778461705821e+01 1.613222357289512729e+03
6.832757496928284979e+01 1.613299886333119730e+03
6.854517215394864138e+01 1.613373776155491669e+03
6.876276933861443297e+01 1.613443999527110464e+03
6.898036652328021034e+01 1.613510560564338675e+03
6.919796370794600193e+01 1.613573495041187016e+03
6.941556089261179352e+01 1.613632870259621768e+03
6.963315807727758511e+01 1.613688784478417347e+03
6.985075526194336248e+01 1.613741365900559686e+03
7.006835244660915407e+01 1.613790771219185899e+03
7.028594963127494566e+01 1.613837183722077953e+03
7.050354681594073725e+01 1.613880810954692834e+03
7.072114400060651462e+01 1.613921882708998055e+03
7.093874118527230621e+01 1.613960652925386512e+03
7.115633836993809780e+01 1.613997396164125803e+03
7.137393555460388939e+01 1.614032400654277808e+03
7.159153273926966676e+01 1.614065961097932131e+03
7.180912992393545835e+01 1.614098371242022722e+03
7.202672710860124994e+01 1.614129916217729033e+03
7.224432429326704153e+01 1.614160864647456265e+03
7.246192147793281890e+01 1.614191462583826478e+03
7.267951866259861049e+01 1.614221941324825366e+03
7.289711584726440208e+01 1.614252521144875800e+03
7.311471303193019367e+01 1.614283410132772360e+03
7.333231021659597104e+01 1.614314803212452944e+03
7.354990740126176263e+01 1.614346881372810458e+03
7.376750458592755422e+01 1.614379811106541410e+03
7.398510177059334580e+01 1.614413744058030034e+03
7.420269895525912318e+01 1.614448816880271806e+03
7.442029613992491477e+01 1.614485151300832968e+03
7.463789332459070636e+01 1.614522854396849652e+03
7.485549050925649794e+01 1.614562019079060747e+03
7.507308769392227532e+01 1.614602724784880138e+03
7.529068487858806691e+01 1.614645038380507458e+03
7.550828206325385850e+01 1.614689015272073675e+03
7.572587924791963587e+01 1.614734701940672494e+03
7.594347643258542746e+01 1.614782145013891295e+03
7.616107361725121905e+01 1.614831392968735372e+03
7.637867080191701064e+01 1.614882493912609334e+03
7.659626798658278801e+01 1.614935493866862089e+03
7.681386517124857960e+01 1.614990435565211783e+03
7.703146235591437119e+01 1.615047357767051381e+03
7.724905954058016277e+01 1.615106295085633064e+03
7.746665672524594015e+01 1.615167277270963950e+03
7.768425390991173174e+01 1.615230322300145872e+03
7.790185109457752333e+01 1.615295432027838388e+03
7.811944827924331491e+01 1.615362590445487967e+03
7.833704546390909229e+01 1.615431762255278045e+03
7.855464264857488388e+01 1.615502891749924402e+03
7.877223983324067547e+01 1.615575901998304971e+03
7.898983701790646705e+01 1.615650694336943161e+03
7.920743420257224443e+01 1.615727148167321957e+03
7.942503138723803602e+01 1.615805121059048361e+03
7.964262857190382761e+01 1.615884449158858160e+03
7.986022575656961919e+01 1.615964947905459667e+03
8.007782294123539657e+01 1.616046413050223919e+03
8.029542012590118816e+01 1.616128621983715448e+03
8.051301731056697975e+01 1.616211335368064738e+03
8.073061449523277133e+01 1.616294296016204044e+03
8.094821167989854871e+01 1.616377213462873669e+03
8.116580886456434030e+01 1.616459767121616096e+03
8.138340604923013188e+01 1.616541618848598091e+03
8.160100323389592347e+01 1.616622425117891453e+03
8.181860041856170085e+01 1.616701848789534779e+03
8.203619760322749244e+01 1.616779570470384442e+03
8.225379478789328402e+01 1.616855299467750001e+03
8.247139197255907561e+01 1.616928782657176043e+03
8.268898915722485299e+01 1.616999803106652053e+03
8.290658634189064458e+01 1.617068181597901457e+03
8.312418352655643616e+01 1.617133780639768702e+03
8.334178071122222775e+01 1.617196507777467332e+03
8.355937789588800513e+01 1.617256318188767636e+03
8.377697508055379672e+01 1.617313216567132031e+03
8.399457226521958830e+01 1.617367258291793178e+03
8.421216944988537989e+01 1.617418549884775757e+03
8.442976663455115727e+01 1.617467248754862794e+03
8.464736381921694885e+01 1.617513562228507681e+03
8.486496100388274044e+01 1.617557745867685981e+03
8.508255818854851782e+01 1.617600101074697932e+03
8.530015537321430941e+01 1.617640971983908230e+03
8.551775255788010099e+01 1.617680741640435599e+03
8.573534974254589258e+01 1.617719832254602352e+03
8.595294692721166996e+01 1.617758725712279102e+03
8.617054411187746155e+01 1.617797955987710111e+03
8.638814129654325313e+01 1.617838088382667820e+03
8.660573848120904472e+01 1.617879699071737832e+03
8.682333566587482210e+01 1.617923354970129139e+03
8.704093285054061369e+01 1.617969593924002083e+03
8.725853003520640527e+01 1.618018905223315869e+03
8.747612721987219686e+01 1.618071714664020192e+03
8.769372440453797424e+01 1.618128392878852310e+03
8.791132158920376583e+01 1.618189255589889854e+03
8.812891877386955741e+01 1.618254557802974887e+03
8.834651595853534900e+01 1.618324489024206741e+03
8.856411314320112638e+01 1.618399169512008484e+03
8.878171032786691796e+01 1.618478647564773837e+03
8.899930751253270955e+01 1.618562897844089321e+03
8.921690469719850114e+01 1.618651820733531622e+03
8.943450188186427852e+01 1.618745242733044961e+03
8.965209906653007010e+01 1.618842917888890724e+03
8.986969625119586169e+01 1.618944530259178237e+03
9.008729343586165328e+01 1.619049697414967341e+03
9.030489062052743066e+01 1.619157974976952119e+03
9.052248780519322224e+01 1.619268862187718923e+03
9.074008498985901383e+01 1.619381803146811308e+03
9.095768217452480542e+01 1.619496167541408568e+03
9.117527935919058280e+01 1.619611261778930384e+03
9.139287654385637438e+01 1.619726353375127019e+03
9.161047372852216597e+01 1.619840695307249689e+03
9.182807091318795756e+01 1.619953550322972433e+03
9.204566809785373493e+01 1.620064215205061600e+03
9.226326528251952652e+01 1.620172044991794792e+03
9.248086246718531811e+01 1.620276470536065062e+03
9.269845965185110970e+01 1.620376982736466971e+03
9.291605683651688707e+01 1.620473129889928941e+03
9.313365402118267866e+01 1.620564523724089668e+03
9.335125120584847025e+01 1.620650844361713325e+03
9.356884839051426184e+01 1.620731844205269226e+03
9.378644557518003921e+01 1.620807350741688879e+03
9.400404275984583080e+01 1.620877268267297040e+03
9.422163994451162239e+01 1.620941578532910853e+03
9.443923712917739977e+01 1.621000340309115472e+03
9.465683431384319135e+01 1.621053687871709371e+03
9.487443149850898294e+01 1.621101828407325002e+03
9.509202868317477453e+01 1.621145038339221401e+03
9.530962586784055190e+01 1.621183658573247158e+03
9.552722305250634349e+01 1.621218088663978051e+03
9.574482023717213508e+01 1.621248783772316756e+03
9.596241742183792667e+01 1.621276264734206507e+03
9.618001460650370404e+01 1.621301106847382471e+03
9.639761179116949563e+01 1.621323919887083775e+03
9.661520897583528722e+01 1.621345327763400064e+03
9.683280616050107881e+01 1.621365947823171837e+03
9.705040334516685618e+01 1.621386369796460258e+03
9.726800052983264777e+01 1.621407134387571205e+03
9.748559771449843936e+01 1.621428718934593462e+03
9.770319489916423095e+01 1.621451557311774195e+03
9.792079208383000832e+01 1.621476044793668734e+03
9.813838926849579991e+01 1.621502534022955615e+03
9.835598645316159150e+01 1.621531331695890231e+03
9.857358363782738309e+01 1.621562695972142365e+03
9.879118082249316046e+01 1.621596834609026473e+03
9.900877800715895205e+01 1.621633903820118121e+03
9.922637519182474364e+01 1.621674007858259984e+03
9.944397237649053523e+01 1.621717199322954002e+03
9.966156956115631260e+01 1.621763480192147654e+03
9.987916674582210419e+01 1.621812803578402281e+03
1.000967639304878958e+02 1.621865076209453036e+03
1.003143611151536874e+02 1.621920161633158614e+03
1.005319582998194647e+02 1.621977884146838733e+03
1.007495554844852563e+02 1.622038033450997318e+03
1.009671526691510479e+02 1.622100370027437748e+03
1.011847498538168395e+02 1.622164631241766301e+03
1.014023470384826169e+02 1.622230538170282671e+03
1.016199442231484085e+02 1.622297803151259131e+03
1.018375414078142001e+02 1.622366138060609273e+03
1.020551385924799916e+02 1.622435263311945619e+03
1.022727357771457690e+02 1.622504917581024984e+03
1.024903329618115606e+02 1.622574862905338250e+03
1.027079301464773522e+02 1.622644867415670433e+03
1.029255273311431438e+02 1.622714699244928852e+03
1.031431245158089212e+02 1.622784126526019918e+03
1.033607217004747127e+02 1.622852917391851179e+03
1.035783188851405043e+02 1.622920839975329272e+03
1.037959160698062817e+02 1.622987662409360837e+03
1.040135132544720733e+02 1.623053152826853420e+03
1.042311104391378649e+02 1.623117079360714115e+03
1.044487076238036565e+02 1.623179210143848877e+03
1.046663048084694339e+02 1.623239313309165482e+03
1.048839019931352254e+02 1.623297156989571477e+03
1.051014991778010170e+02 1.623352509317971908e+03
1.053190963624668086e+02 1.623405138427275688e+03
1.055366935471325860e+02 1.623454812450388772e+03
1.057542907317983776e+02 1.623501299520218026e+03
1.059718879164641692e+02 1.623544367769670771e+03
1.061894851011299608e+02 1.623583785331654099e+03
1.064070822857957381e+02 1.623619320339074420e+03
1.066246794704615297e+02 1.623650740924839283e+03
1.068422766551273213e+02 1.623677815221892615e+03
1.070598738397931129e+02 1.623700311363066930e+03
1.072774710244588903e+02 1.623717997481306384e+03
1.074950682091246819e+02 1.623730641709517840e+03
1.077126653937904734e+02 1.623738012180608393e+03
1.079302625784562650e+02 1.623739877027485136e+03
1.081478597631220424e+02 1.623736004383054933e+03
1.083654569477878340e+02 1.623726162380224650e+03
1.085830541324536256e+02 1.623710119151901154e+03
1.088006513171194172e+02 1.623687642830991535e+03
1.090182485017851945e+02 1.623658501550402889e+03
1.092358456864509861e+02 1.623622463443042079e+03
1.094534428711167777e+02 1.623579296641815972e+03
1.096710400557825693e+02 1.623528769279631433e+03
1.098886372404483467e+02 1.623470649489395782e+03
