56
# x y z
0.0 0.0 0.0
1.5 0.0 0.0
3.0 0.0 0.0
4.5 0.0 0.0
6.0 0.0 0.0
7.5 0.0 0.0
9.0 0.0 0.0
10.5 0.0 0.0
12.0 0.0 0.0
13.5 0.0 0.0
15.0 0.0 0.0
16.5 0.0 0.0
18.0 0.0 0.0
19.5 0.0 0.0
21.0 0.0 0.0
22.5 0.0 0.0
24.0 0.0 0.0
25.5 0.0 0.0
27.0 0.0 0.0
28.5 0.0 0.0
30.0 0.0 0.0
31.5 0.0 0.0
33.0 0.0 0.0
34.5 0.0 0.0
36.0 0.0 0.0
37.5 0.0 0.0
39.0 0.0 0.0
40.5 0.0 0.0
42.0 0.0 0.0
43.5 0.0 0.0
45.0 0.0 0.0
46.5 0.0 0.0
48.0 0.0 0.0
49.5 0.0 0.0
51.0 0.0 0.0
52.5 0.0 0.0
54.0 0.0 0.0
55.5 0.0 0.0
57.0 0.0 0.0
58.5 0.0 0.0
60.0 0.0 0.0
61.5 0.0 0.0
63.0 0.0 0.0
64.5 0.0 0.0
66.0 0.0 0.0
67.5 0.0 0.0
69.0 0.0 0.0
70.5 0.0 0.0
72.0 0.0 0.0
73.5 0.0 0.0
75.0 0.0 0.0
76.5 0.0 0.0
78.0 0.0 0.0
79.5 0.0 0.0
81.0 0.0 0.0
82.5 0.0 0.0
900
# a b m n r rhoa k err
2 14 6 10 67.4879981 2547.750484013471 37.75116399568342 0.01
2 17 7 12 54.4777774 2569.5307554052984 47.16658568022451 0.01
2 20 8 14 34.8661281 1972.5685533969029 56.57549779371409 0.01
2 23 9 16 24.7948336 1636.1509901760671 65.98757695135599 0.01
2 26 10 18 20.4168594 1539.5258699563683 75.40463691278435 0.01
2 29 11 20 16.0963544 1365.3738082005507 84.82503393442622 0.01
2 32 12 22 12.2745814 1156.8454298849547 94.24724087820663 0.01
2 35 13 24 10.9741666 1137.6944133717088 103.6702334527807 0.023134211607867463
2 38 14 26 9.88185492 1117.5712419368924 113.09326548349006 0.01
2 41 15 28 9.15067826 1121.1060002195716 122.51616419738176 0.01
2 44 16 30 8.09875892 1068.5387824372722 131.9385837993647 0.01
2 47 17 32 7.24957476 1024.8045819547158 141.3606474698546 0.019187286908703055
3 12 6 9 97.2712787 2753.9405323776527 28.311959801322658 0.01
3 15 7 11 73.771863 2785.043930670101 37.75211601569695 0.01
3 18 8 13 48.9316455 2307.950973070874 47.16683752380398 0.01
3 21 9 15 31.2403657 1767.4356113194985 56.57538161659543 0.01
3 24 10 17 24.9794424 1648.334439288377 65.987639471423 0.01
3 27 11 19 18.8794026 1423.5946502910676 75.404644969596 0.01
3 30 12 21 14.0634452 1192.934401443856 84.82518931021653 0.01
3 33 13 23 12.5965113 1187.1863098554936 94.24723096588606 0.01
3 36 14 25 11.5254056 1194.8395945284879 103.67006906277449 0.01
3 39 15 27 10.1230512 1144.848160725233 113.0931907886856 0.01
3 42 16 29 8.87256691 1087.0317758475867 122.51604151019997 0.01
3 45 17 31 7.83657368 1033.9462876168068 131.93856522469483 0.01
3 48 18 33 6.98030793 986.7406998534025 141.36062617131597 0.012583792750139782
4 13 7 10 94.7022421 2681.158275127914 28.311455100469196 0.01
4 16 8 12 72.2381716 2727.106203658905 37.751595081331004 0.01
4 19 9 14 41.623572 1963.2533563559275 47.16686391922172 0.01
4 22 10 16 30.8640817 1746.1522802358395 56.57554620314006 0.01
4 25 11 18 22.6510048 1494.6827103827682 65.98747930081973 0.01
4 28 12 20 16.3491988 1232.8027297004523 75.40447362475355 0.01
4 31 13 22 14.4061536 1221.9990094916284 84.82479386389636 0.01
4 34 14 24 12.8384781 1209.9890269147288 94.24707644395396 0.01
4 37 15 26 11.47582 1189.6984255922116 103.67001448194652 0.01
4 40 16 28 9.89247051 1118.7706715776933 113.09315205405584 0.01
4 43 17 30 8.57508165 1050.5841286332293 122.51593296878163 0.01
4 46 18 32 7.61458457 1004.656723195326 131.9384812079546 0.01
4 49 19 34 6.66377059 941.9943018140123 141.36055392237208 0.01
5 14 8 11 92.1768445 2609.709959871335 28.311990652612703 0.01
5 17 9 13 59.1003545 2231.155451171915 37.751980847626136 0.01
5 20 10 15 38.3202792 1807.457370954762 47.167124266536185 0.01
5 23 11 17 27.5815236 1560.4352663583397 56.57538318000459 0.01
5 26 12 19 19.1095315 1260.9946575322945 65.98773274647233 0.01
5 29 13 21 16.2513422 1225.4284711092578 75.40475463677441 0.01
5 32 14 23 14.6279924 1240.816908677883 84.82482590556192 0.01
5 35 15 25 13.1912646 1243.2381927041079 94.24708171679823 0.01
5 38 16 27 10.9928925 1139.6336817830252 103.67004696744057 0.01
5 41 17 29 9.34728497 1057.1133037404986 113.09308608149759 0.01
5 44 18 31 8.19782455 1004.3640522354331 122.51592432963609 0.01
5 47 19 33 7.16949149 945.9317017392848 131.93846496068366 0.01
5 50 20 35 6.40100337 904.8498189990272 141.3606221861788 0.01
6 12 8 10 129.618545 2443.880528622765 18.854404889537715 0.01
6 15 9 12 91.3387116 2585.992169452471 28.312115686252696 0.01
6 18 10 14 53.3675748 2014.7527659062237 37.75237629696869 0.01
6 21 11 16 33.9466714 1601.1511846596254 47.166662256601256 0.01
6 24 12 18 22.9583019 1298.8842517098997 56.57579804322983 0.01
6 27 13 20 18.7832753 1239.4646325243552 65.98767322141923 0.01
6 30 14 22 16.4028507 1236.8476037864475 75.40442977917537 0.01
6 33 15 24 14.4745877 1227.8055341704544 84.82490552531968 0.01
6 36 16 26 12.4429762 1172.714866329377 94.24713569165043 0.01
6 39 17 28 10.2747206 1065.1817705990338 103.67014462651508 0.01
6 42 18 30 8.801843 995.427667255462 113.093095077413 0.01
6 45 19 32 7.64345597 936.4452782817121 122.5159511557587 0.01
6 48 20 34 6.84183896 902.7022957891865 131.9385476721578 0.01
6 51 21 36 6.26614005 885.7855810443227 141.36064211401128 0.01
7 13 9 11 120.558615 2273.3438519939946 18.85675156432408 0.01
7 16 10 13 79.9538517 2263.67831517787 28.312311002496333 0.01
7 19 11 15 42.0470353 1587.356094087982 37.75191479642756 0.01
7 22 12 17 27.5793858 1300.8521231779316 47.167552338237044 0.01
7 25 13 19 22.039913 1246.9270778125049 56.57586206499567 0.01
7 28 14 21 18.2802645 1206.2718785561597 65.98766000109897 0.01
7 31 15 23 16.5851888 1250.5977795137424 75.40449461230989 0.01
7 34 16 25 13.8189194 1172.1900566641193 84.82501581593415 0.01
7 37 17 27 11.483726 1082.3084354366272 94.24714900343557 0.01
7 40 18 29 9.50126385 984.9963775662093 103.67003728311462 0.01
7 43 19 31 8.11141605 917.3448992063804 113.09306458351132 0.01
7 46 20 33 7.26403795 889.9611272435353 122.51603493392203 0.01
7 49 21 35 6.59030368 869.5149241005367 131.9385215493646 0.01
7 52 22 37 6.26490536 885.6114952882914 141.3607140728286 0.01
8 11 9 10 255.933677 2412.138308748302 9.424857006013719 0.01
8 14 10 12 147.050961 2772.284817387273 18.85254471330706 0.01
8 17 11 14 66.2938411 1876.9092494565823 28.31197013649255 0.01
8 20 12 16 34.6261578 1307.2264043928615 37.752568793320215 0.01
8 23 13 18 28.0333039 1322.2517855192843 47.16717623566605 0.01
8 26 14 20 22.3414795 1263.9787655505495 56.57542803065256 0.01
8 29 15 22 18.9179213 1248.3469943401435 65.98753502268474 0.01
8 32 16 24 15.6468317 1179.8421413108201 75.40453964944355 0.01
8 35 17 26 13.1302053 1113.769914980739 84.82501907115946 0.01
8 38 18 28 10.6910323 1007.5999158683626 94.247205283288 0.01
8 41 19 30 8.79424753 911.6998922066665 103.67002851540916 0.01
8 44 20 32 7.83673825 886.2810396610719 113.09310217947778 0.01
8 47 21 34 7.06224407 865.2374313630332 122.51593442352286 0.01
8 50 22 36 6.40728563 845.3684595867018 131.93862555908902 0.01
8 53 23 38 6.10974394 863.6773706144212 141.3606493326169 0.01
9 15 11 13 130.543917 2460.8447579210874 18.850704149784992 0.01
9 18 12 15 50.132182 1419.3461505853647 28.312076074912614 0.01
9 21 13 17 39.9603907 1508.5645006689012 37.75149527426671 0.01
9 24 14 19 30.4955288 1438.3800082528542 47.166914785647336 0.01
9 27 15 21 23.8028126 1346.6599499069896 56.57566492402623 0.01
9 30 16 23 19.3073639 1274.0452134873271 65.98752787206374 0.01
9 33 17 25 15.2716203 1151.5485805612268 75.4044795470214 0.01
9 36 18 27 12.6651792 1074.3213845660187 84.82480726099939 0.013952406016728522
9 39 19 29 9.77817757 921.5639553838383 94.24700551677937 0.01
9 42 20 31 8.47203396 878.296204595142 103.67005240322975 0.01
9 45 21 33 7.68373841 868.977199612737 113.09302233425942 0.01
9 48 22 35 6.81944288 835.4909009655521 122.5160054373169 0.01
9 51 23 37 6.35174647 838.0402098723308 131.93854852842242 0.01
9 54 24 39 6.07254561 858.4186449476234 141.36059242338462 0.01
10 16 12 14 82.1191941 1548.3287036133868 18.854650494108864 0.01
10 19 13 16 51.3436579 1453.6292836690052 28.311759292650734 0.01
10 22 14 18 39.6438135 1496.6343402887912 37.7520275714341 0.01
10 25 15 20 29.9059152 1410.5686410485075 47.166877576396914 0.01
10 28 16 22 22.3368285 1263.7107035687034 56.57520733387479 0.01
10 31 17 24 17.7876542 1173.761525067537 65.98742655271188 0.01
10 34 18 26 14.2277314 1072.8354017944996 75.40453018353296 0.01
10 37 19 28 11.2307027 952.6426640063734 84.82484929517129 0.01
10 40 20 30 9.23380864 870.2595724390593 94.24708767183844 0.01
10 43 21 32 8.28777441 859.1927287997939 103.6698981288746 0.01
10 46 22 34 7.31082577 826.8038923314566 113.09309212705483 0.01
10 49 23 36 6.49760452 796.0602439049114 122.51595822038603 0.01
10 52 24 38 6.42350746 847.508170520965 131.9385360410191 0.01
10 55 25 40 5.94526425 840.4262507376983 141.36062173143915 0.01
11 14 12 13 210.275122 1982.8176290478223 9.429634900165803 0.01
11 17 13 15 84.2078264 1587.767568875052 18.855344411016073 0.01
11 20 14 17 60.8827571 1723.7624758265397 28.312818898711466 0.01
11 23 15 19 43.7027086 1649.8861763947334 37.75249244836814 0.01
11 26 16 21 29.2509703 1379.6986284333989 47.16761920316192 0.01
11 29 17 23 22.1571623 1253.558380629956 56.575763793992515 0.01
11 32 18 25 17.4108525 1148.8987728246125 65.98750824088668 0.01
11 35 19 27 13.4947733 1017.5661433085517 75.4044636902905 0.01
11 38 20 29 10.5610221 895.8376399848061 84.82489966428591 0.01
11 41 21 31 9.1146792 859.031791624883 94.24706813871003 0.01
11 44 22 33 8.07099482 836.7203791474768 103.67004288914622 0.01
11 47 23 35 6.9817795 789.590538120002 113.09302135938294 0.011560037420721774
11 50 24 37 6.78679144 831.4901314076296 122.5159397866556 0.01
11 53 25 39 6.14945343 811.3497127531393 131.93850835506518 0.01
11 56 26 41 5.87815853 830.9407019149716 141.36071657035959 0.01
12 15 13 14 297.259981 2804.0869016496586 9.433112698912737 0.01
12 18 14 16 103.081959 1943.260737915723 18.851608533319812 0.01
12 21 15 18 69.7287093 1974.0912966326487 28.31102592390375 0.01
12 24 16 20 44.0953227 1664.685266562967 37.75196924827057 0.01
12 27 17 22 28.6854995 1353.004606142677 47.166848398183795 0.01
12 30 18 24 21.7104337 1228.2757455821327 56.57536659814091 0.01
12 33 19 26 15.9659609 1053.5515538883378 65.98735650720138 0.01
12 36 20 28 13.133796 990.3470893181149 75.40448239930899 0.01
12 39 21 30 10.3416026 877.2234983853953 84.82471550254651 0.01
12 42 22 32 8.92579072 841.2299859741489 94.24711068893949 0.01
12 45 23 34 7.65161166 793.2418241180588 103.66990110918132 0.01
12 48 24 36 7.02376431 794.3384149589459 113.09297691382044 0.01
12 51 25 38 6.58313649 806.5388497783273 122.51589360231041 0.01
12 54 26 40 6.26902931 827.1258187560022 131.93841946736762 0.01
13 16 14 15 185.633897 1748.816633282092 9.42078285024686 0.01
13 19 15 17 108.124021 2038.4314615407525 18.85271600785872 0.01
13 22 16 19 60.0358011 1699.7864742439706 28.312880699512654 0.01
13 25 17 21 35.7044684 1347.9439795337253 37.75280910032328 0.01
13 28 18 23 25.6979151 1212.087171805022 47.16675135272052 0.01
13 31 19 25 18.8557761 1066.7688312331316 56.57517492653785 0.01
13 34 20 27 14.3902894 949.5800968909589 65.98756081242945 0.01
13 37 21 29 11.584584 873.5262173776151 75.40419383014661 0.01
13 40 22 31 9.3371193 792.020815755346 84.82496477852072 0.01
13 43 23 33 8.03928765 757.6788079432605 94.2470080596333 0.01
13 46 24 35 7.21606486 748.0887005640934 103.66989696986917 0.01
13 49 25 37 6.74418542 762.7197018856123 113.09293182001693 0.01
13 52 26 39 6.41492048 785.9297556228935 122.5158999356596 0.01
13 55 27 41 6.04877266 798.0657644593725 131.9384624482436 0.01
14 17 15 16 219.088933 2065.351341279755 9.426999862561543 0.01
14 20 16 18 93.284138 1758.9640852437728 18.855982624224634 0.01
14 23 17 20 49.9268973 1413.5389277489976 28.312172480003028 0.01
14 26 18 22 31.168284 1176.6652356384411 37.75200571319361 0.01
14 29 19 24 21.1014271 995.2920954788232 47.16705134501653 0.01
14 32 20 26 16.463986 931.4600277723508 56.575608590310445 0.01
14 35 21 28 13.4192321 885.5019673456711 65.98752899919445 0.01
14 38 22 30 10.0412505 757.1563428991121 75.40458659995706 0.01
14 41 23 32 8.38114379 710.9301679634785 84.82495775955165 0.01
14 44 24 34 7.59673667 715.9694870354293 94.24697974102995 0.01
14 47 25 36 6.56509746 680.6029419608886 103.66989159074703 0.01
14 50 26 38 6.63725049 750.6261752649565 113.0929405777115 0.01
14 53 27 40 6.19849935 759.4147736531945 122.51590760482931 0.01
14 56 28 42 5.85252225 772.1733601312463 131.93856035852684 0.01
15 18 16 17 270.920732 2555.557051241303 9.43285894872491 0.01
15 21 17 19 89.751664 1692.0660616443515 18.852754213496826 0.01
15 24 18 21 47.4924641 1344.673590694004 28.313409636161705 0.01
15 27 19 23 28.0336903 1058.3314332910893 37.752126886094956 0.01
15 30 20 25 20.2879413 956.924622690998 47.16716243116289 0.01
15 33 21 27 15.0817979 853.2559141034191 56.57521203777827 0.01
15 36 22 29 11.9438869 788.1468321247028 65.98746611747494 0.01
15 39 23 31 8.8019016 663.7033401165784 75.40453986858684 0.01
15 42 24 33 7.96654771 675.7617610317395 84.82491860100082 0.01
15 45 25 35 6.69939614 631.3977144299893 94.24695916399254 0.01
15 48 26 37 6.77329054 702.1857561780957 103.66981189294971 0.01
15 51 27 39 6.35995499 719.2661574577096 113.0929634861629 0.01
15 54 28 41 5.98420569 733.1597803324692 122.51580549071488 0.01
16 19 17 18 226.196914 2131.8515590666275 9.424759698828728 0.01
16 22 18 20 94.6856794 1785.1832702682643 18.853783186438903 0.01
16 25 19 22 43.3554052 1227.4719699761322 28.31185556480815 0.01
16 28 20 24 25.7564739 972.3585317151246 37.75200501009281 0.01
16 31 21 26 19.7078286 929.5513942032608 47.16660638114443 0.01
16 34 22 28 14.2180774 804.4004783567791 56.57589670715811 0.01
16 37 23 30 10.4737236 691.133623213468 65.98738420149526 0.01
16 40 24 32 8.65900582 652.9282269952948 75.40452571208628 0.01
16 43 25 34 7.20951703 611.5456019473937 84.82476695771031 0.01
16 46 26 36 6.72429363 633.7440048510449 94.2469261044219 0.01
16 49 27 38 6.74501321 699.2541426383592 103.66979587255089 0.01
16 52 28 40 6.32087089 714.8459205772235 113.09294763608492 0.01
16 55 29 42 6.08749119 745.8143654017347 122.515884150583 0.01
17 20 18 19 293.921743 2774.9850289267856 9.441237659395568 0.01
17 23 19 21 89.3328315 1684.4910764562978 18.85634931941341 0.01
17 26 20 23 47.6517733 1349.1725985553187 28.313166648833164 0.01
17 29 21 25 28.4185156 1072.851121664936 37.75183534445184 0.01
17 32 22 27 19.3103527 910.815332898523 47.167203367472574 0.01
17 35 23 29 13.5200304 764.9015007502926 56.57542757820224 0.01
17 38 24 31 10.0587956 663.7555978277013 65.98758183610981 0.01
17 41 25 33 7.93446816 598.2955889360695 75.4046240871259 0.01165689301712998
17 44 26 35 7.218633 612.3185279664779 84.82472068693309 0.01
17 47 27 37 7.06782136 666.1199949443865 94.2468634980308 0.015002820693935204
17 50 28 39 6.70325508 694.9250531174546 103.66979099316248 0.01
17 53 29 41 6.34380796 717.4402280918407 113.09299282316873 0.01
17 56 30 43 6.10499692 747.9598714798714 122.51601127423196 0.01
18 21 19 20 299.264509 2818.3499770716567 9.417588428675506 0.01
18 24 20 22 102.825993 1938.7859192146273 18.855017711471334 0.01
18 27 21 24 45.1834717 1279.2173063292894 28.31162055945536 0.01
18 30 22 26 27.0253004 1020.2789707105883 37.752733757238396 0.01
18 33 23 28 17.3965109 820.5472597924821 47.167346631127174 0.01
18 36 24 30 13.4347997 760.0791898244217 56.57540170281972 0.01
18 39 25 32 8.84650944 583.7606607283296 65.98768301640219 0.012113458240718314
18 42 26 34 7.87753083 594.0015250379765 75.40453193478349 0.012140153808885742
18 45 27 36 7.01962045 595.4380584751128 84.82482246958422 0.01
18 48 28 38 7.175969 676.3125351674721 94.24685853122722 0.01
18 51 29 40 6.77341005 702.1992243229327 103.66997112819601 0.010228524906793905
18 54 30 42 6.40355174 724.1964734068019 113.09293698418715 0.013877701992864519
19 22 20 21 257.333907 2433.2883596080615 9.45576270136862 0.01
19 25 21 23 111.382526 2099.9297377007224 18.853314008166077 0.01
19 28 22 25 43.1851915 1222.6806728312365 28.31249857561096 0.01
19 31 23 27 25.5659454 965.171133919632 37.75221760113874 0.01
19 34 24 29 16.7405877 789.606808334559 47.16720956783131 0.01
19 37 25 31 11.1747454 632.2183695225708 56.575639702947576 0.01
19 40 26 33 8.48693065 560.0335063119524 65.98775569256624 0.01
19 43 27 35 7.3417107 553.5980015474813 75.40449687665864 0.01
19 46 28 37 7.41999993 629.3995852066967 84.82474274183674 0.01
19 49 29 39 7.24892922 683.1899666121618 94.24701854271406 0.01
19 52 30 41 6.78369353 703.2655437029895 103.67000522545563 0.01
19 55 31 43 6.46872636 731.5676469062554 113.09299639415501 0.01
20 23 21 22 296.390172 2789.3728015965644 9.411151465563995 0.01
20 26 22 24 90.9470466 1714.7656787560074 18.85455045393423 0.01
20 29 23 26 38.1847204 1081.1061536288266 28.312532926883147 0.01
20 32 24 28 25.6073958 966.7456274749214 37.752594407703164 0.01
20 35 25 30 15.2556688 719.5655498692197 47.16709305259823 0.01
20 38 26 32 10.0314073 567.5327310651462 56.57558447109871 0.01
20 41 27 34 8.03467506 530.1895316101597 65.98767562482605 0.01
20 44 28 36 7.33559036 553.1353217974155 75.40433620906491 0.01
20 47 29 38 7.69216692 652.4864448882973 84.82479016306856 0.01
20 50 30 40 7.27062795 685.2349033641414 94.24700425829676 0.01
20 53 31 42 6.70179853 694.7747960904958 103.66990188982834 0.01
20 56 32 44 6.17602152 698.465461619621 113.09310684196272 0.01
21 27 23 25 84.7931769 1598.8736676553417 18.856159494306453 0.01
21 30 24 27 43.182707 1222.6529741935885 28.313486095107205 0.01
21 33 25 29 20.6236316 778.5953615469813 37.75258289364427 0.01
21 36 26 31 14.7375552 695.1312472217701 47.16733798708826 0.01
21 39 27 33 9.09875913 514.7711681087425 56.575974894363696 0.01
21 42 28 35 7.58148724 500.2846695333529 65.98766886974974 0.01
21 45 29 37 7.93590681 598.4041313565363 75.40463184402442 0.01
21 48 30 39 7.69374556 652.621435858656 84.82493094802267 0.01
21 51 31 41 7.03952063 663.454537097064 94.24711879806848 0.01
21 54 32 43 6.53635915 677.6243030932709 103.66999235243536 0.01
22 25 23 24 252.343208 2378.400520288877 9.425260696094808 0.01
22 28 24 26 93.4660284 1762.0419530626639 18.852218107757576 0.01
22 31 25 28 41.1163345 1164.127475140498 28.313016938328925 0.01
22 34 26 30 20.4695218 772.7654854022512 37.75200480756963 0.01
22 37 27 32 13.4934437 636.4440971406129 47.16691389468004 0.01
22 40 28 34 8.71362236 492.9757920632906 56.575299192021745 0.01
22 43 29 36 7.91979301 522.6075117842425 65.98752153299553 0.01
22 46 30 38 8.33110383 628.2019430543979 75.40440689170933 0.01
22 49 31 40 7.7256403 655.3255849546124 84.82476008553134 0.01
22 52 32 42 6.92180214 652.3595860418031 94.24707219987123 0.01
22 55 33 44 6.4092071 664.4419480216766 103.66991386839047 0.01
23 29 25 27 91.4737023 1724.7501910126211 18.85514795668898 0.01
23 32 26 29 40.146158 1136.6185565972119 28.31201323417329 0.01
23 35 27 31 22.4917946 849.120080350068 37.75243796464636 0.01
23 38 28 33 12.0954081 570.5033958594522 47.16694063918787 0.01
23 41 29 35 9.07373403 513.3531698038486 56.57573476438437 0.01
23 44 30 37 9.34269907 616.500717262971 65.98743175220038 0.01
23 47 31 39 8.51408596 641.9995188995076 75.40439712679476 0.01
23 50 32 41 7.56535471 641.7303757938439 84.82488930037808 0.01
23 53 33 43 6.92103073 652.2873246360025 94.24713602391454 0.01
23 56 34 45 6.62765802 687.0897816160405 103.67007162147458 0.01
24 27 25 26 271.023677 2556.4163211294485 9.432446454224175 0.01
24 30 26 28 80.9650354 1526.7176441173165 18.856505608559473 0.01
24 33 27 30 35.0789709 993.155036120497 28.311977536390526 0.01
24 36 28 32 21.8544488 825.0406435680976 37.75161071864222 0.01
24 39 29 34 11.1732921 527.0120322903226 47.16712205978421 0.01
24 42 30 36 9.44050541 534.1020558173143 56.57557859683641 0.01
24 45 31 38 9.36168389 617.7532298263881 65.98740537332841 0.01
24 48 32 40 8.28747485 624.9130948052491 75.40452382853977 0.01
24 51 33 42 7.33167839 621.9092426282434 84.82494860610538 0.01
24 54 34 44 6.75859173 636.9774559626163 94.24706823689382 0.01
25 28 26 27 257.254063 2423.510114851346 9.420687419235614 0.01
25 31 27 29 83.4271514 1572.8947860983105 18.85351183281934 0.01
25 34 28 31 34.27535 970.39152570835 28.31164454070782 0.01
25 37 29 33 20.0590633 757.2748472563412 37.75225372843513 0.01
25 40 30 35 11.7017776 551.9361950296164 47.16686762442114 0.01
25 43 31 37 10.8113676 611.6549993630649 56.575173649915016 0.01
25 46 32 39 9.31479006 614.6599199131128 65.98752263377504 0.01
25 49 33 41 8.20003214 618.3194085681465 75.40451037404672 0.01
25 52 34 43 7.47856575 634.370039090562 84.82509351349383 0.01
25 55 35 45 7.21794369 680.269569841439 94.24700427961346 0.01
26 29 27 28 207.457999 1959.3034463919128 9.44433791821116 0.01
26 32 28 30 76.19431 1436.37966768571 18.85153455272067 0.01
26 35 29 32 37.5621789 1063.4986979866312 28.313019349008833 0.01
26 38 30 34 18.022616 680.3900983156234 37.75201659490628 0.01
26 41 31 36 11.9857668 565.3322455245416 47.16696519779958 0.01
26 44 32 38 10.9517498 619.5989993049361 56.57534281005362 0.01
26 47 33 40 9.21020438 607.7592693950127 65.98759857216248 0.01
26 50 34 42 8.18612684 617.2717809079758 75.40461966601727 0.01
26 53 35 44 7.42940546 630.1994660619549 84.82501990972975 0.015570594240291285
26 56 36 46 7.08850807 668.0710457270734 94.2470600484304 0.010050476298335994
27 30 28 29 213.092542 2007.7492249249342 9.42195914545397 0.01
27 33 29 31 66.8268024 1259.951621334457 18.85398636602216 0.01
27 36 30 33 41.3825975 1171.6394618058823 28.312371204003863 0.01
27 39 31 35 17.0569288 643.9259514115764 37.75157643922254 0.01
27 42 32 37 13.2331337 624.1644285481669 47.16678926535496 0.01
27 45 33 39 10.585275 598.8669040198757 56.57546960469858 0.01
27 48 34 41 9.21907969 608.3455433486282 65.98766512545768 0.01
27 51 35 43 8.28560682 624.7735285455828 75.40467971971458 0.01
27 54 36 45 7.56471563 641.6750073734461 84.8247361511785 0.01
28 31 29 30 210.81992 1990.7892628226255 9.44307949088789 0.01
28 34 30 32 72.6814178 1370.55214216435 18.856981380519382 0.01
28 37 31 34 37.5736719 1063.8013000797496 28.31241255608424 0.01
28 40 32 36 16.5745116 625.7236382771454 37.752161474075976 0.01
28 43 33 38 13.1501367 620.2523139577929 47.16698602515615 0.01
28 46 34 40 10.9020292 616.7921116843141 56.57589980444321 0.01
28 49 35 42 9.59684971 633.274114792518 65.98770783423241 0.01
28 52 36 44 8.07807778 609.125150592489 75.40471473307467 0.01
28 55 37 46 7.1180007 603.7830517523838 84.8248092687577 0.01
29 32 30 31 232.41579 2190.9155946112082 9.426707172568646 0.01
29 35 31 33 86.4031192 1629.0746941681361 18.85435050553286 0.01
29 38 32 35 29.1822829 826.1876363221887 28.31127500042804 0.01
29 41 33 37 17.3303984 654.2499195261422 37.7515798786335 0.01
29 44 34 39 13.5801573 640.5330395660533 47.16683506796002 0.01
29 47 35 41 11.2743168 637.8498573595986 56.57547758100948 0.01
29 50 36 43 9.4842438 625.8413084613525 65.98747582399268 0.01
29 53 37 45 7.61120251 573.918585160092 75.40445605093905 0.01
29 56 38 47 6.69352439 567.7771365315781 84.82484016638925 0.01
30 33 31 32 208.301188 1963.877054271119 9.428064588239982 0.01
30 36 32 34 90.0274217 1697.238017129442 18.852456119260847 0.01
30 39 33 36 25.175008 712.7417021666638 28.31147867625956 0.01
30 42 34 38 18.4312262 695.8153041409221 37.75198115364251 0.01
30 45 35 40 14.5640975 686.9469783550497 47.167150477745 0.024450799723430297
30 48 36 42 11.3621899 642.8203597218427 56.57539306941548 0.01
30 51 37 44 8.18722958 540.2556266778236 65.98759951688365 0.01
30 54 38 46 7.14833149 539.0157275493344 75.40441126763336 0.01
31 34 32 33 225.187338 2123.1609690879427 9.428420744899709 0.01
31 37 33 35 61.9675947 1168.2522184645406 18.852631349019276 0.01
31 40 34 37 27.8912945 789.6486064075214 28.31165137951992 0.01
31 43 35 39 20.3116404 766.8035024998196 37.75192389186939 0.01
31 46 36 41 14.5562295 686.5745565059914 47.16706043319744 0.01
31 49 37 43 10.2333227 578.9558214523973 56.575546225313246 0.01
31 52 38 45 7.9687101 525.837384804125 65.98776692906986 0.01
31 55 39 47 7.13974519 538.3687595951977 75.40447806866308 0.01
32 35 33 34 217.27005 2047.9341617146138 9.425754547000905 0.01
32 38 34 36 52.4428306 988.7660580635536 18.854170279350893 0.01
32 41 35 38 33.4801769 947.898619032347 28.312234486202705 0.01
32 44 36 40 22.0023618 830.6319951380118 37.75194693589721 0.01
32 47 37 42 12.9804131 612.2461144455958 47.16692063102335 0.01
32 50 38 44 8.8909084 503.0087617593699 56.575631997217506 0.01
32 53 39 46 7.77111207 512.798277240043 65.98775987540778 0.01
32 56 40 48 7.31879881 551.8696573808486 75.40440333279889 0.01
33 36 34 35 179.178637 1689.4550021889495 9.428886336427201 0.01
33 39 35 37 64.3382466 1213.0403096698146 18.854108928573357 0.01
33 42 36 39 34.2020727 968.3285856839974 28.31198548045883 0.01
33 45 37 41 17.50088 660.6976762288307 37.75225452827691 0.01
33 48 38 43 11.2164791 529.0509104149687 47.16728892357751 0.01
33 51 39 45 8.78008492 496.73982044537144 56.5757421450283 0.01
33 54 40 47 7.78803902 513.9144888789144 65.98766230615449 0.01
34 37 35 36 213.519641 2013.8406942377171 9.431641439663704 0.01
34 40 36 38 67.1723164 1266.3423696395027 18.85214679956314 0.01
34 43 37 40 28.1885774 798.0650498337523 28.311646895446106 0.01
34 46 38 42 14.5641737 549.8283789760745 37.75211627530057 0.01
34 49 39 44 10.0471826 473.8954934898184 47.167003164630295 0.01
34 52 40 46 8.84954632 500.6700639151612 56.57578883830976 0.01
34 55 41 48 8.3463782 550.7560046795703 65.98742490240501 0.01
35 38 36 37 221.024397 2081.7936204033567 9.418840854945786 0.01
35 41 37 39 48.0820899 906.4599876881824 18.852341684261575 0.01
35 44 38 41 21.8222025 617.8235272116799 28.311694349444327 0.01
35 47 39 43 13.1220382 495.38257757119453 37.751953623423724 0.01
35 50 40 45 10.5433469 497.2957799426064 47.16678533479785 0.01
35 53 41 47 9.06378523 512.7914483126439 56.57586044905037 0.01
35 56 42 49 8.35903055 551.5893742962095 65.98724230003077 0.01
36 39 37 38 115.566325 1089.9567940078791 9.431439426735073 0.01
36 42 38 40 36.1875442 682.2548599619527 18.85330643580817 0.01
36 45 39 42 17.8944988 506.63346843622776 28.31224691446668 0.01
36 48 40 44 12.3517314 466.30149832425155 37.75191373771709 0.01
36 51 41 46 10.7718044 508.07611396447885 47.16722427344474 0.01
36 54 42 48 9.70933003 549.3097569653436 56.57545425565718 0.01
37 40 38 39 122.384683 1152.2727162417389 9.415170983788379 0.01
37 43 39 41 29.8399261 562.5560971297062 18.852462812557242 0.01
37 46 40 43 18.4361101 521.9657839824591 28.312142916875896 0.01
37 49 41 45 14.797666 558.6372149118043 37.75171131121654 0.01
37 52 42 47 11.9688639 564.5409645563395 47.167464620960345 0.01
37 55 43 49 10.7638008 608.962028694429 56.57499985455222 0.01
38 41 39 40 58.2849158 549.5437969106489 9.428576662894466 0.01
38 44 40 42 28.6964082 541.0024457743109 18.852618836607952 0.01
38 47 41 44 17.4997489 495.4486569438021 28.311758058642894 0.01
38 50 42 46 14.8658715 561.2158617465984 37.7519650796523 0.01
38 53 43 48 12.6954048 598.8052350545948 47.16708482226536 0.01
38 56 44 50 11.6183858 657.3097088699487 56.574959739239226 0.01
39 42 40 41 45.4416276 427.8974277275201 9.41641948862589 0.01
39 45 41 43 27.1534299 511.95483389877216 18.854149762449428 0.01
39 48 42 45 19.1512222 542.2021108072931 28.311619234791877 0.01
39 51 43 47 14.7718134 557.670439717076 37.752334436953824 0.01
39 54 44 49 13.325275 628.510880101757 47.16682245595359 0.01
40 43 41 42 52.1857022 491.9899203370432 9.427676539668047 0.01
40 46 42 44 24.1916582 456.1159858537733 18.854267123109953 0.01
40 49 43 46 19.7148529 558.1599534513969 28.311646872668113 0.01
40 52 44 48 17.2718824 652.0588527002255 37.75262230249006 0.01
40 55 45 50 13.9870847 659.7292387082548 47.16702964616027 0.01
41 44 42 43 56.5118809 532.6732967640194 9.42586387642283 0.01
41 47 43 45 27.731747 522.7838485739425 18.851457449613346 0.01
41 50 44 47 21.7069776 614.5790553555082 28.312511611727476 0.01
41 53 45 49 16.1962977 611.4545539843734 37.752736169104466 0.01
41 56 46 51 15.0067367 707.820250543467 47.16683344910469 0.01
42 45 43 44 41.1567554 388.136338028316 9.430683596314688 0.01
42 48 44 46 32.813797 618.626965657413 18.852648038793347 0.01
42 51 45 48 21.0625763 596.3426104144695 28.312899709921503 0.01
42 54 46 50 17.398174 656.824172585613 37.75247750629537 0.01
43 46 44 45 62.7370204 591.6205503050921 9.430166535372983 0.01
43 49 45 47 29.3581808 553.5775398641796 18.855989192088483 0.01
43 52 46 49 21.5679334 610.6639500647583 28.31351241397835 0.01
43 55 47 51 20.0771606 757.9555853691008 37.752130416743334 0.01
44 47 45 46 53.462207 503.8203501510586 9.423859926902356 0.01
44 50 46 48 29.9251913 564.2285468420097 18.85463458480914 0.01
44 53 47 50 23.3249219 660.3900025016908 28.312635100471258 0.01
44 56 48 52 18.7244696 706.8786012613838 37.75159544499908 0.01
45 48 46 47 59.1883574 558.3767750848066 9.433895441822255 0.01
45 51 47 49 30.8580543 581.754625596807 18.85260230411893 0.01
45 54 48 51 27.6909532 783.9870832043863 28.312029475546776 0.01
46 49 47 48 69.7486463 657.150745096907 9.421698913988916 0.01
46 52 48 50 39.2498159 740.0184235382186 18.854061008174526 0.01
46 55 49 52 27.6310836 782.2819366286551 28.311663340943138 0.01
47 50 48 49 66.4376792 626.6927396366791 9.43279095812665 0.01
47 53 49 51 48.2588311 909.9415149953384 18.855440429333946 0.01
47 56 50 53 27.3499263 774.3312368323157 28.312004512871965 0.01
48 51 49 50 87.9049856 828.9919744645038 9.430545591995452 0.01
48 54 50 52 45.0837725 849.9843886433905 18.85344418866878 0.01
49 52 50 51 133.411323 1258.2772557555784 9.431562684942254 0.01
49 55 51 53 44.0627221 830.7550662889347 18.853920654369528 0.01
50 53 51 52 110.253811 1039.6364496480094 9.429483119164102 0.01
50 56 52 54 50.715265 956.2219468646714 18.85471656048078 0.01
51 54 52 53 158.907243 1498.6313415109514 9.430856097043678 0.01
52 55 53 54 146.555843 1381.2750127844006 9.424905786829669 0.01
53 56 54 55 122.7535 1157.1760618260773 9.426827437311989 0.01
10 6 14 2 67.5970483 2551.867255997433 37.75116399568342 0.01
12 7 17 2 54.5779152 2574.253913528828 47.166585680224514 0.01
14 8 20 2 35.0534347 1983.1655175319509 56.57549779371409 0.01
16 9 23 2 24.8331692 1638.6806635310436 65.98757695135599 0.01
18 10 26 2 20.2711555 1528.539120280092 75.40463691278438 0.01
20 11 29 2 16.1700482 1371.6248872863077 84.82503393442623 0.01
22 12 32 2 12.2960863 1158.8722073753165 94.24724087820663 0.01
24 13 35 2 11.2310163 1164.3220817329857 103.67023345278074 0.023134211607867463
26 14 38 2 9.88344369 1117.7509211242948 113.09326548349009 0.01
28 15 41 2 9.14783018 1120.7570643826446 122.51616419738178 0.01
30 16 44 2 8.13214298 1072.9434280351447 131.93858379936464 0.01
32 17 47 2 7.39002183 1044.6582707051596 141.36064746985457 0.019187286908703055
9 6 12 3 97.4146936 2758.000889261365 28.31195980132267 0.01
11 7 15 3 73.794393 2785.894485843936 37.75211601569696 0.01
13 8 18 3 48.7367392 2298.757859286408 47.16683752380397 0.01
15 9 21 3 31.2316971 1766.9451819664168 56.57538161659543 0.01
17 10 24 3 24.9921516 1649.1730893959477 65.98763947142301 0.01
19 11 27 3 18.7985994 1417.5017136826605 75.404644969596 0.01
21 12 30 3 14.0568794 1192.3774562158826 84.8251893102165 0.01
23 13 33 3 12.5631724 1184.0442108470454 94.24723096588609 0.01
25 14 36 3 11.5014332 1192.3543741648873 103.67006906277449 0.01
27 15 39 3 10.1322996 1145.8940917909229 113.0931907886856 0.01
29 16 42 3 8.8493922 1084.19250211524 122.51604151019997 0.01
31 17 45 3 7.77312077 1025.5744017120742 131.9385652246947 0.01
33 18 48 3 7.06870285 999.2362610949656 141.36062617131594 0.012583792750139782
10 7 13 4 94.7880709 2683.5882133454415 28.311455100469207 0.01
12 8 16 4 72.1406466 2723.424479348598 37.751595081331004 0.01
14 9 19 4 41.5518355 1959.8697706223873 47.16686391922174 0.01
16 10 22 4 30.8318101 1744.3264968389897 56.57554620314004 0.01
18 11 25 4 22.687298 1497.0776071665277 65.98747930081969 0.01
20 12 28 4 16.3298454 1231.3433967606031 75.40447362475355 0.01
22 13 31 4 14.3297758 1215.5202783508503 84.82479386389635 0.01
24 14 34 4 12.821234 1208.3638209038215 94.24707644395394 0.01
26 15 37 4 11.4911866 1191.2914812367499 103.67001448194652 0.01
28 16 40 4 9.86477692 1115.638716192901 113.09315205405586 0.01
30 17 43 4 8.55364439 1047.957722724035 122.51593296878163 0.01
32 18 46 4 7.60519772 1003.4182364629991 131.9384812079546 0.01
34 19 49 4 6.65750134 941.1080771613344 141.3605539223721 0.01
11 8 14 5 92.1565314 2609.13485557401 28.311990652612714 0.01
13 9 17 5 59.141956 2232.725990203148 37.751980847626136 0.01
15 10 20 5 38.3041486 1806.696536940067 47.16712426653616 0.01
17 11 23 5 27.575138 1560.0739985915066 56.575383180004636 0.01
19 12 26 5 19.111374 1261.11623992988 65.98773274647233 0.01
21 13 29 5 16.2238115 1223.3525254307788 75.4047546367744 0.01
23 14 32 5 14.6244138 1240.513354555897 84.82482590556191 0.01
25 15 35 5 13.2336963 1247.23725660139 94.2470817167982 0.01
27 16 38 5 10.9873863 1139.0628537704124 103.6700469674405 0.01
29 17 41 5 9.31587457 1053.561004669444 113.09308608149755 0.01
31 18 44 5 8.18152871 1002.3675523351047 122.51592432963604 0.01
33 19 47 5 7.1577428 944.3815976153858 131.93846496068366 0.01
35 20 50 5 6.39877048 904.5341762793537 141.36062218617877 0.01
10 8 12 6 129.64839 2444.443238336693 18.854404889537715 0.01
12 9 15 6 91.2819793 2584.385958011723 28.312115686252685 0.01
14 10 18 6 53.4439031 2017.6343406099322 37.752376296968706 0.01
16 11 21 6 33.8982083 1598.8653419900177 47.16666225660126 0.01
18 12 24 6 23.0174909 1302.2329166202812 56.57579804322987 0.01
20 13 27 6 18.7125406 1234.7970142553402 65.98767322141923 0.01
22 14 30 6 16.3967568 1236.3880967318162 75.40442977917537 0.01
24 15 33 6 14.4585648 1226.446393191712 84.82490552531965 0.01
26 16 36 6 12.4587294 1174.1995603073542 94.24713569165041 0.01
28 17 39 6 10.2410784 1061.6940788594795 103.67014462651508 0.01
30 18 42 6 8.7941206 994.5543171380358 113.09309507741295 0.01
32 19 45 6 7.64962838 937.2014969637855 122.5159511557587 0.01
34 20 48 6 6.83096136 901.2671210430278 131.9385476721578 0.01
36 21 51 6 6.28594666 888.5854561520246 141.36064211401128 0.01
11 9 13 7 120.305978 2268.5799388490395 18.85675156432409 0.01
13 10 16 7 79.9928892 2264.783557018629 28.312311002496322 0.01
15 11 19 7 42.0031262 1585.6984414859942 37.75191479642756 0.01
17 12 22 7 27.7296323 1307.9388828303188 47.16755233823706 0.01
19 13 25 7 21.956184 1242.190037457665 56.575862064995675 0.01
21 14 28 7 18.2531027 1204.4795349327417 65.98766000109897 0.01
23 15 31 7 16.5386236 1247.0865541412213 75.40449461230989 0.01
25 16 34 7 13.7928387 1169.9777608741283 84.82501581593412 0.01
27 17 37 7 11.4484791 1078.986515600418 94.24714900343557 0.01
29 18 40 7 9.45159919 979.8476404123562 103.67003728311465 0.01
31 19 43 7 8.09418542 915.3962344549757 113.0930645835113 0.01
33 20 46 7 7.23272574 886.124879429317 122.51603493392203 0.01
35 21 49 7 6.58411027 868.6977747417877 131.9385215493646 0.01
37 22 52 7 6.25317 883.9525764187898 141.36071407282864 0.01
10 9 11 8 256.090733 2413.618539090239 9.42485700601372 0.01
12 10 14 8 147.021488 2771.729176336937 18.852544713307058 0.01
14 11 17 8 66.3833803 1879.444280613027 28.31197013649254 0.01
16 12 20 8 34.6203415 1307.006824126989 37.752568793320215 0.01
18 13 23 8 28.1831579 1329.319975546904 47.167176235666055 0.01
20 14 26 8 22.3515889 1264.5507091826826 56.57542803065256 0.01
22 15 29 8 18.899867 1247.1556355865832 65.98753502268472 0.01
24 16 32 8 15.6348222 1178.9365704919003 75.40453964944355 0.01
26 17 35 8 13.0863043 1110.0460118184963 84.82501907115947 0.01
28 18 38 8 10.7130217 1009.6723553642189 94.24720528328798 0.01
30 19 41 8 8.77879579 910.0980098802539 103.67002851540916 0.01
32 20 44 8 7.81896539 884.2710517890702 113.09310217947777 0.01
34 21 47 8 7.05893814 864.8324022599445 122.51593442352286 0.01
36 22 50 8 6.4064574 845.2591840588551 131.93862555908905 0.01
38 23 53 8 6.10999281 863.7125510392209 141.36064933261696 0.01
13 11 15 9 130.394851 2458.034758856296 18.850704149784995 0.01
15 12 18 9 50.2114311 1421.5898571334337 28.312076074912625 0.01
17 13 21 9 40.0363991 1511.4339314223057 37.75149527426671 0.01
19 14 24 9 30.4667609 1437.0231151649925 47.16691478564735 0.01
21 15 27 9 23.6664329 1338.9441776973495 56.57566492402619 0.01
23 16 30 9 19.2793021 1272.1934846776871 65.98752787206375 0.01
25 17 33 9 15.2055527 1146.566787568306 75.4044795470214 0.01
27 18 36 9 12.4896937 1059.4358608514185 84.8248072609994 0.013952406016728522
29 19 39 9 9.74650064 918.5784995873739 94.2470055167794 0.01
31 20 42 9 8.44885968 875.8937257731352 103.67005240322977 0.01
33 21 45 9 7.64099063 864.1427239744569 113.09302233425942 0.01
35 22 48 9 6.79984669 833.0900540449613 122.5160054373169 0.01
37 23 51 9 6.34978374 837.7812501249776 131.93854852842242 0.01
39 24 54 9 6.04724312 854.8418699714367 141.36059242338462 0.01
14 12 16 10 82.1404284 1548.7290689183737 18.854650494108864 0.01
16 13 19 10 51.3303964 1453.2538272731454 28.311759292650727 0.01
18 14 22 10 39.698009 1498.6803302990393 37.752027571434105 0.01
20 15 25 10 29.8768871 1409.1994762095328 47.16687757639693 0.01
22 16 28 10 22.251254 1258.8693084887104 56.57520733387477 0.01
24 17 31 10 17.6728883 1166.188418670531 65.98742655271188 0.01
26 18 34 10 14.106823 1063.7183606972571 75.40453018353297 0.01
28 19 37 10 11.2301285 952.593957577908 84.82484929517129 0.01
30 20 40 10 9.20350461 867.4035058668394 94.24708767183846 0.01
32 21 43 10 8.26080533 856.396847023564 103.66989812887455 0.01
34 22 46 10 7.29645876 825.1790827459362 113.09309212705482 0.01
36 23 49 10 6.49349464 795.5567180185402 122.51595822038597 0.01
38 24 52 10 6.40819277 845.4875727424428 131.93853604101906 0.01
40 25 55 10 5.94464193 840.3382791955825 141.36062173143915 0.01
13 12 14 11 210.395941 1983.9569081068255 9.429634900165805 0.01
15 13 17 11 84.2495436 1588.554161048915 18.855344411016073 0.01
17 14 20 11 60.9271095 1725.0182172954626 28.31281889871146 0.01
19 15 23 11 43.6444638 1647.6872900225767 37.752492448368145 0.01
21 16 26 11 29.2638715 1380.307147322262 47.16761920316189 0.01
23 17 29 11 22.1170114 1251.2868127954393 56.5757637939925 0.01
25 18 32 11 17.4182188 1149.3848566065672 65.98750824088668 0.01
27 19 35 11 13.4410476 1013.5149857136662 75.4044636902905 0.01
29 20 38 11 10.5257358 892.8444831277823 84.82489966428592 0.01
31 21 41 11 9.09716626 857.3812483753934 94.24706813870998 0.01
33 22 44 11 8.04211996 833.7269211728591 103.67004288914623 0.01
35 23 47 11 6.90153369 780.515297015671 113.09302135938294 0.011560037420721774
37 24 50 11 6.76778466 829.161497893611 122.51593978665554 0.01
39 25 53 11 6.11742715 807.1242131417774 131.93850835506515 0.01
41 26 56 11 5.84811296 826.6934386100066 141.36071657035959 0.01
14 13 15 12 297.354095 2804.974689618205 9.43311269891274 0.01
16 14 18 12 103.159872 1944.7295232913793 18.851608533319812 0.01
18 15 21 12 69.7660668 1975.1489257836001 28.31102592390374 0.01
20 16 24 12 44.1140538 1665.3924024741534 37.75196924827057 0.01
22 17 27 12 28.5400689 1346.1451030800201 47.166848398183795 0.01
24 18 30 12 21.6270816 1223.5600699679085 56.57536659814094 0.01
26 19 33 12 15.97355 1054.0523385356066 65.98735650720138 0.01
28 20 36 12 13.1082778 988.4229026553526 75.40448239930898 0.01
30 21 39 12 10.3241628 875.744172311974 84.82471550254651 0.01
32 22 42 12 8.90796165 839.5496476403781 94.24711068893949 0.01
34 23 45 12 7.63278585 791.2901542570581 103.66990110918127 0.01
36 24 48 12 7.02025284 793.9412923633022 113.09297691382041 0.01
38 25 51 12 6.5765008 805.7258722883093 122.51589360231041 0.01
40 26 54 12 6.23626772 822.8033063521639 131.93841946736757 0.01
15 14 16 13 185.688852 1749.3343524036268 9.420782850246857 0.01
17 15 19 13 108.163556 2039.1768036681244 18.85271600785873 0.01
19 16 22 13 60.0088348 1699.0229806091643 28.312880699512668 0.01
21 17 25 13 35.6404747 1345.5280375940008 37.75280910032326 0.01
23 18 28 13 25.4879066 1202.181753103564 47.16675135272051 0.01
25 19 31 13 18.8653512 1067.3105441905707 56.57517492653785 0.01
27 20 34 13 14.4102757 950.8989440776247 65.98756081242948 0.01
29 21 37 13 11.5589338 871.5920847250335 75.40419383014664 0.01
31 22 40 13 9.3122177 789.9085384124172 84.82496477852072 0.01
33 23 43 13 8.00132681 754.1011123498303 94.24700805963333 0.01
35 24 46 13 7.17409088 743.7372623820784 103.66989696986921 0.01
37 25 49 13 6.70928615 758.772841122934 113.09293182001694 0.01
39 26 52 13 6.36739315 780.1069020164045 122.51589993565963 0.01
41 27 55 13 6.04264656 797.2574962445683 131.9384624482436 0.01
16 15 17 14 219.132073 2065.7580220538252 9.42699986256154 0.01
18 16 20 14 93.3551315 1760.3027374462058 18.855982624224634 0.01
20 17 23 14 49.8810901 1412.242026401771 28.312172480003017 0.01
22 18 26 14 31.1244374 1175.0099385447363 37.75200571319359 0.01
24 19 29 14 21.1027367 995.3538654492647 47.16705134501653 0.01
26 20 32 14 16.4739199 932.0220442105262 56.57560859031045 0.01
28 21 35 14 13.434624 886.5176407932737 65.98752899919445 0.01
30 22 38 14 10.038033 756.913728641727 75.40458659995707 0.01
32 23 41 14 8.36400721 709.4765582888352 84.82495775955162 0.01
34 24 44 14 7.58617623 714.9741974606928 94.24697974102993 0.01
36 25 47 14 6.55920746 679.9923262994191 103.66989159074703 0.01
38 26 50 14 6.62057396 748.7401774486239 113.09294057771146 0.01
40 27 53 14 6.16054394 754.764632148531 122.51590760482928 0.01
42 28 56 14 5.83279681 769.5708139752076 131.93856035852681 0.01
17 16 18 15 271.400678 2560.084314162308 9.43285894872491 0.01
19 17 21 15 89.7340889 1691.7347226037732 18.85275421349682 0.01
21 18 24 15 47.4782819 1344.2720442558614 28.313409636161694 0.01
23 19 27 15 28.0226911 1057.916190097044 37.75212688609496 0.01
25 20 30 15 20.283798 956.7291949868973 47.1671624311629 0.01
27 21 33 15 15.0949014 853.9972473943567 56.575212037778314 0.01
29 22 36 15 11.9507583 788.6002583993824 65.98746611747494 0.01
31 23 39 15 8.7857832 662.4879395811603 75.40453986858682 0.01
33 24 42 15 7.94136819 673.6259102973272 84.82491860100082 0.01
35 25 45 15 6.75030458 636.1956800957721 94.24695916399259 0.01
37 26 48 15 6.75937468 700.7431015895665 103.66981189294962 0.01
39 27 51 15 6.33543465 716.4930795414209 113.09296348616286 0.01
41 28 54 15 5.95980096 730.1698151787358 122.51580549071488 0.01
18 17 19 16 226.052377 2130.489332574038 9.424759698828728 0.01
20 18 22 16 94.5973894 1783.5186697507334 18.8537831864389 0.01
22 19 25 16 43.3751183 1228.0300844160672 28.31185556480816 0.01
24 20 28 16 25.7500665 972.1166395182228 37.7520050100928 0.01
26 21 31 16 19.7154808 929.9123225086108 47.16660638114444 0.01
28 22 34 16 14.2125122 804.0856221764245 56.57589670715811 0.01
30 23 37 16 10.4787425 691.4648072960368 65.98738420149526 0.01
32 24 40 16 8.63189788 650.8841656365631 75.40452571208628 0.01
34 25 43 16 7.18703516 609.6385825638704 84.82476695771034 0.01
36 26 46 16 6.7199834 633.3377789227417 94.24692610442187 0.01
38 27 49 16 6.70845099 695.4637447543117 103.66979587255086 0.01
40 28 52 16 6.28932615 711.2784329482096 113.09294763608492 0.01
42 29 55 16 6.09319501 746.5131739520704 122.515884150583 0.01
19 18 20 17 293.542409 2771.403646480497 9.44123765939557 0.01
21 19 23 17 89.2195512 1682.3550235484897 18.856349319413408 0.01
23 20 26 17 47.6134344 1348.0871028904867 28.31316664883318 0.01
25 21 29 17 28.3995421 1072.134837217028 37.75183534445184 0.01
27 22 32 17 19.327326 911.6159159914401 47.167203367472574 0.01
29 23 35 17 13.5069218 764.1598761003411 56.57542757820224 0.01
31 24 38 17 10.0228498 661.3836214085366 65.98758183610978 0.01
33 25 41 17 7.84251287 591.3617348607969 75.4046240871259 0.01165689301712998
35 26 44 17 7.1691803 608.1237165017629 84.82472068693306 0.01
37 27 47 17 6.96257361 656.2007246166615 94.2468634980308 0.015002820693935204
39 28 50 17 6.64142781 688.5154329588768 103.66979099316248 0.01
41 29 53 17 6.29488251 711.9071025261206 113.09299282316877 0.01
43 30 56 17 6.04580109 740.7074345042041 122.51601127423199 0.01
20 19 21 18 299.115437 2816.9460783294167 9.417588428675504 0.01
22 20 24 18 102.813545 1938.5512119541554 18.855017711471337 0.01
24 21 27 18 45.1176414 1277.353543854375 28.311620559455378 0.01
26 22 30 18 26.9840448 1018.7214590277931 37.752733757238396 0.01
28 23 33 18 17.2797355 815.0392740226939 47.16734663112719 0.01
30 24 36 18 13.3936109 757.7489169187645 56.5754017028197 0.01
32 25 39 18 8.73999276 576.73187181253 65.98768301640219 0.012113458240718314
34 26 42 18 7.7824734 586.8337640219027 75.40453193478344 0.012140153808885742
36 27 45 18 6.96796719 591.0565798656378 84.82482246958423 0.01
38 28 48 18 7.10566119 669.6862449447617 94.24685853122722 0.01
40 29 51 18 6.70448058 695.0533081581507 103.66997112819598 0.010228524906793905
42 30 54 18 6.31529754 714.2155467276121 113.09293698418715 0.013877701992864519
21 20 22 19 257.501283 2434.8710273459656 9.45576270136862 0.01
23 21 25 19 111.413433 2100.512437076773 18.85331400816608 0.01
25 22 28 19 43.2173456 1223.5910357416863 28.312498575610952 0.01
27 23 31 19 25.60217 966.5386929013462 37.75221760113874 0.01
29 24 34 19 16.7335459 789.2746662782242 47.1672095678313 0.01
31 25 37 19 11.1679459 631.8336834604105 56.57563970294757 0.01
33 26 40 19 8.44392332 557.1955491269227 65.98775569256624 0.01
35 27 43 19 7.31597367 551.6573137492317 75.40449687665861 0.01
37 28 46 19 7.40771468 628.3574920359275 84.82474274183674 0.01
39 29 49 19 7.23873821 682.2294943037225 94.24701854271402 0.01
41 30 52 19 6.76736306 701.5725637927554 103.67000522545563 0.01
43 31 55 19 6.47926193 732.7591460862761 113.09299639415505 0.01
22 21 23 20 296.346907 2788.9656281284056 9.411151465563991 0.01
24 22 26 20 90.988749 1715.551958760858 18.854550453934234 0.01
26 23 29 20 38.1960718 1081.4275405150931 28.312532926883154 0.01
28 24 32 20 25.6002164 966.4745864986311 37.75259440770317 0.01
30 25 35 20 15.2621415 719.8708483124217 47.16709305259827 0.01
32 26 38 20 9.99914615 565.7075376481865 56.575584471098715 0.01
34 27 41 20 7.9819295 526.7089747062299 65.98767562482604 0.01
36 28 44 20 7.32769989 552.5403461446879 75.4043362090649 0.01
38 29 47 20 7.6770468 651.2038838820571 84.82479016306857 0.01
40 30 50 20 7.24513936 682.8326801138736 94.24700425829678 0.01
42 31 53 20 6.67731418 692.2365059281597 103.66990188982835 0.01
44 32 56 20 6.14994389 695.5162614238461 113.09310684196276 0.01
25 23 27 21 84.8546388 1600.032603044565 18.856159494306453 0.01
27 24 30 21 43.2097644 1223.419063512258 28.313486095107198 0.01
29 25 33 21 20.5970997 777.593713792906 37.75258289364429 0.01
31 26 36 21 14.6825168 692.5352324067017 47.16733798708827 0.01
33 27 39 21 9.06334466 512.7675599431254 56.57597489436371 0.01
35 28 42 21 7.58377293 500.43549688821145 65.9876688697497 0.01
37 29 45 21 7.93113812 598.0445500427081 75.40463184402444 0.01
39 30 48 21 7.67285763 650.849618638759 84.82493094802268 0.01
41 31 51 21 7.01959498 661.576601994385 94.24711879806846 0.01
43 32 54 21 6.50918678 674.8073437031735 103.66999235243537 0.01
24 23 25 22 252.531184 2380.1722430934874 9.425260696094814 0.01
26 24 28 22 93.4957687 1762.602623684855 18.852218107757587 0.01
28 25 31 22 41.1113033 1163.9850266896779 28.313016938328925 0.01
30 26 34 22 20.4368936 771.5337054389893 37.75200480756964 0.01
32 27 37 22 13.483244 635.963008768961 47.16691389468002 0.01
34 28 40 22 8.69891762 492.1438669982495 56.575299192021724 0.01
36 29 43 22 7.92068631 522.6664584372279 65.98752153299553 0.01
38 30 46 22 8.3177402 627.1942664603276 75.40440689170933 0.01
40 31 49 22 7.71215429 654.1816373918513 84.82476008553134 0.01
42 32 52 22 6.90387178 650.6697021083137 94.24707219987125 0.01
44 33 55 22 6.42254386 665.8245687821601 103.66991386839048 0.01
27 25 29 23 91.4884468 1725.0282007416683 18.855147956688977 0.01
29 26 32 23 40.1525438 1136.7993514513225 28.31201323417329 0.01
31 27 35 23 22.5256716 850.3990196909962 37.752437964646354 0.01
33 28 38 23 12.0801768 569.7849820364946 47.16694063918788 0.01
35 29 41 23 9.06571561 512.8995218006988 56.57573476438435 0.01
37 30 44 23 9.3283358 615.5529219641076 65.98743175220038 0.01
39 31 47 23 8.50332605 641.1881743728189 75.40439712679475 0.01
41 32 50 23 7.55059913 640.478735353781 84.82488930037808 0.01
43 33 53 23 6.91157318 651.3959776346995 94.24713602391454 0.01
45 34 56 23 6.61298878 685.5690204546078 103.67007162147458 0.01
26 25 27 24 271.098853 2557.12541472409 9.432446454224172 0.01
28 26 30 24 80.9501223 1526.4364351635247 18.856505608559466 0.01
30 27 33 24 35.0450803 992.1955262146025 28.311977536390536 0.01
32 28 36 24 21.8708142 825.6584637781525 37.75161071864222 0.01
34 29 39 24 11.1660327 526.6696272844416 47.16712205978419 0.01
36 30 42 24 9.43397928 533.7328362365662 56.57557859683641 0.01
38 31 45 24 9.33363988 615.9026783702242 65.9874053733284 0.01
40 32 48 24 8.26334377 623.0935022083804 75.40452382853974 0.01
42 33 51 24 7.3203091 620.9448431883055 84.82494860610538 0.01
44 34 54 24 6.74196789 635.410707779777 94.24706823689381 0.01
27 26 28 25 257.42412 2425.1121686917986 9.420687419235612 0.01
29 27 31 25 83.3294047 1571.0519175332415 18.85351183281934 0.01
31 28 34 25 34.2698559 970.2359787020788 28.31164454070782 0.01
33 29 37 25 20.0444841 756.7244495987834 37.75225372843512 0.01
35 30 40 25 11.8122794 557.1482188024768 47.166867624421144 0.01
37 31 43 25 10.7838072 610.0957649472041 56.57517364991504 0.01
39 32 46 25 9.28673431 612.8085904749802 65.98752263377503 0.01
41 33 49 25 8.17861342 616.7043404737078 75.40451037404674 0.01
43 34 52 25 7.45387954 632.2760290188186 84.82509351349385 0.01
45 35 55 25 7.18173727 676.8572232207497 94.24700427961349 0.01
28 27 29 26 207.110741 1956.0238244951108 9.444337918211161 0.01
30 28 32 26 76.1987376 1436.4631347400962 18.851534552720675 0.01
32 29 35 26 37.599738 1064.5621095116624 28.313019349008822 0.01
34 30 38 26 18.0225706 680.3883843740705 37.7520165949063 0.01
36 31 41 26 11.9735646 564.7567047818048 47.16696519779956 0.01
38 32 44 26 10.9144352 617.4879130181162 56.57534281005362 0.01
40 33 47 26 9.18277458 605.949242763698 65.98759857216248 0.01
42 34 50 26 8.15600441 615.0004105304098 75.4046196660173 0.01
44 35 53 26 7.31461885 620.4626895833345 84.82501990972975 0.015570594240291285
46 36 56 26 7.01762141 661.390186425421 94.24706004843043 0.010050476298335994
29 28 30 27 213.21454 2008.8986850967608 9.421959145453968 0.01
31 29 33 27 66.8263076 1259.9422923820036 18.853986366022166 0.01
33 30 36 27 41.3877672 1171.7858282712957 28.312371204003867 0.01
35 31 39 27 17.1020297 645.6285814854039 37.751576439222525 0.01
37 32 42 27 13.196149 622.4199789972243 47.16678926535494 0.01
39 33 45 27 10.5271828 595.5803105245055 56.57546960469856 0.01
41 34 48 27 9.18673166 606.21097237752 65.98766512545768 0.01
43 35 51 27 8.25599757 622.5408525325921 75.40467971971461 0.01
45 36 54 27 7.53152998 638.860043368191 84.82473615117854 0.01
30 29 31 28 210.841735 1990.9952636017192 9.44307949088789 0.01
32 30 34 28 72.6820384 1370.5638448069947 18.856981380519382 0.01
34 31 37 28 37.5706628 1063.7161051991266 28.312412556084226 0.01
36 32 40 28 16.6100962 627.0670338423356 37.75216147407596 0.01
38 33 43 28 13.1384728 619.7021629494941 47.16698602515614 0.01
40 34 46 28 10.8803642 615.566394815051 56.57589980444322 0.01
42 35 49 28 9.53381645 629.114694447799 65.98770783423244 0.01
44 36 52 28 8.03304379 605.7293754232471 75.40471473307468 0.01
46 37 55 28 7.13991012 605.6415141250726 84.82480926875766 0.01
31 30 32 29 232.33993 2190.2004846050972 9.426707172568646 0.01
33 31 35 29 86.4725858 1630.3844417929638 18.85435050553286 0.01
35 32 38 29 29.4493669 833.7491248944028 28.311275000428033 0.01
37 33 41 29 17.3249512 654.0442791202273 37.7515798786335 0.01
39 34 44 29 13.5583347 639.5037365910994 47.16683506796004 0.01
41 35 47 29 11.217449 634.6325344156172 56.57547758100948 0.01
43 36 50 29 9.43988566 622.9142267705054 65.9874758239927 0.01
45 37 53 29 7.5865963 572.0631672795666 75.40445605093903 0.01
47 38 56 29 6.67500552 566.2062763437657 84.82484016638921 0.01
32 31 33 30 208.304126 1963.9047539248793 9.428064588239982 0.01
34 32 36 30 90.05605 1697.77773089896 18.85245611926084 0.01
36 33 39 30 25.195363 713.3179823151188 28.311478676259547 0.01
38 34 42 30 18.4094706 694.9939871397357 37.751981153642504 0.01
40 35 45 30 14.2122946 670.3534380322426 47.167150477745 0.024450799723430297
42 36 48 30 11.3077051 639.7378607455341 56.57539306941549 0.01
44 37 51 30 8.16640179 538.8812508124817 65.98759951688363 0.01
46 38 54 30 7.12388646 537.1724644537646 75.40441126763335 0.01
33 32 34 31 225.275519 2123.9923766576485 9.428420744899709 0.01
35 33 37 31 62.1132023 1170.997304868956 18.852631349019273 0.01
37 34 40 31 27.9033827 789.9908433117275 28.311651379519926 0.01
39 35 43 31 20.2080479 762.8926863240512 37.751923891869396 0.01
41 36 46 31 14.4992096 683.8850954367963 47.16706043319743 0.01
43 37 49 31 10.2008561 577.1190058233184 56.57554622531323 0.01
45 38 52 31 7.95109589 524.6750624200054 65.98776692906986 0.01
47 39 55 31 7.15454844 539.4849909351676 75.40447806866307 0.01
34 33 35 32 217.471831 2049.8360998928615 9.425754547000901 0.01
36 34 38 32 52.4655855 989.1950828228432 18.854170279350893 0.01
38 35 41 32 33.3756555 944.939384646721 28.312234486202705 0.01
40 36 44 32 21.9230164 827.6365518076043 37.75194693589721 0.01
42 37 47 32 12.9413412 610.4032132393927 47.166920631023366 0.01
44 38 50 32 8.86188758 501.36689052679225 56.57563199721749 0.01
46 39 53 32 7.76459497 512.3682284101592 65.98775987540779 0.01
48 40 56 32 7.31945328 551.9190073006979 75.4044033327989 0.01
35 34 36 33 179.330206 1690.884129062076 9.428886336427205 0.01
37 35 39 33 64.2771133 1211.887695772451 18.854108928573353 0.01
39 36 42 33 34.126687 966.194266840163 28.31198548045883 0.01
41 37 45 33 17.3699603 655.7551623916651 37.75225452827691 0.01
43 38 48 33 11.1954614 528.0595624865592 47.16728892357749 0.01
45 39 51 33 8.76697911 495.99834951820975 56.57574214502831 0.01
47 40 54 33 7.78693662 513.8417440799878 65.98766230615446 0.01
36 35 37 34 213.477923 2013.447225020137 9.431641439663702 0.01
38 36 40 34 67.1040901 1265.0561574163123 18.85214679956315 0.01
40 37 43 34 28.1602221 797.2622645925378 28.311646895446106 0.01
42 38 46 34 14.5508555 549.3255887410967 37.75211627530056 0.01
44 39 49 34 10.0414276 473.624047386606 47.167003164630295 0.01
46 40 52 34 8.8461255 500.4765283251872 56.57578883830975 0.01
48 41 55 34 8.34367506 550.5776314318197 65.98742490240501 0.01
37 36 38 35 220.792119 2079.605830887252 9.418840854945786 0.01
39 37 41 35 47.8957581 902.9471969279386 18.852341684261567 0.01
41 38 44 35 21.6321502 612.442824583671 28.311694349444327 0.01
43 39 47 35 13.0654116 493.24481279414243 37.75195362342373 0.01
45 40 50 35 10.5837787 499.2028179739056 47.16678533479783 0.01
47 41 53 35 9.06020986 512.5891686784701 56.57586044905035 0.01
49 42 56 35 8.3517056 551.1060210457243 65.98724230003081 0.01
38 37 39 36 115.55803 1089.878560217835 9.431439426735079 0.01
40 38 42 36 36.1352271 681.2685096438196 18.853306435808165 0.01
42 39 45 36 17.8425132 505.16163929303104 28.312246914466684 0.01
44 40 48 36 12.3404201 465.8744751023899 37.751913737717075 0.01
46 41 51 36 10.7730168 508.1332995071878 47.167224273444724 0.01
48 42 54 36 9.70454475 549.0390275756032 56.57545425565719 0.01
39 38 40 37 122.494991 1153.3112849226184 9.415170983788377 0.01
41 39 43 37 29.8344326 562.4525311252455 18.852462812557242 0.01
43 40 46 37 18.4253497 521.6611339998165 28.312142916875896 0.01
45 41 49 37 14.8007887 558.755102180716 37.751711311216546 0.01
47 42 52 37 11.9690644 564.5504216329961 47.16746462096035 0.01
49 43 55 37 10.7116442 606.0112690570149 56.574999854552196 0.01
40 39 41 38 58.2727498 549.4290888469682 9.428576662894466 0.01
42 40 44 38 28.6914202 540.9084089115539 18.852618836607952 0.01
44 41 47 38 17.5064297 495.63780213704035 28.311758058642894 0.01
46 42 50 38 14.8688123 561.3268827255047 37.75196507965231 0.01
48 43 53 38 12.6945733 598.7660156235648 47.16708482226534 0.01
50 44 56 38 11.6095103 656.8075778147833 56.57495973923924 0.01
41 40 42 39 45.4252586 427.74329035691085 9.416419488625891 0.01
43 41 45 39 27.094937 510.8520000021321 18.854149762449424 0.01
45 42 48 39 19.1456192 542.0434808047204 28.311619234791866 0.01
47 43 51 39 14.7811598 558.0232881356573 37.75233443695381 0.01
49 44 54 39 13.322392 628.3748981526165 47.16682245595359 0.01
42 41 43 40 52.1811283 491.94679908731837 9.427676539668047 0.01
44 42 46 40 24.1920781 456.1239027605384 18.854267123109956 0.01
46 43 49 40 19.7143816 558.1466101722256 28.311646872668103 0.01
48 44 52 40 17.2701365 651.9929403969477 37.75262230249007 0.01
50 45 55 40 14.0571142 663.0323222108605 47.167029646160266 0.01
43 42 44 41 56.5237625 532.7852911082534 9.42586387642283 0.01
45 43 47 41 27.6690002 521.6009799436433 18.851457449613353 0.01
47 44 50 41 21.7119686 614.7203631009623 28.312511611727476 0.01
49 45 53 41 16.2316926 612.7908083058051 37.75273616910445 0.01
51 46 56 41 15.0168138 708.2955554408171 47.16683344910471 0.01
44 43 45 42 40.9714545 386.3888238703036 9.430683596314688 0.01
46 44 48 42 32.909685 620.434708372557 18.85264803879335 0.01
48 45 51 42 21.1199032 597.9657011848502 28.312899709921503 0.01
50 46 54 42 17.3996695 656.8806314157235 37.752477506295364 0.01
45 44 46 43 62.509954 589.4792763385044 9.430166535372981 0.01
47 45 49 43 29.477238 555.82248114062 18.855989192088483 0.01
49 46 52 43 21.5637828 610.5464320001328 28.31351241397835 0.01
51 47 55 43 20.092574 758.5374740560662 37.752130416743334 0.01
46 45 47 44 53.9172236 508.108362853874 9.423859926902356 0.01
48 46 50 44 29.9176116 564.085634368247 18.854634584809137 0.01
50 47 53 44 23.3296739 660.5245441436879 28.312635100471244 0.01
52 48 56 44 18.7282832 707.0225707457731 37.7515954449991 0.01
47 46 48 45 59.3198805 559.6175502583906 9.433895441822251 0.01
49 47 51 45 30.8791173 582.1517179591386 18.85260230411893 0.01
51 48 54 45 27.7022072 784.3057067841041 28.312029475546776 0.01
48 47 49 46 69.8531436 658.135287194832 9.42169891398892 0.01
50 48 52 46 39.202577 739.1277784356595 18.854061008174526 0.01
52 49 55 46 27.6536846 782.921808531824 28.31166334094315 0.01
49 48 50 47 66.4595174 626.8987348121809 9.432790958126652 0.01
51 49 53 47 48.2999186 910.7162379039788 18.85544042933395 0.01
53 50 56 47 27.3626336 774.6910059672618 28.312004512871958 0.01
50 49 51 48 87.9381514 829.3047460534987 9.430545591995452 0.01
52 50 54 48 45.0930413 850.1591374468865 18.85344418866878 0.01
51 50 52 49 133.384573 1258.0249614537556 9.431562684942252 0.01
53 51 55 49 44.1133289 831.709202880706 18.853920654369524 0.01
52 51 53 50 110.208075 1039.2051828080712 9.429483119164102 0.01
54 52 56 50 50.7173917 956.2620451903805 18.85471656048078 0.01
53 52 54 51 158.938329 1498.9245091035841 9.430856097043678 0.01
54 53 55 52 146.540148 1381.1270888880758 9.424905786829667 0.01
55 54 56 53 122.888538 1158.449041749557 9.426827437311989 0.01
