56
# x y z
0.0 0.0 0.0
1.5 0.0 0.0
3.0 0.0 0.0
4.5 0.0 0.0
6.0 0.0 0.0
7.5 0.0 0.0
9.0 0.0 0.0
10.5 0.0 0.0
12.0 0.0 0.0
13.5 0.0 0.0
15.0 0.0 0.0
16.5 0.0 0.0
18.0 0.0 0.0
19.5 0.0 0.0
21.0 0.0 0.0
22.5 0.0 0.0
24.0 0.0 0.0
25.5 0.0 0.0
27.0 0.0 0.0
28.5 0.0 0.0
30.0 0.0 0.0
31.5 0.0 0.0
33.0 0.0 0.0
34.5 0.0 0.0
36.0 0.0 0.0
37.5 0.0 0.0
39.0 0.0 0.0
40.5 0.0 0.0
42.0 0.0 0.0
43.5 0.0 0.0
45.0 0.0 0.0
46.5 0.0 0.0
48.0 0.0 0.0
49.5 0.0 0.0
51.0 0.0 0.0
52.5 0.0 0.0
54.0 0.0 0.0
55.5 0.0 0.0
57.0 0.0 0.0
58.5 0.0 0.0
60.0 0.0 0.0
61.5 0.0 0.0
63.0 0.0 0.0
64.5 0.0 0.0
66.0 0.0 0.0
67.5 0.0 0.0
69.0 0.0 0.0
70.5 0.0 0.0
72.0 0.0 0.0
73.5 0.0 0.0
75.0 0.0 0.0
76.5 0.0 0.0
78.0 0.0 0.0
79.5 0.0 0.0
81.0 0.0 0.0
82.5 0.0 0.0
930
# a b m n r rhoa k err
2 5 3 4 434.061322 4089.994764139637 9.422619701046841 0.05
2 8 4 6 189.157397 3566.5763098767734 18.85507184197916 0.05
2 11 5 8 108.616228 3075.112536990327 28.311722784097483 0.05
2 14 6 10 67.4879981 2547.7504840134548 37.75116399568318 0.05
2 17 7 12 54.4777774 2569.5307554052692 47.166585680223974 0.05
2 20 8 14 34.8661281 1972.5685533968733 56.57549779371325 0.05
2 23 9 16 24.7948336 1636.1509901760326 65.9875769513546 0.05
2 26 10 18 20.4168594 1539.5258699563265 75.40463691278231 0.05
2 29 11 20 16.0963544 1365.3738082005138 84.82503393442393 0.05
2 32 12 22 12.2745814 1156.8454298849226 94.24724087820401 0.05
2 35 13 24 10.9741666 1137.6944133716763 103.67023345277775 0.05
2 38 14 26 9.88185492 1117.5712419368688 113.09326548348767 0.05
2 41 15 28 9.15067826 1121.1060002195502 122.51616419737942 0.05
2 44 16 30 8.09875892 1068.5387824372515 131.93858379936214 0.05
2 47 17 32 7.24957476 1024.8045819546892 141.36064746985093 0.05
3 6 4 5 420.959041 3968.895808684323 9.428223228692511 0.05
3 9 5 7 160.62388 3028.758250269305 18.856213971853403 0.05
3 12 6 9 97.2712787 2753.9405323776427 28.311959801322555 0.05
3 15 7 11 73.771863 2785.043930670092 37.75211601569683 0.05
3 18 8 13 48.9316455 2307.9509730708487 47.16683752380346 0.05
3 21 9 15 31.2403657 1767.4356113194758 56.575381616594704 0.05
3 24 10 17 24.9794424 1648.3344392883391 65.98763947142147 0.05
3 27 11 19 18.8794026 1423.5946502910338 75.40464496959422 0.05
3 30 12 21 14.0634452 1192.9344014438286 84.82518931021458 0.05
3 33 13 23 12.5965113 1187.1863098554663 94.2472309658839 0.05
3 36 14 25 11.5254056 1194.839594528462 103.67006906277226 0.05
3 39 15 27 10.1230512 1144.8481607252131 113.09319078868366 0.05
3 42 16 29 8.87256691 1087.0317758475687 122.51604151019794 0.05
3 45 17 31 7.83657368 1033.9462876167834 131.93856522469184 0.05
3 48 18 33 6.98030793 986.7406998533806 141.36062617131284 0.05
4 7 5 6 396.373334 3737.8639448794784 9.430159963484018 0.05
4 10 6 8 165.077091 3112.180846910029 18.85289368777421 0.05
4 13 7 10 94.7022421 2681.158275127904 28.31145510046909 0.05
4 16 8 12 72.2381716 2727.106203658893 37.751595081330834 0.05
4 19 9 14 41.623572 1963.2533563559114 47.16686391922133 0.05
4 22 10 16 30.8640817 1746.152280235812 56.57554620313917 0.05
4 25 11 18 22.6510048 1494.6827103827336 65.9874793008182 0.05
4 28 12 20 16.3491988 1232.8027297004253 75.40447362475189 0.05
4 31 13 22 14.4061536 1221.9990094916022 84.82479386389454 0.05
4 34 14 24 12.8384781 1209.989026914704 94.24707644395203 0.05
4 37 15 26 11.47582 1189.6984255921918 103.6700144819448 0.05
4 40 16 28 9.89247051 1118.7706715776765 113.09315205405413 0.05
4 43 17 30 8.57508165 1050.5841286332054 122.51593296877884 0.05
4 46 18 32 7.61458457 1004.6567231953027 131.93848120795153 0.05
4 49 19 34 6.66377059 941.9943018139927 141.36055392236915 0.05
5 8 6 7 333.968287 3147.100803704946 9.423352234953214 0.05
5 11 7 9 170.999333 3223.4824877346628 18.850848311406352 0.05
5 14 8 11 92.1768445 2609.7099598713253 28.3119906526126 0.05
5 17 9 13 59.1003545 2231.1554511718996 37.75198084762587 0.05
5 20 10 15 38.3202792 1807.4573709547403 47.16712426653562 0.05
5 23 11 17 27.5815236 1560.4352663583072 56.57538318000341 0.05
5 26 12 19 19.1095315 1260.9946575322704 65.98773274647107 0.05
5 29 13 21 16.2513422 1225.428471109236 75.40475463677308 0.05
5 32 14 23 14.6279924 1240.8169086778607 84.8248259055604 0.05
5 35 15 25 13.1912646 1243.2381927040835 94.2470817167964 0.05
5 38 16 27 10.9928925 1139.6336817830063 103.67004696743885 0.05
5 41 17 29 9.34728497 1057.1133037404784 113.09308608149541 0.05
5 44 18 31 8.19782455 1004.36405223541 122.51592432963328 0.05
5 47 19 33 7.16949149 945.9317017392635 131.9384649606807 0.05
5 50 20 35 6.40100337 904.8498189990053 141.36062218617536 0.05
6 9 7 8 339.990037 3207.2286372073945 9.433301827039699 0.05
6 12 8 10 129.618545 2443.880528622753 18.854404889537626 0.05
6 15 9 12 91.3387116 2585.9921694524637 28.312115686252618 0.05
6 18 10 14 53.3675748 2014.752765906205 37.75237629696834 0.05
6 21 11 16 33.9466714 1601.1511846596006 47.16666225660053 0.05
6 24 12 18 22.9583019 1298.8842517098724 56.575798043228644 0.05
6 27 13 20 18.7832753 1239.4646325243307 65.98767322141792 0.05
6 30 14 22 16.4028507 1236.8476037864266 75.4044297791741 0.05
6 33 15 24 14.4745877 1227.805534170435 84.82490552531834 0.05
6 36 16 26 12.4429762 1172.714866329357 94.24713569164882 0.05
6 39 17 28 10.2747206 1065.181770599013 103.67014462651304 0.05
6 42 18 30 8.801843 995.4276672554382 113.0930950774103 0.05
6 45 19 32 7.64345597 936.4452782816919 122.51595115575604 0.05
6 48 20 34 6.84183896 902.7022957891656 131.93854767215475 0.05
6 51 21 36 6.26614005 885.7855810443041 141.3606421140083 0.05
7 10 8 9 369.234233 3481.7297161036395 9.429596188345947 0.05
7 13 9 11 120.558615 2273.3438519939878 18.856751564324025 0.05
7 16 10 13 79.9538517 2263.678315177862 28.31231100249623 0.05
7 19 11 15 42.0470353 1587.3560940879656 37.75191479642717 0.05
7 22 12 17 27.5793858 1300.852123177907 47.167552338236156 0.05
7 25 13 19 22.039913 1246.9270778124826 56.57586206499466 0.05
7 28 14 21 18.2802645 1206.2718785561403 65.98766000109792 0.05
7 31 15 23 16.5851888 1250.5977795137221 75.40449461230867 0.05
7 34 16 25 13.8189194 1172.1900566640988 84.82501581593267 0.05
7 37 17 27 11.483726 1082.3084354366042 94.24714900343356 0.05
7 40 18 29 9.50126385 984.9963775661889 103.67003728311248 0.05
7 43 19 31 8.11141605 917.3448992063581 113.09306458350858 0.05
7 46 20 33 7.26403795 889.9611272435138 122.51603493391907 0.05
7 49 21 35 6.59030368 869.5149241005186 131.93852154936184 0.05
7 52 22 37 6.26490536 885.6114952882717 141.36071407282546 0.05
8 11 9 10 255.933677 2412.138308748297 9.4248570060137 0.05
8 14 10 12 147.050961 2772.2848173872644 18.852544713307005 0.05
8 17 11 14 66.2938411 1876.9092494565668 28.311970136492317 0.05
8 20 12 16 34.6261578 1307.2264043928424 37.75256879331967 0.05
8 23 13 18 28.0333039 1322.251785519261 47.16717623566521 0.05
8 26 14 20 22.3414795 1263.9787655505302 56.57542803065169 0.05
8 29 15 22 18.9179213 1248.346994340129 65.98753502268397 0.05
8 32 16 24 15.6468317 1179.842141310804 75.40453964944251 0.05
8 35 17 26 13.1302053 1113.7699149807147 84.82501907115761 0.05
8 38 18 28 10.6910323 1007.5999158683401 94.2472052832859 0.05
8 41 19 30 8.79424753 911.6998922066463 103.67002851540686 0.05
8 44 20 32 7.83673825 886.281039661052 113.09310217947524 0.05
8 47 21 34 7.06224407 865.2374313630112 122.51593442351974 0.05
8 50 22 36 6.40728563 845.3684595866815 131.93862555908586 0.05
8 53 23 38 6.10974394 863.6773706144018 141.36064933261372 0.05
9 12 10 11 340.102379 3209.7811925146198 9.437691091583396 0.05
9 15 11 13 130.543917 2460.8447579210847 18.85070414978497 0.05
9 18 12 15 50.132182 1419.346150585352 28.31207607491236 0.05
9 21 13 17 39.9603907 1508.5645006688803 37.75149527426618 0.05
9 24 14 19 30.4955288 1438.3800082528367 47.16691478564677 0.05
9 27 15 21 23.8028126 1346.6599499069764 56.57566492402567 0.05
9 30 16 23 19.3073639 1274.0452134873144 65.98752787206308 0.05
9 33 17 25 15.2716203 1151.5485805612084 75.40447954702019 0.05
9 36 18 27 12.6651792 1074.321384565996 84.8248072609976 0.05
9 39 19 29 9.77817757 921.5639553838228 94.24700551677778 0.05
9 42 20 31 8.47203396 878.2962045951228 103.67005240322749 0.05
9 45 21 33 7.68373841 868.9771996127196 113.09302233425716 0.05
9 48 22 35 6.81944288 835.4909009655349 122.51600543731439 0.05
9 51 23 37 6.35174647 838.040209872314 131.93854852841977 0.05
9 54 24 39 6.07254561 858.4186449476084 141.36059242338214 0.05
10 13 11 12 373.439533 3518.169893808239 9.420989431797086 0.05
10 16 12 14 82.1191941 1548.3287036133838 18.854650494108828 0.05
10 19 13 16 51.3436579 1453.629283668989 28.311759292650418 0.05
10 22 14 18 39.6438135 1496.6343402887758 37.75202757143371 0.05
10 25 15 20 29.9059152 1410.5686410484939 47.16687757639646 0.05
10 28 16 22 22.3368285 1263.710703568692 56.57520733387428 0.05
10 31 17 24 17.7876542 1173.7615250675196 65.98742655271091 0.05
10 34 18 26 14.2277314 1072.8354017944794 75.40453018353153 0.05
10 37 19 28 11.2307027 952.6426640063557 84.82484929516973 0.05
10 40 20 30 9.23380864 870.2595724390419 94.24708767183657 0.05
10 43 21 32 8.28777441 859.1927287997748 103.6698981288723 0.05
10 46 22 34 7.31082577 826.8038923314368 113.09309212705213 0.05
10 49 23 36 6.49760452 796.0602439048965 122.51595822038374 0.05
10 52 24 38 6.42350746 847.5081705209475 131.93853604101636 0.05
10 55 25 40 5.94526425 840.4262507376855 141.360621731437 0.05
11 14 12 13 210.275122 1982.8176290478211 9.429634900165798 0.05
11 17 13 15 84.2078264 1587.7675688750417 18.855344411015952 0.05
11 20 14 17 60.8827571 1723.7624758265224 28.312818898711182 0.05
11 23 15 19 43.7027086 1649.8861763947234 37.75249244836791 0.05
11 26 16 21 29.2509703 1379.6986284333911 47.16761920316166 0.05
11 29 17 23 22.1571623 1253.5583806299426 56.57576379399191 0.05
11 32 18 25 17.4108525 1148.8987728245945 65.98750824088565 0.05
11 35 19 27 13.4947733 1017.5661433085323 75.40446369028906 0.05
11 38 20 29 10.5610221 895.8376399847905 84.82489966428443 0.05
11 41 21 31 9.1146792 859.0317916248663 94.2470681387082 0.05
11 44 22 33 8.07099482 836.7203791474601 103.67004288914414 0.05
11 47 23 35 6.9817795 789.5905381199838 113.09302135938033 0.05
11 50 24 37 6.78679144 831.4901314076133 122.51593978665318 0.05
11 53 25 39 6.14945343 811.3497127531245 131.9385083550628 0.05
11 56 26 41 5.87815853 830.940701914959 141.36071657035745 0.05
12 15 13 14 297.259981 2804.086901649657 9.433112698912732 0.05
12 18 14 16 103.081959 1943.2607379157075 18.851608533319663 0.05
12 21 15 18 69.7287093 1974.091296632641 28.31102592390364 0.05
12 24 16 20 44.0953227 1664.6852665629617 37.75196924827045 0.05
12 27 17 22 28.6854995 1353.004606142666 47.16684839818341 0.05
12 30 18 24 21.7104337 1228.2757455821188 56.57536659814027 0.05
12 33 19 26 15.9659609 1053.551553888325 65.98735650720059 0.05
12 36 20 28 13.133796 990.3470893180975 75.40448239930767 0.05
12 39 21 30 10.3416026 877.2234983853805 84.82471550254508 0.05
12 42 22 32 8.92579072 841.2299859741331 94.24711068893772 0.05
12 45 23 34 7.65161166 793.241824118042 103.66990110917914 0.05
12 48 24 36 7.02376431 794.3384149589326 113.09297691381855 0.05
12 51 25 38 6.58313649 806.5388497783142 122.51589360230844 0.05
12 54 26 40 6.26902931 827.1258187559895 131.9384194673656 0.05
13 16 14 15 185.633897 1748.816633282094 9.420782850246871 0.05
13 19 15 17 108.124021 2038.4314615407463 18.852716007858664 0.05
13 22 16 19 60.0358011 1699.7864742439726 28.31288069951269 0.05
13 25 17 21 35.7044684 1347.943979533719 37.752809100323105 0.05
13 28 18 23 25.6979151 1212.087171805011 47.16675135272009 0.05
13 31 19 25 18.8557761 1066.7688312331213 56.57517492653731 0.05
13 34 20 27 14.3902894 949.5800968909456 65.98756081242853 0.05
13 37 21 29 11.584584 873.5262173776031 75.40419383014557 0.05
13 40 22 31 9.3371193 792.0208157553329 84.82496477851932 0.05
13 43 23 33 8.03928765 757.678807943246 94.24700805963151 0.05
13 46 24 35 7.21606486 748.0887005640794 103.66989696986722 0.05
13 49 25 37 6.74418542 762.7197018856025 113.09293182001548 0.05
13 52 26 39 6.41492048 785.9297556228822 122.51589993565786 0.05
13 55 27 41 6.04877266 798.0657644593638 131.93846244824215 0.05
14 17 15 16 219.088933 2065.351341279749 9.426999862561514 0.05
14 20 16 18 93.284138 1758.9640852437774 18.855982624224684 0.05
14 23 17 20 49.9268973 1413.5389277489953 28.312172480002985 0.05
14 26 18 22 31.168284 1176.6652356384366 37.75200571319347 0.05
14 29 19 24 21.1014271 995.2920954788193 47.16705134501635 0.05
14 32 20 26 16.463986 931.4600277723437 56.57560859031001 0.05
14 35 21 28 13.4192321 885.5019673456596 65.9875289991936 0.05
14 38 22 30 10.0412505 757.156342899102 75.40458659995605 0.05
14 41 23 32 8.38114379 710.9301679634683 84.82495775955043 0.05
14 44 24 34 7.59673667 715.9694870354182 94.24697974102848 0.05
14 47 25 36 6.56509746 680.6029419608785 103.6698915907455 0.05
14 50 26 38 6.63725049 750.6261752649474 113.09294057771012 0.05
14 53 27 40 6.19849935 759.4147736531843 122.51590760482766 0.05
14 56 28 42 5.85252225 772.1733601312377 131.93856035852536 0.05
15 18 16 17 270.920732 2555.5570512413037 9.432858948724913 0.05
15 21 17 19 89.751664 1692.0660616443524 18.852754213496837 0.05
15 24 18 21 47.4924641 1344.6735906940005 28.313409636161637 0.05
15 27 19 23 28.0336903 1058.3314332910857 37.75212688609482 0.05
15 30 20 25 20.2879413 956.9246226909921 47.1671624311626 0.05
15 33 21 27 15.0817979 853.2559141034126 56.575212037777845 0.05
15 36 22 29 11.9438869 788.1468321246937 65.98746611747417 0.05
15 39 23 31 8.8019016 663.7033401165693 75.40453986858581 0.05
15 42 24 33 7.96654771 675.7617610317295 84.82491860099957 0.05
15 45 25 35 6.69939614 631.3977144299806 94.24695916399125 0.05
15 48 26 37 6.77329054 702.185756178089 103.66981189294873 0.05
15 51 27 39 6.35995499 719.2661574577022 113.09296348616174 0.05
15 54 28 41 5.98420569 733.1597803324604 122.5158054907134 0.05
16 19 17 18 226.196914 2131.851559066627 9.424759698828725 0.05
16 22 18 20 94.6856794 1785.1832702682605 18.85378318643886 0.05
16 25 19 22 43.3554052 1227.4719699761288 28.31185556480807 0.05
16 28 20 24 25.7564739 972.3585317151192 37.752005010092596 0.05
16 31 21 26 19.7078286 929.5513942032529 47.166606381144035 0.05
16 34 22 28 14.2180774 804.4004783567691 56.575896707157405 0.05
16 37 23 30 10.4737236 691.1336232134579 65.9873842014943 0.05
16 40 24 32 8.65900582 652.9282269952855 75.4045257120852 0.05
16 43 25 34 7.20951703 611.5456019473829 84.8247669577088 0.05
16 46 26 36 6.72429363 633.7440048510368 94.2469261044207 0.05
16 49 27 38 6.74501321 699.2541426383526 103.66979587254991 0.05
16 52 28 40 6.32087089 714.8459205772135 113.09294763608334 0.05
16 55 29 42 6.08749119 745.8143654017285 122.51588415058201 0.05
17 20 18 19 293.921743 2774.98502892678 9.441237659395549 0.05
17 23 19 21 89.3328315 1684.4910764562962 18.856349319413393 0.05
17 26 20 23 47.6517733 1349.172598555313 28.313166648833047 0.05
17 29 21 25 28.4185156 1072.8511216649292 37.7518353444516 0.05
17 32 22 27 19.3103527 910.8153328985122 47.16720336747201 0.05
17 35 23 29 13.5200304 764.9015007502804 56.575427578201335 0.05
17 38 24 31 10.0587956 663.7555978276894 65.98758183610863 0.05
17 41 25 33 7.93446816 598.2955889360591 75.40462408712459 0.05
17 44 26 35 7.218633 612.3185279664679 84.82472068693171 0.05
17 47 27 37 7.06782136 666.1199949443759 94.24686349802931 0.05
17 50 28 39 6.70325508 694.9250531174439 103.66979099316087 0.05
17 53 29 41 6.34380796 717.4402280918295 113.09299282316695 0.05
17 56 30 43 6.10499692 747.9598714798589 122.51601127422992 0.05
18 21 19 20 299.264509 2818.3499770716603 9.417588428675518 0.05
18 24 20 22 102.825993 1938.7859192146266 18.855017711471326 0.05
18 27 21 24 45.1834717 1279.2173063292848 28.31162055945526 0.05
18 30 22 26 27.0253004 1020.2789707105816 37.75273375723815 0.05
18 33 23 28 17.3965109 820.5472597924739 47.167346631126705 0.05
18 36 24 30 13.4347997 760.0791898244092 56.57540170281879 0.05
18 39 25 32 8.84650944 583.7606607283203 65.98768301640114 0.05
18 42 26 34 7.87753083 594.0015250379661 75.40453193478217 0.05
18 45 27 36 7.01962045 595.4380584751041 84.82482246958297 0.05
18 48 28 38 7.175969 676.3125351674635 94.24685853122602 0.05
18 51 29 40 6.77341005 702.1992243229222 103.66997112819446 0.05
18 54 30 42 6.40355174 724.1964734067891 113.09293698418514 0.05
19 22 20 21 257.333907 2433.288359608068 9.455762701368645 0.05
19 25 21 23 111.382526 2099.929737700722 18.853314008166073 0.05
19 28 22 25 43.1851915 1222.680672831233 28.31249857561088 0.05
19 31 23 27 25.5659454 965.171133919625 37.75221760113847 0.05
19 34 24 29 16.7405877 789.6068083345519 47.16720956783088 0.05
19 37 25 31 11.1747454 632.2183695225618 56.575639702946766 0.05
19 40 26 33 8.48693065 560.033506311946 65.98775569256549 0.05
19 43 27 35 7.3417107 553.5980015474726 75.40449687665745 0.05
19 46 28 37 7.41999993 629.399585206689 84.82474274183572 0.05
19 49 29 39 7.24892922 683.1899666121559 94.24701854271325 0.05
19 52 30 41 6.78369353 703.2655437029784 103.67000522545399 0.05
19 55 31 43 6.46872636 731.5676469062456 113.09299639415349 0.05
20 23 21 22 296.390172 2789.372801596568 9.411151465564007 0.05
20 26 22 24 90.9470466 1714.7656787560088 18.854550453934245 0.05
20 29 23 26 38.1847204 1081.1061536288264 28.312532926883136 0.05
20 32 24 28 25.6073958 966.7456274749163 37.752594407702965 0.05
20 35 25 30 15.2556688 719.5655498692116 47.16709305259771 0.05
20 38 26 32 10.0314073 567.5327310651403 56.57558447109812 0.05
20 41 27 34 8.03467506 530.189531610153 65.98767562482521 0.05
20 44 28 36 7.33559036 553.1353217974099 75.40433620906414 0.05
20 47 29 38 7.69216692 652.4864448882911 84.82479016306775 0.05
20 50 30 40 7.27062795 685.234903364133 94.24700425829559 0.05
20 53 31 42 6.70179853 694.7747960904853 103.66990188982679 0.05
20 56 32 44 6.17602152 698.4654616196134 113.09310684196149 0.05
21 24 22 23 382.702445 3615.0593455774656 9.446136006728322 0.05
21 27 23 25 84.7931769 1598.8736676553408 18.856159494306443 0.05
21 30 24 27 43.182707 1222.652974193584 28.3134860951071 0.05
21 33 25 29 20.6236316 778.5953615469791 37.75258289364416 0.05
21 36 26 31 14.7375552 695.1312472217643 47.16733798708787 0.05
21 39 27 33 9.09875913 514.7711681087382 56.57597489436323 0.05
21 42 28 35 7.58148724 500.28466953334754 65.98766886974903 0.05
21 45 29 37 7.93590681 598.404131356533 75.40463184402401 0.05
21 48 30 39 7.69374556 652.6214358586517 84.82493094802211 0.05
21 51 31 41 7.03952063 663.4545370970563 94.2471187980674 0.05
21 54 32 43 6.53635915 677.6243030932626 103.6699923524341 0.05
22 25 23 24 252.343208 2378.400520288878 9.425260696094812 0.05
22 28 24 26 93.4660284 1762.041953062661 18.852218107757544 0.05
22 31 25 28 41.1163345 1164.127475140493 28.313016938328808 0.05
22 34 26 30 20.4695218 772.7654854022476 37.75200480756945 0.05
22 37 27 32 13.4934437 636.4440971406082 47.16691389467969 0.05
22 40 28 34 8.71362236 492.9757920632863 56.57529919202125 0.05
22 43 29 36 7.91979301 522.6075117842388 65.98752153299506 0.05
22 46 30 38 8.33110383 628.2019430543937 75.40440689170882 0.05
22 49 31 40 7.7256403 655.3255849546084 84.82476008553083 0.05
22 52 32 42 6.92180214 652.3595860417954 94.24707219987012 0.05
22 55 33 44 6.4092071 664.4419480216733 103.66991386838994 0.05
23 26 24 25 384.482641 3625.063466638569 9.428419075592464 0.05
23 29 25 27 91.4737023 1724.750191012618 18.855147956688945 0.05
23 32 26 29 40.146158 1136.61855659721 28.312013234173243 0.05
23 35 27 31 22.4917946 849.1200803500612 37.75243796464606 0.05
23 38 28 33 12.0954081 570.5033958594482 47.166940639187544 0.05
23 41 29 35 9.07373403 513.3531698038456 56.575734764384045 0.05
23 44 30 37 9.34269907 616.5007172629684 65.9874317522001 0.05
23 47 31 39 8.51408596 641.9995188995027 75.4043971267942 0.05
23 50 32 41 7.56535471 641.7303757938386 84.82488930037736 0.05
23 53 33 43 6.92103073 652.2873246359958 94.24713602391357 0.05
23 56 34 45 6.62765802 687.0897816160335 103.67007162147354 0.05
24 27 25 26 271.023677 2556.416321129445 9.432446454224163 0.05
24 30 26 28 80.9650354 1526.7176441173137 18.85650560855944 0.05
24 33 27 30 35.0789709 993.155036120494 28.31197753639044 0.05
24 36 28 32 21.8544488 825.0406435680923 37.75161071864198 0.05
24 39 29 34 11.1732921 527.01203229032 47.16712205978398 0.05
24 42 30 36 9.44050541 534.102055817312 56.575578596836166 0.05
24 45 31 38 9.36168389 617.7532298263858 65.98740537332817 0.05
24 48 32 40 8.28747485 624.9130948052466 75.40452382853947 0.05
24 51 33 42 7.33167839 621.9092426282389 84.82494860610475 0.05
24 54 34 44 6.75859173 636.9774559626112 94.24706823689307 0.05
25 28 26 27 257.254063 2423.510114851341 9.420687419235595 0.05
25 31 27 29 83.4271514 1572.894786098307 18.853511832819297 0.05
25 34 28 31 34.27535 970.3915257083445 28.311644540707665 0.05
25 37 29 33 20.0590633 757.2748472563378 37.75225372843496 0.05
25 40 30 35 11.7017776 551.9361950296139 47.166867624420924 0.05
25 43 31 37 10.8113676 611.6549993630618 56.575173649914724 0.05
25 46 32 39 9.31479006 614.6599199131106 65.9875226337748 0.05
25 49 33 41 8.20003214 618.319408568145 75.40451037404654 0.05
25 52 34 43 7.47856575 634.3700390905551 84.8250935134929 0.05
25 55 35 45 7.21794369 680.2695698414348 94.24700427961287 0.05
26 29 27 28 207.457999 1959.3034463919166 9.444337918211177 0.05
26 32 28 30 76.19431 1436.379667685705 18.851534552720604 0.05
26 35 29 32 37.5621789 1063.4986979866283 28.313019349008755 0.05
26 38 30 34 18.022616 680.39009831562 37.75201659490609 0.05
26 41 31 36 11.9857668 565.3322455245403 47.16696519779947 0.05
26 44 32 38 10.9517498 619.5989993049359 56.5753428100536 0.05
26 47 33 40 9.21020438 607.759269395011 65.9875985721623 0.05
26 50 34 42 8.18612684 617.2717809079716 75.40461966601676 0.05
26 53 35 44 7.42940546 630.1994660619506 84.82501990972918 0.05
26 56 36 46 7.08850807 668.0710457270698 94.24706004842989 0.05
27 30 28 29 213.092542 2007.749224924932 9.42195914545396 0.05
27 33 29 31 66.8268024 1259.951621334456 18.85398636602214 0.05
27 36 30 33 41.3825975 1171.639461805877 28.312371204003735 0.05
27 39 31 35 17.0569288 643.925951411574 37.7515764392224 0.05
27 42 32 37 13.2331337 624.1644285481656 47.16678926535486 0.05
27 45 33 39 10.585275 598.8669040198763 56.57546960469864 0.05
27 48 34 41 9.21907969 608.3455433486258 65.98766512545743 0.05
27 51 35 43 8.28560682 624.7735285455775 75.40467971971394 0.05
27 54 36 45 7.56471563 641.6750073734422 84.82473615117799 0.05
28 31 29 30 210.81992 1990.7892628226225 9.443079490887875 0.05
28 34 30 32 72.6814178 1370.5521421643475 18.856981380519347 0.05
28 37 31 34 37.5736719 1063.8013000797441 28.312412556084094 0.05
28 40 32 36 16.5745116 625.7236382771454 37.752161474075976 0.05
28 43 33 38 13.1501367 620.2523139577925 47.16698602515611 0.05
28 46 34 40 10.9020292 616.7921116843119 56.575899804443 0.05
28 49 35 42 9.59684971 633.2741147925154 65.98770783423214 0.05
28 52 36 44 8.07807778 609.1251505924859 75.40471473307427 0.05
28 55 37 46 7.1180007 603.7830517523826 84.82480926875753 0.05
29 32 30 31 232.41579 2190.915594611205 9.426707172568634 0.05
29 35 31 33 86.4031192 1629.0746941681311 18.854350505532803 0.05
29 38 32 35 29.1822829 826.1876363221878 28.311275000428008 0.05
29 41 33 37 17.3303984 654.249919526145 37.75157987863366 0.05
29 44 34 39 13.5801573 640.5330395660543 47.1668350679601 0.05
29 47 35 41 11.2743168 637.8498573595955 56.57547758100922 0.05
29 50 36 43 9.4842438 625.8413084613495 65.98747582399237 0.05
29 53 37 45 7.61120251 573.9185851600904 75.40445605093885 0.05
29 56 38 47 6.69352439 567.7771365315785 84.82484016638931 0.05
30 33 31 32 208.301188 1963.8770542711143 9.428064588239959 0.05
30 36 32 34 90.0274217 1697.2380171294358 18.85245611926078 0.05
30 39 33 36 25.175008 712.741702166665 28.31147867625961 0.05
30 42 34 38 18.4312262 695.8153041409224 37.751981153642525 0.05
30 45 35 40 14.5640975 686.9469783550479 47.16715047774487 0.05
30 48 36 42 11.3621899 642.8203597218404 56.57539306941529 0.05
30 51 37 44 8.18722958 540.2556266778224 65.9875995168835 0.05
30 54 38 46 7.14833149 539.0157275493328 75.40441126763314 0.05
31 34 32 33 225.187338 2123.1609690879372 9.428420744899684 0.05
31 37 33 35 61.9675947 1168.2522184645402 18.85263134901927 0.05
31 40 34 37 27.8912945 789.6486064075222 28.311651379519947 0.05
31 43 35 39 20.3116404 766.8035024998162 37.751923891869225 0.05
31 46 36 41 14.5562295 686.5745565059876 47.16706043319718 0.05
31 49 37 43 10.2333227 578.9558214523964 56.575546225313154 0.05
31 52 38 45 7.9687101 525.837384804123 65.98776692906961 0.05
31 55 39 47 7.13974519 538.3687595951992 75.4044780686633 0.05
32 35 33 34 217.27005 2047.9341617146115 9.425754547000894 0.05
32 38 34 36 52.4428306 988.7660580635545 18.85417027935091 0.05
32 41 35 38 33.4801769 947.898619032348 28.312234486202733 0.05
32 44 36 40 22.0023618 830.6319951380106 37.75194693589715 0.05
32 47 37 42 12.9804131 612.2461144455938 47.166920631023196 0.05
32 50 38 44 8.8909084 503.0087617593698 56.57563199721749 0.05
32 53 39 46 7.77111207 512.7982772400428 65.98775987540775 0.05
32 56 40 48 7.31879881 551.8696573808525 75.40440333279943 0.05
33 36 34 35 179.178637 1689.4550021889502 9.428886336427205 0.05
33 39 35 37 64.3382466 1213.0403096698149 18.85410892857336 0.05
33 42 36 39 34.2020727 968.3285856839963 28.311985480458798 0.05
33 45 37 41 17.50088 660.6976762288294 37.752254528276836 0.05
33 48 38 43 11.2164791 529.0509104149687 47.167288923577516 0.05
33 51 39 45 8.78008492 496.73982044537195 56.57574214502836 0.05
33 54 40 47 7.78803902 513.9144888789157 65.98766230615466 0.05
34 37 35 36 213.519641 2013.8406942377148 9.431641439663693 0.05
34 40 36 38 67.1723164 1266.342369639503 18.852146799563144 0.05
34 43 37 40 28.1885774 798.0650498337492 28.311646895445996 0.05
34 46 38 42 14.5641737 549.8283789760723 37.752116275300416 0.05
34 49 39 44 10.0471826 473.89549348981996 47.16700316463045 0.05
34 52 40 46 8.84954632 500.6700639151607 56.575788838309705 0.05
34 55 41 48 8.3463782 550.756004679575 65.98742490240556 0.05
35 38 36 37 221.024397 2081.793620403355 9.418840854945778 0.05
35 41 37 39 48.0820899 906.4599876881817 18.85234168426156 0.05
35 44 38 41 21.8222025 617.8235272116782 28.31169434944425 0.05
35 47 39 43 13.1220382 495.3825775711936 37.75195362342365 0.05
35 50 40 45 10.5433469 497.29577994260694 47.16678533479791 0.05
35 53 41 47 9.06378523 512.7914483126451 56.575860449050495 0.05
35 56 42 49 8.35903055 551.5893742962137 65.98724230003127 0.05
36 39 37 38 115.566325 1089.9567940078791 9.431439426735073 0.05
36 42 38 40 36.1875442 682.2548599619519 18.85330643580815 0.05
36 45 39 42 17.8944988 506.63346843622725 28.31224691446665 0.05
36 48 40 44 12.3517314 466.30149832425394 37.75191373771728 0.05
36 51 41 46 10.7718044 508.07611396448084 47.16722427344492 0.05
36 54 42 48 9.70933003 549.309756965348 56.57545425565763 0.05
37 40 38 39 122.384683 1152.2727162417389 9.415170983788379 0.05
37 43 39 41 29.8399261 562.5560971297054 18.852462812557214 0.05
37 46 40 43 18.4361101 521.9657839824598 28.31214291687593 0.05
37 49 41 45 14.797666 558.6372149118084 37.75171131121681 0.05
37 52 42 47 11.9688639 564.540964556342 47.16746462096056 0.05
37 55 43 49 10.7638008 608.9620286944357 56.574999854552836 0.05
38 41 39 40 58.2849158 549.5437969106493 9.428576662894473 0.05
38 44 40 42 28.6964082 541.0024457743114 18.852618836607967 0.05
38 47 41 44 17.4997489 495.4486569438047 28.31175805864304 0.05
38 50 42 46 14.8658715 561.2158617466008 37.751965079652464 0.05
38 53 43 48 12.6954048 598.8052350545997 47.16708482226575 0.05
38 56 44 50 11.6183858 657.3097088699561 56.57495973923986 0.05
39 42 40 41 45.4416276 427.8974277275201 9.41641948862589 0.05
39 45 41 43 27.1534299 511.9548338987734 18.854149762449474 0.05
39 48 42 45 19.1512222 542.2021108072954 28.31161923479199 0.05
39 51 43 47 14.7718134 557.6704397170789 37.75233443695403 0.05
39 54 44 49 13.325275 628.5108801017639 47.16682245595411 0.05
40 43 41 42 52.1857022 491.9899203370432 9.427676539668047 0.05
40 46 42 44 24.1916582 456.1159858537743 18.854267123109995 0.05
40 49 43 46 19.7148529 558.1599534513989 28.311646872668213 0.05
40 52 44 48 17.2718824 652.0588527002317 37.752622302490416 0.05
40 55 45 50 13.9870847 659.7292387082623 47.167029646160806 0.05
41 44 42 43 56.5118809 532.6732967640196 9.425863876422834 0.05
41 47 43 45 27.731747 522.783848573942 18.851457449613328 0.05
41 50 44 47 21.7069776 614.5790553555116 28.312511611727633 0.05
41 53 45 49 16.1962977 611.454553984379 37.75273616910481 0.05
41 56 46 51 15.0067367 707.8202505434743 47.166833449105184 0.05
42 45 43 44 41.1567554 388.1363380283156 9.43068359631468 0.05
42 48 44 46 32.813797 618.6269656574141 18.85264803879338 0.05
42 51 45 48 21.0625763 596.3426104144743 28.31289970992173 0.05
42 54 46 50 17.398174 656.824172585616 37.75247750629554 0.05
43 46 44 45 62.7370204 591.6205503050913 9.43016653537297 0.05
43 49 45 47 29.3581808 553.5775398641831 18.855989192088604 0.05
43 52 46 49 21.5679334 610.6639500647613 28.313512413978486 0.05
43 55 47 51 20.0771606 757.9555853691076 37.75213041674367 0.05
44 47 45 46 53.462207 503.8203501510585 9.423859926902354 0.05
44 50 46 48 29.9251913 564.2285468420137 18.854634584809276 0.05
44 53 47 50 23.3249219 660.3900025016933 28.31263510047137 0.05
44 56 48 52 18.7244696 706.8786012613928 37.751595444999566 0.05
45 48 46 47 59.1883574 558.376775084808 9.433895441822278 0.05
45 51 47 49 30.8580543 581.7546255968101 18.852602304119028 0.05
45 54 48 51 27.6909532 783.9870832043914 28.31202947554696 0.05
46 49 47 48 69.7486463 657.1507450969101 9.42169891398896 0.05
46 52 48 50 39.2498159 740.0184235382195 18.85406100817455 0.05
46 55 49 52 27.6310836 782.281936628664 28.311663340943458 0.05
47 50 48 49 66.4376792 626.6927396366804 9.43279095812667 0.05
47 53 49 51 48.2588311 909.9415149953447 18.855440429334077 0.05
47 56 50 53 27.3499263 774.3312368323247 28.3120045128723 0.05
48 51 49 50 87.9049856 828.9919744645067 9.430545591995486 0.05
48 54 50 52 45.0837725 849.9843886433969 18.853444188668924 0.05
49 52 50 51 133.411323 1258.277255755581 9.431562684942275 0.05
49 55 51 53 44.0627221 830.7550662889435 18.853920654369727 0.05
50 53 51 52 110.253811 1039.6364496480098 9.429483119164106 0.05
50 56 52 54 50.715265 956.2219468646763 18.854716560480878 0.05
51 54 52 53 158.907243 1498.6313415109532 9.43085609704369 0.05
52 55 53 54 146.555843 1381.2750127844015 9.424905786829676 0.05
53 56 54 55 122.7535 1157.1760618260796 9.426827437312008 0.05
4 3 5 2 434.418318 4093.3586016824306 9.42261970104684 0.05
6 4 8 2 189.16254 3566.6732815112573 18.855071841979164 0.05
8 5 11 2 110.180544 3119.4010179290553 28.311722784097483 0.05
10 6 14 2 67.5970483 2551.8672559974166 37.75116399568318 0.05
12 7 17 2 54.5779152 2574.253913528798 47.16658568022397 0.05
14 8 20 2 35.0534347 1983.165517531921 56.57549779371325 0.05
16 9 23 2 24.8331692 1638.6806635310086 65.98757695135458 0.05
18 10 26 2 20.2711555 1528.5391202800504 75.40463691278232 0.05
20 11 29 2 16.1700482 1371.624887286271 84.82503393442394 0.05
22 12 32 2 12.2960863 1158.8722073752847 94.24724087820404 0.05
24 13 35 2 11.2310163 1164.3220817329525 103.67023345277777 0.05
26 14 38 2 9.88344369 1117.7509211242707 113.09326548348763 0.05
28 15 41 2 9.14783018 1120.7570643826216 122.51616419737928 0.05
30 16 44 2 8.13214298 1072.9434280351243 131.9385837993621 0.05
32 17 47 2 7.39002183 1044.658270705133 141.36064746985096 0.05
5 4 6 3 420.630484 3965.7980999449737 9.428223228692511 0.05
7 5 9 3 160.829241 3032.6305812267783 18.856213971853403 0.05
9 6 12 3 97.4146936 2758.000889261356 28.31195980132258 0.05
11 7 15 3 73.794393 2785.894485843926 37.75211601569683 0.05
13 8 18 3 48.7367392 2298.757859286383 47.16683752380346 0.05
15 9 21 3 31.2316971 1766.9451819663939 56.57538161659469 0.05
17 10 24 3 24.9921516 1649.1730893959093 65.98763947142147 0.05
19 11 27 3 18.7985994 1417.5017136826268 75.40464496959422 0.05
21 12 30 3 14.0568794 1192.377456215855 84.82518931021455 0.05
23 13 33 3 12.5631724 1184.0442108470181 94.24723096588392 0.05
25 14 36 3 11.5014332 1192.3543741648618 103.67006906277227 0.05
27 15 39 3 10.1322996 1145.8940917909035 113.0931907886837 0.05
29 16 42 3 8.8493922 1084.192502115222 122.51604151019794 0.05
31 17 45 3 7.77312077 1025.5744017120517 131.9385652246918 0.05
33 18 48 3 7.06870285 999.2362610949431 141.36062617131276 0.05
6 5 7 4 396.331877 3737.472998737872 9.430159963484016 0.05
8 6 10 4 165.231909 3115.099614204983 18.852893687774213 0.05
10 7 13 4 94.7880709 2683.5882133454306 28.31145510046909 0.05
12 8 16 4 72.1406466 2723.424479348587 37.75159508133085 0.05
14 9 19 4 41.5518355 1959.8697706223704 47.166863919221335 0.05
16 10 22 4 30.8318101 1744.3264968389628 56.57554620313917 0.05
18 11 25 4 22.687298 1497.0776071664936 65.98747930081818 0.05
20 12 28 4 16.3298454 1231.3433967605763 75.40447362475192 0.05
22 13 31 4 14.3297758 1215.5202783508246 84.82479386389454 0.05
24 14 34 4 12.821234 1208.363820903797 94.24707644395204 0.05
26 15 37 4 11.4911866 1191.2914812367305 103.67001448194485 0.05
28 16 40 4 9.86477692 1115.6387161928835 113.09315205405409 0.05
30 17 43 4 8.55364439 1047.9577227240118 122.5159329687789 0.05
32 18 46 4 7.60519772 1003.4182364629755 131.9384812079515 0.05
34 19 49 4 6.65750134 941.1080771613152 141.3605539223692 0.05
7 6 8 5 334.088461 3148.2332456364297 9.423352234953214 0.05
9 7 11 5 171.239021 3228.000809864727 18.850848311406352 0.05
11 8 14 5 92.1565314 2609.134855573999 28.311990652612593 0.05
13 9 17 5 59.141956 2232.725990203132 37.751980847625866 0.05
15 10 20 5 38.3041486 1806.6965369400473 47.167124266535644 0.05
17 11 23 5 27.575138 1560.073998591473 56.57538318000341 0.05
19 12 26 5 19.111374 1261.1162399298548 65.98773274647101 0.05
21 13 29 5 16.2238115 1223.3525254307567 75.40475463677303 0.05
23 14 32 5 14.6244138 1240.5133545558754 84.82482590556043 0.05
25 15 35 5 13.2336963 1247.2372566013664 94.24708171679642 0.05
27 16 38 5 10.9873863 1139.062853770395 103.6700469674389 0.05
29 17 41 5 9.31587457 1053.5610046694237 113.09308608149537 0.05
31 18 44 5 8.18152871 1002.3675523350827 122.51592432963334 0.05
33 19 47 5 7.1577428 944.3815976153649 131.93846496068073 0.05
35 20 50 5 6.39877048 904.5341762793321 141.3606221861754 0.05
8 7 9 6 340.181631 3209.0360012376445 9.433301827039699 0.05
10 8 12 6 129.64839 2444.443238336682 18.854404889537633 0.05
12 9 15 6 91.2819793 2584.385958011715 28.312115686252596 0.05
14 10 18 6 53.4439031 2017.6343406099127 37.752376296968336 0.05
16 11 21 6 33.8982083 1598.8653419899927 47.166662256600524 0.05
18 12 24 6 23.0174909 1302.232916620253 56.575798043228644 0.05
20 13 27 6 18.7125406 1234.7970142553154 65.98767322141791 0.05
22 14 30 6 16.3967568 1236.3880967317953 75.4044297791741 0.05
24 15 33 6 14.4585648 1226.4463931916935 84.82490552531836 0.05
26 16 36 6 12.4587294 1174.1995603073349 94.24713569164885 0.05
28 17 39 6 10.2410784 1061.6940788594584 103.67014462651301 0.05
30 18 42 6 8.7941206 994.5543171380128 113.09309507741034 0.05
32 19 45 6 7.64962838 937.2014969637653 122.51595115575604 0.05
34 20 48 6 6.83096136 901.2671210430067 131.9385476721547 0.05
36 21 51 6 6.28594666 888.5854561520056 141.36064211400827 0.05
9 8 10 7 369.313816 3482.480151657096 9.429596188345947 0.05
11 9 13 7 120.305978 2268.579938849031 18.856751564324018 0.05
13 10 16 7 79.9928892 2264.7835570186226 28.31231100249624 0.05
15 11 19 7 42.0031262 1585.6984414859778 37.75191479642717 0.05
17 12 22 7 27.7296323 1307.9388828302933 47.16755233823614 0.05
19 13 25 7 21.956184 1242.1900374576421 56.57586206499463 0.05
21 14 28 7 18.2531027 1204.479534932723 65.98766000109795 0.05
23 15 31 7 16.5386236 1247.0865541412013 75.40449461230868 0.05
25 16 34 7 13.7928387 1169.977760874108 84.82501581593266 0.05
27 17 37 7 11.4484791 1078.9865156003953 94.24714900343358 0.05
29 18 40 7 9.45159919 979.8476404123356 103.67003728311248 0.05
31 19 43 7 8.09418542 915.3962344549531 113.09306458350852 0.05
33 20 46 7 7.23272574 886.1248794292959 122.5160349339191 0.05
35 21 49 7 6.58411027 868.6977747417694 131.9385215493618 0.05
37 22 52 7 6.25317 883.9525764187703 141.36071407282552 0.05
10 9 11 8 256.090733 2413.6185390902338 9.4248570060137 0.05
12 10 14 8 147.021488 2771.7291763369294 18.852544713307005 0.05
14 11 17 8 66.3833803 1879.444280613011 28.311970136492295 0.05
16 12 20 8 34.6203415 1307.0068241269703 37.75256879331968 0.05
18 13 23 8 28.1831579 1329.3199755468802 47.16717623566521 0.05
20 14 26 8 22.3515889 1264.5507091826635 56.5754280306517 0.05
22 15 29 8 18.899867 1247.155635586569 65.98753502268396 0.05
24 16 32 8 15.6348222 1178.9365704918841 75.40453964944251 0.05
26 17 35 8 13.0863043 1110.0460118184717 84.8250190711576 0.05
28 18 38 8 10.7130217 1009.6723553641963 94.24720528328588 0.05
30 19 41 8 8.77879579 910.0980098802339 103.67002851540688 0.05
32 20 44 8 7.81896539 884.2710517890505 113.09310217947525 0.05
34 21 47 8 7.05893814 864.8324022599224 122.51593442351974 0.05
36 22 50 8 6.4064574 845.2591840588348 131.93862555908586 0.05
38 23 53 8 6.10999281 863.7125510392012 141.36064933261375 0.05
11 10 12 9 340.107768 3209.832052231912 9.437691091583394 0.05
13 11 15 9 130.394851 2458.0347588562922 18.850704149784967 0.05
15 12 18 9 50.2114311 1421.5898571334203 28.31207607491236 0.05
17 13 21 9 40.0363991 1511.433931422285 37.75149527426619 0.05
19 14 24 9 30.4667609 1437.023115164975 47.166914785646775 0.05
21 15 27 9 23.6664329 1338.9441776973365 56.575664924025645 0.05
23 16 30 9 19.2793021 1272.193484677674 65.98752787206307 0.05
25 17 33 9 15.2055527 1146.5667875682882 75.40447954702023 0.05
27 18 36 9 12.4896937 1059.4358608513965 84.82480726099764 0.05
29 19 39 9 9.74650064 918.5784995873582 94.24700551677778 0.05
31 20 42 9 8.44885968 875.893725773116 103.6700524032275 0.05
33 21 45 9 7.64099063 864.1427239744397 113.09302233425716 0.05
35 22 48 9 6.79984669 833.090054044944 122.51600543731436 0.05
37 23 51 9 6.34978374 837.7812501249608 131.93854852841977 0.05
39 24 54 9 6.04724312 854.8418699714218 141.36059242338214 0.05
12 11 13 10 373.845506 3521.994561150836 9.420989431797091 0.05
14 12 16 10 82.1404284 1548.7290689183706 18.854650494108824 0.05
16 13 19 10 51.3303964 1453.2538272731292 28.31175929265041 0.05
18 14 22 10 39.698009 1498.6803302990238 37.752027571433715 0.05
20 15 25 10 29.8768871 1409.1994762095185 47.16687757639645 0.05
22 16 28 10 22.251254 1258.8693084886995 56.57520733387428 0.05
24 17 31 10 17.6728883 1166.188418670514 65.98742655271091 0.05
26 18 34 10 14.106823 1063.7183606972367 75.40453018353152 0.05
28 19 37 10 11.2301285 952.5939575778903 84.82484929516971 0.05
30 20 40 10 9.20350461 867.403505866822 94.24708767183657 0.05
32 21 43 10 8.26080533 856.3968470235451 103.66989812887228 0.05
34 22 46 10 7.29645876 825.1790827459166 113.09309212705213 0.05
36 23 49 10 6.49349464 795.5567180185259 122.51595822038377 0.05
38 24 52 10 6.40819277 845.4875727424258 131.9385360410164 0.05
40 25 55 10 5.94464193 840.3382791955696 141.360621731437 0.05
13 12 14 11 210.395941 1983.9569081068237 9.429634900165796 0.05
15 13 17 11 84.2495436 1588.554161048905 18.855344411015956 0.05
17 14 20 11 60.9271095 1725.0182172954462 28.312818898711193 0.05
19 15 23 11 43.6444638 1647.6872900225658 37.752492448367896 0.05
21 16 26 11 29.2638715 1380.3071473222547 47.16761920316164 0.05
23 17 29 11 22.1170114 1251.2868127954264 56.57576379399191 0.05
25 18 32 11 17.4182188 1149.3848566065492 65.98750824088565 0.05
27 19 35 11 13.4410476 1013.5149857136465 75.40446369028903 0.05
29 20 38 11 10.5257358 892.8444831277665 84.82489966428442 0.05
31 21 41 11 9.09716626 857.381248375377 94.24706813870817 0.05
33 22 44 11 8.04211996 833.7269211728426 103.67004288914418 0.05
35 23 47 11 6.90153369 780.5152970156529 113.09302135938033 0.05
37 24 50 11 6.76778466 829.1614978935953 122.51593978665322 0.05
39 25 53 11 6.11742715 807.124213141763 131.9385083550628 0.05
41 26 56 11 5.84811296 826.6934386099945 141.3607165703575 0.05
14 13 15 12 297.354095 2804.974689618202 9.43311269891273 0.05
16 14 18 12 103.159872 1944.7295232913636 18.85160853331966 0.05
18 15 21 12 69.7660668 1975.148925783593 28.31102592390364 0.05
20 16 24 12 44.1140538 1665.3924024741475 37.751969248270434 0.05
22 17 27 12 28.5400689 1346.1451030800092 47.16684839818341 0.05
24 18 30 12 21.6270816 1223.5600699678942 56.57536659814027 0.05
26 19 33 12 15.97355 1054.0523385355941 65.9873565072006 0.05
28 20 36 12 13.1082778 988.4229026553351 75.40448239930764 0.05
30 21 39 12 10.3241628 875.7441723119591 84.82471550254508 0.05
32 22 42 12 8.90796165 839.5496476403624 94.24711068893772 0.05
34 23 45 12 7.63278585 791.2901542570415 103.6699011091791 0.05
36 24 48 12 7.02025284 793.9412923632891 113.09297691381855 0.05
38 25 51 12 6.5765008 805.7258722882956 122.51589360230832 0.05
40 26 54 12 6.23626772 822.8033063521515 131.93841946736558 0.05
15 14 16 13 185.688852 1749.3343524036293 9.420782850246871 0.05
17 15 19 13 108.163556 2039.1768036681174 18.852716007858668 0.05
19 16 22 13 60.0088348 1699.0229806091654 28.31288069951269 0.05
21 17 25 13 35.6404747 1345.528037593995 37.75280910032309 0.05
23 18 28 13 25.4879066 1202.181753103554 47.16675135272012 0.05
25 19 31 13 18.8653512 1067.3105441905604 56.57517492653731 0.05
27 20 34 13 14.4102757 950.8989440776112 65.98756081242854 0.05
29 21 37 13 11.5589338 871.5920847250211 75.40419383014557 0.05
31 22 40 13 9.3122177 789.9085384124044 84.82496477851934 0.05
33 23 43 13 8.00132681 754.1011123498153 94.24700805963145 0.05
35 24 46 13 7.17409088 743.7372623820645 103.66989696986728 0.05
37 25 49 13 6.70928615 758.772841122924 113.09293182001547 0.05
39 26 52 13 6.36739315 780.1069020163931 122.51589993565783 0.05
41 27 55 13 6.04264656 797.2574962445594 131.93846244824212 0.05
16 15 17 14 219.132073 2065.7580220538193 9.426999862561512 0.05
18 16 20 14 93.3551315 1760.3027374462094 18.855982624224673 0.05
20 17 23 14 49.8810901 1412.24202640177 28.312172480003 0.05
22 18 26 14 31.1244374 1175.0099385447318 37.75200571319345 0.05
24 19 29 14 21.1027367 995.3538654492609 47.16705134501635 0.05
26 20 32 14 16.4739199 932.0220442105187 56.57560859031 0.05
28 21 35 14 13.434624 886.5176407932615 65.98752899919354 0.05
30 22 38 14 10.038033 756.9137286417166 75.40458659995605 0.05
32 23 41 14 8.36400721 709.4765582888248 84.82495775955037 0.05
34 24 44 14 7.58617623 714.9741974606819 94.2469797410285 0.05
36 25 47 14 6.55920746 679.9923262994091 103.6698915907455 0.05
38 26 50 14 6.62057396 748.7401774486152 113.09294057771017 0.05
40 27 53 14 6.16054394 754.7646321485207 122.51590760482762 0.05
42 28 56 14 5.83279681 769.5708139751991 131.93856035852536 0.05
17 16 18 15 271.400678 2560.0843141623095 9.432858948724915 0.05
19 17 21 15 89.7340889 1691.7347226037753 18.85275421349684 0.05
21 18 24 15 47.4782819 1344.2720442558582 28.313409636161627 0.05
23 19 27 15 28.0226911 1057.9161900970398 37.752126886094814 0.05
25 20 30 15 20.283798 956.729194986891 47.167162431162595 0.05
27 21 33 15 15.0949014 853.9972473943496 56.575212037777845 0.05
29 22 36 15 11.9507583 788.6002583993734 65.98746611747418 0.05
31 23 39 15 8.7857832 662.4879395811515 75.40453986858583 0.05
33 24 42 15 7.94136819 673.6259102973175 84.8249186009996 0.05
35 25 45 15 6.75030458 636.1956800957629 94.24695916399122 0.05
37 26 48 15 6.75937468 700.7431015895605 103.66981189294873 0.05
39 27 51 15 6.33543465 716.4930795414135 113.0929634861617 0.05
41 28 54 15 5.95980096 730.1698151787272 122.51580549071343 0.05
18 17 19 16 226.052377 2130.489332574037 9.424759698828723 0.05
20 18 22 16 94.5973894 1783.51866975073 18.853783186438864 0.05
22 19 25 16 43.3751183 1228.030084416063 28.31185556480806 0.05
24 20 28 16 25.7500665 972.1166395182173 37.75200501009259 0.05
26 21 31 16 19.7154808 929.9123225086031 47.16660638114405 0.05
28 22 34 16 14.2125122 804.0856221764147 56.575896707157426 0.05
30 23 37 16 10.4787425 691.464807296027 65.98738420149431 0.05
32 24 40 16 8.63189788 650.8841656365541 75.40452571208525 0.05
34 25 43 16 7.18703516 609.6385825638592 84.82476695770879 0.05
36 26 46 16 6.7199834 633.3377789227335 94.24692610442065 0.05
38 27 49 16 6.70845099 695.4637447543053 103.66979587254988 0.05
40 28 52 16 6.28932615 711.2784329481996 113.09294763608334 0.05
42 29 55 16 6.09319501 746.5131739520643 122.51588415058201 0.05
19 18 20 17 293.542409 2771.4036464804913 9.441237659395549 0.05
21 19 23 17 89.2195512 1682.3550235484884 18.856349319413393 0.05
23 20 26 17 47.6134344 1348.08710289048 28.313166648833043 0.05
25 21 29 17 28.3995421 1072.1348372170212 37.7518353444516 0.05
27 22 32 17 19.327326 911.6159159914293 47.16720336747201 0.05
29 23 35 17 13.5069218 764.159876100329 56.57542757820135 0.05
31 24 38 17 10.0228498 661.3836214085253 65.98758183610866 0.05
33 25 41 17 7.84251287 591.3617348607866 75.40462408712459 0.05
35 26 44 17 7.1691803 608.1237165017533 84.82472068693171 0.05
37 27 47 17 6.96257361 656.2007246166511 94.2468634980293 0.05
39 28 50 17 6.64142781 688.5154329588661 103.66979099316087 0.05
41 29 53 17 6.29488251 711.9071025261094 113.092992823167 0.05
43 30 56 17 6.04580109 740.7074345041916 122.51601127422992 0.05
20 19 21 18 299.115437 2816.9460783294203 9.417588428675517 0.05
22 20 24 18 102.813545 1938.5512119541547 18.85501771147133 0.05
24 21 27 18 45.1176414 1277.3535438543702 28.31162055945527 0.05
26 22 30 18 26.9840448 1018.7214590277864 37.75273375723815 0.05
28 23 33 18 17.2797355 815.0392740226855 47.1673466311267 0.05
30 24 36 18 13.3936109 757.7489169187526 56.57540170281881 0.05
32 25 39 18 8.73999276 576.731871812521 65.98768301640115 0.05
34 26 42 18 7.7824734 586.8337640218928 75.40453193478217 0.05
36 27 45 18 6.96796719 591.0565798656291 84.824822469583 0.05
38 28 48 18 7.10566119 669.6862449447532 94.24685853122602 0.05
40 29 51 18 6.70448058 695.0533081581406 103.66997112819448 0.05
42 30 54 18 6.31529754 714.2155467275992 113.0929369841851 0.05
21 20 22 19 257.501283 2434.871027345973 9.455762701368648 0.05
23 21 25 19 111.413433 2100.512437076773 18.85331400816608 0.05
25 22 28 19 43.2173456 1223.5910357416828 28.31249857561087 0.05
27 23 31 19 25.60217 966.5386929013395 37.752217601138476 0.05
29 24 34 19 16.7335459 789.2746662782174 47.167209567830895 0.05
31 25 37 19 11.1679459 631.833683460402 56.5756397029468 0.05
33 26 40 19 8.44392332 557.1955491269168 65.98775569256553 0.05
35 27 43 19 7.31597367 551.6573137492231 75.40449687665745 0.05
37 28 46 19 7.40771468 628.3574920359196 84.82474274183568 0.05
39 29 49 19 7.23873821 682.2294943037168 94.24701854271323 0.05
41 30 52 19 6.76736306 701.5725637927443 103.67000522545399 0.05
43 31 55 19 6.47926193 732.7591460862659 113.09299639415349 0.05
22 21 23 20 296.346907 2788.9656281284115 9.41115146556401 0.05
24 22 26 20 90.988749 1715.551958760859 18.854550453934245 0.05
26 23 29 20 38.1960718 1081.4275405150927 28.312532926883144 0.05
28 24 32 20 25.6002164 966.4745864986257 37.752594407702965 0.05
30 25 35 20 15.2621415 719.8708483124132 47.16709305259771 0.05
32 26 38 20 9.99914615 565.7075376481805 56.57558447109812 0.05
34 27 41 20 7.9819295 526.7089747062232 65.9876756248252 0.05
36 28 44 20 7.32769989 552.5403461446822 75.40433620906413 0.05
38 29 47 20 7.6770468 651.2038838820508 84.82479016306776 0.05
40 30 50 20 7.24513936 682.8326801138652 94.24700425829562 0.05
42 31 53 20 6.67731418 692.236505928149 103.66990188982676 0.05
44 32 56 20 6.14994389 695.5162614238385 113.09310684196153 0.05
23 22 24 21 382.686253 3614.9063937432447 9.446136006728322 0.05
25 23 27 21 84.8546388 1600.0326030445651 18.856159494306457 0.05
27 24 30 21 43.2097644 1223.419063512254 28.31348609510711 0.05
29 25 33 21 20.5970997 777.5937137929035 37.75258289364417 0.05
31 26 36 21 14.6825168 692.5352324066957 47.16733798708786 0.05
33 27 39 21 9.06334466 512.767559943121 56.57597489436323 0.05
35 28 42 21 7.58377293 500.4354968882064 65.98766886974903 0.05
37 29 45 21 7.93113812 598.0445500427047 75.40463184402401 0.05
39 30 48 21 7.67285763 650.8496186387548 84.82493094802214 0.05
41 31 51 21 7.01959498 661.5766019943778 94.24711879806743 0.05
43 32 54 21 6.50918678 674.8073437031652 103.66999235243411 0.05
24 23 25 22 252.531184 2380.172243093486 9.425260696094808 0.05
26 24 28 22 93.4957687 1762.6026236848513 18.852218107757547 0.05
28 25 31 22 41.1113033 1163.9850266896733 28.313016938328815 0.05
30 26 34 22 20.4368936 771.5337054389856 37.75200480756946 0.05
32 27 37 22 13.483244 635.9630087689565 47.16691389467969 0.05
34 28 40 22 8.69891762 492.1438669982452 56.57529919202123 0.05
36 29 43 22 7.92068631 522.6664584372242 65.98752153299506 0.05
38 30 46 22 8.3177402 627.1942664603234 75.40440689170882 0.05
40 31 49 22 7.71215429 654.1816373918471 84.8247600855308 0.05
42 32 52 22 6.90387178 650.6697021083058 94.24707219987012 0.05
44 33 55 22 6.42254386 665.8245687821567 103.66991386838994 0.05
25 24 26 23 384.674422 3626.871658277306 9.428419075592466 0.05
27 25 29 23 91.4884468 1725.0282007416645 18.855147956688935 0.05
29 26 32 23 40.1525438 1136.7993514513207 28.312013234173243 0.05
31 27 35 23 22.5256716 850.3990196909896 37.75243796464606 0.05
33 28 38 23 12.0801768 569.7849820364903 47.16694063918752 0.05
35 29 41 23 9.06571561 512.8995218006961 56.575734764384045 0.05
37 30 44 23 9.3283358 615.5529219641052 65.98743175220012 0.05
39 31 47 23 8.50332605 641.1881743728142 75.40439712679418 0.05
41 32 50 23 7.55059913 640.4787353537757 84.82488930037738 0.05
43 33 53 23 6.91157318 651.3959776346928 94.24713602391355 0.05
45 34 56 23 6.61298878 685.5690204546012 103.67007162147357 0.05
26 25 27 24 271.098853 2557.125414724088 9.432446454224163 0.05
28 26 30 24 80.9501223 1526.4364351635227 18.85650560855944 0.05
30 27 33 24 35.0450803 992.1955262145992 28.31197753639044 0.05
32 28 36 24 21.8708142 825.6584637781473 37.75161071864198 0.05
34 29 39 24 11.1660327 526.6696272844392 47.16712205978397 0.05
36 30 42 24 9.43397928 533.7328362365639 56.575578596836166 0.05
38 31 45 24 9.33363988 615.9026783702218 65.98740537332814 0.05
40 32 48 24 8.26334377 623.0935022083784 75.40452382853948 0.05
42 33 51 24 7.3203091 620.9448431883008 84.82494860610473 0.05
44 34 54 24 6.74196789 635.4107077797715 94.247068236893 0.05
27 26 28 25 257.42412 2425.112168691794 9.420687419235595 0.05
29 27 31 25 83.3294047 1571.0519175332365 18.85351183281928 0.05
31 28 34 25 34.2698559 970.2359787020735 28.311644540707665 0.05
33 29 37 25 20.0444841 756.72444959878 37.75225372843495 0.05
35 30 40 25 11.8122794 557.1482188024742 47.166867624420924 0.05
37 31 43 25 10.7838072 610.0957649472006 56.57517364991472 0.05
39 32 46 25 9.28673431 612.8085904749781 65.98752263377482 0.05
41 33 49 25 8.17861342 616.7043404737059 75.4045103740465 0.05
43 34 52 25 7.45387954 632.2760290188113 84.82509351349289 0.05
45 35 55 25 7.18173727 676.8572232207448 94.24700427961281 0.05
28 27 29 26 207.110741 1956.0238244951142 9.444337918211177 0.05
30 28 32 26 76.1987376 1436.4631347400903 18.851534552720597 0.05
32 29 35 26 37.599738 1064.5621095116594 28.313019349008744 0.05
34 30 38 26 18.0225706 680.3883843740668 37.7520165949061 0.05
36 31 41 26 11.9735646 564.7567047818037 47.16696519779947 0.05
38 32 44 26 10.9144352 617.4879130181159 56.5753428100536 0.05
40 33 47 26 9.18277458 605.9492427636962 65.9875985721623 0.05
42 34 50 26 8.15600441 615.0004105304056 75.40461966601679 0.05
44 35 53 26 7.31461885 620.4626895833304 84.82501990972919 0.05
46 36 56 26 7.01762141 661.3901864254171 94.24706004842987 0.05
29 28 30 27 213.21454 2008.898685096759 9.42195914545396 0.05
31 29 33 27 66.8263076 1259.9422923820023 18.853986366022145 0.05
33 30 36 27 41.3877672 1171.7858282712903 28.312371204003735 0.05
35 31 39 27 17.1020297 645.6285814854012 37.751576439222376 0.05
37 32 42 27 13.196149 622.4199789972236 47.16678926535488 0.05
39 33 45 27 10.5271828 595.5803105245061 56.57546960469862 0.05
41 34 48 27 9.18673166 606.2109723775176 65.98766512545743 0.05
43 35 51 27 8.25599757 622.5408525325865 75.40467971971394 0.05
45 36 54 27 7.53152998 638.8600433681866 84.82473615117794 0.05
30 29 31 28 210.841735 1990.9952636017167 9.443079490887877 0.05
32 30 34 28 72.6820384 1370.5638448069924 18.85698138051935 0.05
34 31 37 28 37.5706628 1063.7161051991213 28.312412556084087 0.05
36 32 40 28 16.6100962 627.067033842336 37.75216147407598 0.05
38 33 43 28 13.1384728 619.7021629494941 47.16698602515614 0.05
40 34 46 28 10.8803642 615.5663948150487 56.575899804443004 0.05
42 35 49 28 9.53381645 629.1146944477964 65.98770783423215 0.05
44 36 52 28 8.03304379 605.7293754232437 75.40471473307426 0.05
46 37 55 28 7.13991012 605.6415141250717 84.82480926875753 0.05
31 30 32 29 232.33993 2190.2004846050945 9.426707172568634 0.05
33 31 35 29 86.4725858 1630.3844417929597 18.854350505532814 0.05
35 32 38 29 29.4493669 833.7491248944023 28.31127500042801 0.05
37 33 41 29 17.3249512 654.04427912023 37.751579878633656 0.05
39 34 44 29 13.5583347 639.5037365910999 47.16683506796008 0.05
41 35 47 29 11.217449 634.6325344156143 56.57547758100922 0.05
43 36 50 29 9.43988566 622.9142267705023 65.98747582399237 0.05
45 37 53 29 7.5865963 572.0631672795649 75.4044560509388 0.05
47 38 56 29 6.67500552 566.2062763437665 84.82484016638934 0.05
32 31 33 30 208.304126 1963.9047539248745 9.428064588239959 0.05
34 32 36 30 90.05605 1697.7777308989553 18.852456119260786 0.05
36 33 39 30 25.195363 713.3179823151202 28.3114786762596 0.05
38 34 42 30 18.4094706 694.993987139736 37.75198115364252 0.05
40 35 45 30 14.2122946 670.3534380322408 47.16715047774487 0.05
42 36 48 30 11.3077051 639.737860745532 56.57539306941529 0.05
44 37 51 30 8.16640179 538.8812508124805 65.98759951688349 0.05
46 38 54 30 7.12388646 537.1724644537632 75.40441126763315 0.05
33 32 34 31 225.275519 2123.992376657643 9.428420744899684 0.05
35 33 37 31 62.1132023 1170.9973048689556 18.852631349019266 0.05
37 34 40 31 27.9033827 789.9908433117283 28.311651379519954 0.05
39 35 43 31 20.2080479 762.8926863240482 37.75192389186925 0.05
41 36 46 31 14.4992096 683.885095436793 47.1670604331972 0.05
43 37 49 31 10.2008561 577.1190058233176 56.57554622531315 0.05
45 38 52 31 7.95109589 524.6750624200034 65.98776692906962 0.05
47 39 55 31 7.15454844 539.484990935169 75.40447806866327 0.05
34 33 35 32 217.471831 2049.83609989286 9.425754547000894 0.05
36 34 38 32 52.4655855 989.1950828228441 18.85417027935091 0.05
38 35 41 32 33.3756555 944.9393846467216 28.312234486202723 0.05
40 36 44 32 21.9230164 827.6365518076033 37.75194693589716 0.05
42 37 47 32 12.9413412 610.4032132393903 47.16692063102318 0.05
44 38 50 32 8.86188758 501.36689052679225 56.57563199721749 0.05
46 39 53 32 7.76459497 512.3682284101586 65.98775987540772 0.05
48 40 56 32 7.31945328 551.9190073007019 75.40440333279945 0.05
35 34 36 33 179.330206 1690.8841290620755 9.428886336427203 0.05
37 35 39 33 64.2771133 1211.8876957724517 18.854108928573364 0.05
39 36 42 33 34.126687 966.1942668401617 28.31198548045879 0.05
41 37 45 33 17.3699603 655.7551623916642 37.75225452827686 0.05
43 38 48 33 11.1954614 528.0595624865596 47.167288923577516 0.05
45 39 51 33 8.76697911 495.9983495182102 56.575742145028364 0.05
47 40 54 33 7.78693662 513.8417440799892 65.98766230615465 0.05
36 35 37 34 213.477923 2013.4472250201354 9.431641439663695 0.05
38 36 40 34 67.1040901 1265.0561574163116 18.852146799563144 0.05
40 37 43 34 28.1602221 797.2622645925344 28.311646895445985 0.05
42 38 46 34 14.5508555 549.3255887410945 37.75211627530041 0.05
44 39 49 34 10.0414276 473.6240473866076 47.16700316463045 0.05
46 40 52 34 8.8461255 500.4765283251869 56.57578883830971 0.05
48 41 55 34 8.34367506 550.5776314318243 65.98742490240556 0.05
37 36 38 35 220.792119 2079.60583088725 9.418840854945776 0.05
39 37 41 35 47.8957581 902.9471969279383 18.85234168426156 0.05
41 38 44 35 21.6321502 612.4428245836696 28.31169434944426 0.05
43 39 47 35 13.0654116 493.2448127941416 37.75195362342367 0.05
45 40 50 35 10.5837787 499.20281797390646 47.16678533479791 0.05
47 41 53 35 9.06020986 512.5891686784713 56.57586044905049 0.05
49 42 56 35 8.3517056 551.1060210457282 65.98724230003128 0.05
38 37 39 36 115.55803 1089.8785602178348 9.431439426735077 0.05
40 38 42 36 36.1352271 681.268509643819 18.853306435808147 0.05
42 39 45 36 17.8425132 505.16163929303065 28.312246914466662 0.05
44 40 48 36 12.3404201 465.87447510239247 37.75191373771728 0.05
46 41 51 36 10.7730168 508.13329950719 47.16722427344492 0.05
48 42 54 36 9.70454475 549.0390275756071 56.5754542556576 0.05
39 38 40 37 122.494991 1153.3112849226188 9.41517098378838 0.05
41 39 43 37 29.8344326 562.4525311252445 18.85246281255721 0.05
43 40 46 37 18.4253497 521.6611339998171 28.312142916875935 0.05
45 41 49 37 14.8007887 558.7551021807201 37.75171131121682 0.05
47 42 52 37 11.9690644 564.5504216329983 47.167464620960544 0.05
49 43 55 37 10.7116442 606.0112690570218 56.574999854552836 0.05
40 39 41 38 58.2727498 549.4290888469684 9.42857666289447 0.05
42 40 44 38 28.6914202 540.9084089115541 18.85261883660796 0.05
44 41 47 38 17.5064297 495.6378021370429 28.31175805864304 0.05
46 42 50 38 14.8688123 561.326882725507 37.75196507965246 0.05
48 43 53 38 12.6945733 598.7660156235698 47.167084822265736 0.05
50 44 56 38 11.6095103 656.8075778147908 56.57495973923988 0.05
41 40 42 39 45.4252586 427.7432903569108 9.41641948862589 0.05
43 41 45 39 27.094937 510.8520000021335 18.854149762449474 0.05
45 42 48 39 19.1456192 542.0434808047228 28.31161923479199 0.05
47 43 51 39 14.7811598 558.0232881356603 37.752334436954015 0.05
49 44 54 39 13.322392 628.3748981526236 47.16682245595412 0.05
42 41 43 40 52.1811283 491.94679908731837 9.427676539668047 0.05
44 42 46 40 24.1920781 456.1239027605393 18.854267123109995 0.05
46 43 49 40 19.7143816 558.1466101722281 28.31164687266823 0.05
48 44 52 40 17.2701365 651.9929403969536 37.75262230249041 0.05
50 45 55 40 14.0571142 663.0323222108682 47.16702964616082 0.05
43 42 44 41 56.5237625 532.7852911082537 9.425863876422834 0.05
45 43 47 41 27.6690002 521.6009799436428 18.85145744961333 0.05
47 44 50 41 21.7119686 614.7203631009655 28.312511611727622 0.05
49 45 53 41 16.2316926 612.7908083058107 37.7527361691048 0.05
51 46 56 41 15.0168138 708.2955554408243 47.166833449105184 0.05
44 43 45 42 40.9714545 386.3888238703031 9.430683596314676 0.05
46 44 48 42 32.909685 620.4347083725582 18.852648038793387 0.05
48 45 51 42 21.1199032 597.9657011848551 28.312899709921734 0.05
50 46 54 42 17.3996695 656.8806314157266 37.75247750629554 0.05
45 44 46 43 62.509954 589.4792763385037 9.43016653537297 0.05
47 45 49 43 29.477238 555.8224811406234 18.8559891920886 0.05
49 46 52 43 21.5637828 610.5464320001357 28.313512413978486 0.05
51 47 55 43 20.092574 758.5374740560729 37.75213041674367 0.05
46 45 47 44 53.9172236 508.10836285387387 9.423859926902354 0.05
48 46 50 44 29.9176116 564.0856343682514 18.854634584809283 0.05
50 47 53 44 23.3296739 660.5245441436908 28.312635100471372 0.05
52 48 56 44 18.7282832 707.0225707457816 37.75159544499955 0.05
47 46 48 45 59.3198805 559.6175502583922 9.433895441822278 0.05
49 47 51 45 30.8791173 582.1517179591415 18.85260230411902 0.05
51 48 54 45 27.7022072 784.3057067841092 28.31202947554696 0.05
48 47 49 46 69.8531436 658.1352871948347 9.421698913988958 0.05
50 48 52 46 39.202577 739.1277784356607 18.854061008174558 0.05
52 49 55 46 27.6536846 782.9218085318322 28.311663340943444 0.05
49 48 50 47 66.4595174 626.8987348121822 9.432790958126672 0.05
51 49 53 47 48.2999186 910.7162379039846 18.85544042933407 0.05
53 50 56 47 27.3626336 774.6910059672707 28.31200451287228 0.05
50 49 51 48 87.9381514 829.3047460535016 9.430545591995486 0.05
52 50 54 48 45.0930413 850.1591374468925 18.853444188668917 0.05
51 50 52 49 133.384573 1258.0249614537586 9.431562684942273 0.05
53 51 55 49 44.1133289 831.709202880715 18.853920654369727 0.05
52 51 53 50 110.208075 1039.2051828080719 9.429483119164107 0.05
54 52 56 50 50.7173917 956.2620451903854 18.854716560480878 0.05
53 52 54 51 158.938329 1498.9245091035862 9.43085609704369 0.05
54 53 55 52 146.540148 1381.1270888880772 9.424905786829678 0.05
55 54 56 53 122.888538 1158.4490417495592 9.426827437312008 0.05
