72
# x y z
0.0 -8.727 0.0
0.953939201 -8.427 0.0
1.9538787 -8.438 0.0
2.948350921 -8.333 0.0
3.941245176 -8.214 0.0
4.924543706 -8.032 0.0
5.918475293 -7.922 0.0
6.916961648 -7.867 0.0
7.914911546 -7.803 0.0
8.908953296 -7.694 0.0
9.882143925 -7.4639999999999995 0.0
10.87954856 -7.3919999999999995 0.0
11.87853554 -7.3469999999999995 0.0
12.87352298 -7.247 0.0
13.85569201 -7.059 0.0
14.848465899999999 -6.939 0.0
15.84722511 -6.8892 0.0
16.84598432 -6.8393999999999995 0.0
17.84474353 -6.7896 0.0
18.843502739999998 -6.7398 0.0
19.84226195 -6.6899999999999995 0.0
20.83744837 -6.592 0.0
21.82973058 -6.468 0.0
22.82274418 -6.586 0.0
23.82022049 -6.515 0.0
24.81982842 -6.487 0.0
25.81723305 -6.415 0.0
26.81722505 -6.411 0.0
27.81711254 -6.426 0.0
28.81674798 -6.399 0.0
29.80940048 -6.278 0.0
30.80438792 -6.378 0.0
31.80005403 -6.285 0.0
32.78105556 -6.091 0.0
33.77573692 -5.9879999999999995 0.0
34.77497613 -5.949 0.0
35.77471159 -5.926 0.0
36.761005159999996 -5.761 0.0
37.7521212 -5.628 0.0
38.74489509 -5.508 0.0
39.74144463 -5.425 0.0
40.72872322 -5.266 0.0
41.71238983 -5.086 0.0
42.70643158 -4.977 0.0
43.67467741 -4.727 0.0
44.66792663 -4.611 0.0
45.64751787 -4.41 0.0
46.638633909999996 -4.277 0.0
47.62302407 -4.101 0.0
48.62289606 -4.117 0.0
49.61492631 -3.991 0.0
50.60464899 -3.848 0.0
51.58037385 -3.629 0.0
52.57066623 -3.4899999999999998 0.0
53.55245032 -3.3 0.0
54.54052117 -3.146 0.0
55.53216577 -3.017 0.0
56.498043089999996 -2.758 0.0
57.457457489999996 -2.476 0.0
58.43621946 -2.271 0.0
59.40674458 -2.03 0.0
60.38040571 -1.802 0.0
61.37055722 -1.662 0.0
62.32481033 -1.363 0.0
63.30810886 -1.181 0.0
64.29177547 -1.001 0.0
65.27470171 -0.817 0.0
66.26759597 -0.698 0.0
67.24899089 -0.506 0.0
68.24417731 -0.408 0.0
69.24011906999999 -0.318 0.0
70.18820978 0.0 0.0
936
# a b m n r rhoa k err
0 37 18 19 173.23 389177.4949836185 2246.594094461805 0.5
0 35 17 18 163.88 329939.32516268047 2013.298298527462 0.5
0 33 16 17 131.34 241297.0130918959 1837.1936431543772 0.5
0 31 15 16 116.12 185739.42135048693 1599.5472041895187 0.5
0 29 14 15 119.69 153989.70189646914 1286.5711579619779 0.5
0 27 13 14 146.01 153801.37012320335 1053.3618938648267 0.5
0 25 12 13 165.3 155789.8930739649 942.4675927039618 0.5
0 23 11 12 179.46 153776.209225798 856.8829222433857 0.44
0 21 10 11 151.57 103009.5753559667 679.617175931693 0.5
0 19 9 10 153.9 78420.07130792976 509.5521202594526 0.5
0 17 8 9 134.51 57530.31443123532 427.7028803154808 0.5
0 15 7 8 163.63 59139.60832409212 361.42277286617445 0.28
0 13 6 7 196.66 54035.40759694277 274.76562390390916 0.27
0 11 5 6 244.6 46729.715549448454 191.0454437835178 0.5
0 9 4 5 222.02 26414.632229576473 118.97411147453595 0.5
0 7 3 4 229.34 16495.87204469801 71.92758369537809 0.5
0 5 2 3 182.68 7477.0108886796625 40.92955380271328 0.5
0 3 1 2 211.59 2524.7833881505267 11.93243247861679 0.5
1 38 19 20 211.71 233694.7076822671 1103.843501404124 0.5
1 36 18 19 172.31 170125.14797310528 987.3202250194723 0.5
1 34 17 18 142.88 127172.11462045365 890.0623923603979 0.5
1 32 16 17 122.72 98312.08568604264 801.1089120440241 0.29
1 30 15 16 110.62 78576.63991271248 710.3294152297276 0.5
1 28 14 15 111.93 63657.70124596321 568.7277874203807 0.5
1 26 13 14 150.4 69493.65825649915 462.0588979820422 0.5
1 24 12 13 149.91 60907.74384468025 406.2954028729254 0.5
1 22 11 12 176.27 65188.066759223526 369.8194063608301 0.5
1 20 10 11 149.87 42546.04155842012 283.8863118597459 0.5
1 18 9 10 158.38 33102.32606286954 209.00572081619865 0.5
1 16 8 9 137.46 23345.248524710096 169.83303160708638 0.5
1 14 7 8 165.59 22385.531833951674 135.18649576636074 0.5
1 12 6 7 201.23 19915.452036444138 98.9686032720973 0.5
1 10 5 6 246.49 15689.31306474193 63.650911050111276 0.5
1 8 4 5 218.79 7793.465158548096 35.62075578659032 0.5
1 6 3 4 237.25 4262.187878842375 17.964964715879344 0.5
1 4 2 3 206.37 1364.5193273496059 6.612004299799418 0.5
2 39 20 21 230.87 250216.97215233408 1083.800286534994 0.5
2 37 19 20 210.01 205925.70916408833 980.5519221184151 0.28
2 35 18 19 167.81 146916.0196810081 875.4902549371794 0.5
2 33 17 18 140.89 109997.10610610597 780.7304003556391 0.11
2 31 16 17 122.19 85219.40273257952 697.4335275601892 0.33
2 29 15 16 127.91 78109.74603820695 610.6617624752322 0.5
2 27 14 15 101.39 49363.195745205 486.8645403413058 0.5
2 25 13 14 153.12 59633.30249512251 389.4546923662651 0.5
2 23 12 13 150.37 50965.68405700663 338.93518691897737 0.5
2 21 11 12 173.19 52222.80082790332 301.53473542296507 0.5
2 19 10 11 152.32 34526.582330719306 226.671365091382 0.5
2 17 9 10 165.87 26996.92151666232 162.7595196036795 0.5
2 15 8 9 145.38 18682.321256473715 128.50681838267792 0.5
2 13 7 8 175.18 16785.790095534314 95.82024258211162 0.47
2 11 6 7 213.51 14310.39163413858 67.02445615726936 0.5
2 9 5 6 233.74 8806.884894783716 37.67812481724872 0.5
2 7 4 5 223.56 4022.575542743763 17.993270454212574 0.42
2 5 3 4 272.39 1649.5705394744255 6.0559144589538 0.5
3 40 21 22 205.77 225320.71073458833 1095.0124446449352 0.5
3 38 20 21 231.98 225017.27789702782 969.9856793560989 0.38
3 36 19 20 206.02 179011.54373042937 868.9037167771545 0.5
3 34 18 19 157.39 122009.16175404421 775.2027559187002 0.5
3 32 17 18 144.16 97625.4400310115 677.2019979953628 0.21
3 30 16 17 121.78 73770.89149643274 605.7718138974606 0.3
3 28 15 16 123.47 64612.96303434448 523.3090065144933 0.5
3 26 14 15 107.49 44391.68796930494 412.98435174718526 0.5
3 24 13 14 154.68 50096.99051438338 323.87503565026753 0.5
3 22 12 13 150.41 42214.08634299854 280.66010466723316 0.5
3 20 11 12 178.49 43151.786760137635 241.76024853010048 0.5
3 18 10 11 159.03 28210.342790509974 177.39006973847685 0.5
3 16 9 10 177.95 22032.318542931047 123.81184907519555 0.5
3 14 8 9 150.0 13880.619515827864 92.53746343885243 0.5
3 12 7 8 184.62 11910.377910733325 64.51293419311735 0.19
3 10 6 7 215.61 8796.0058361476 40.79590852069756 0.06
3 8 5 6 224.02 4240.384480515442 18.928597806068396 0.5
3 6 4 5 261.59 1649.2376032219513 6.304666092824464 0.5
4 41 22 23 240.17 290252.07508519234 1208.5276058008592 0.5
4 39 21 22 211.1 205776.70538618864 974.7830667275634 0.36
4 37 20 21 225.94 192973.8375858402 854.0932884209976 0.5
4 35 19 20 200.03 152658.76268572558 763.1793365281487 0.1
4 33 18 19 159.59 107337.18937849376 672.5809222287972 0.5
4 31 17 18 143.17 83377.05787334942 582.3640278923617 0.26
4 29 16 17 132.11 67823.17532452963 513.3841141815882 0.15
4 27 15 16 123.19 54309.35699285231 440.85848683214795 0.5
4 25 14 15 129.89 44361.842375628854 341.5339316008073 0.5
4 23 13 14 162.72 43005.65433061589 264.29236928844574 0.5
4 21 12 13 157.37 35042.93164309924 222.67860229458753 0.18
4 19 11 12 190.59 35577.03148133941 186.6678812180041 0.35
4 17 10 11 178.33 23613.25525601609 132.4132521505977 0.5
4 15 9 10 205.88 18259.861035197788 88.69176721972892 0.5
4 13 8 9 170.79 10337.629953938997 60.528309350307374 0.5
4 11 7 8 204.93 7980.584642318311 38.94297878455234 0.5
4 9 6 7 224.67 4433.278354889929 19.732400208705787 0.35
4 7 5 6 261.82 1635.0092166069385 6.2447835024327345 0.5
5 42 23 24 322.87 367599.6745534184 1138.5377227782649 0.5
5 40 22 23 180.48 193989.0198534113 1074.8505089395574 0.39
5 38 21 22 191.57 165170.7916906781 862.1954987246339 0.5
5 36 20 21 224.33 167578.59054145467 747.0181899052943 0.04
5 34 19 20 198.11 132001.6749490798 666.3049565851285 0.5
5 32 18 19 156.77 89973.72775957941 573.9218457586235 0.5
5 30 17 18 150.26 74674.45651020743 496.968298350908 0.1
5 28 16 17 130.86 56421.66062145428 431.16048159448474 0.05
5 26 15 16 137.48 50240.3672767176 365.4376438515974 0.5
5 24 14 15 125.89 34791.869823778514 276.3672239556638 0.24
5 22 13 14 171.84 36458.66674133692 212.1663567349681 0.5
5 20 12 13 166.52 28598.517560122596 171.74223853064254 0.37
5 18 11 12 213.24 29691.23454643755 139.23857881465742 0.5
5 16 10 11 196.99 18663.23990100473 94.74206762274598 0.5
5 14 9 10 221.18 12965.062914132286 58.61770012719182 0.5
5 12 8 9 184.97 6643.396084954637 35.91607333597144 0.41
5 10 7 8 215.0 4140.694696552964 19.259045100246347 0.25
5 8 6 7 263.13 1675.2350930066777 6.366568209655599 0.5
6 43 24 25 193.63 202485.85625868136 1045.7359720016598 0.5
6 41 23 24 248.79 252438.15346974862 1014.6635856334605 0.5
6 39 22 23 226.6 216229.79727326563 954.2356455130875 0.5
6 37 21 22 204.6 154775.19202809976 756.4769893846518 0.12
6 35 20 21 249.22 162850.44911049362 653.4405308983775 0.5
6 33 19 20 193.17 111081.38819573782 575.0447181018679 0.18
6 31 18 19 159.31 78115.80802621803 490.33838444678946 0.5
6 29 17 18 159.77 66726.9405436057 417.64374127561933 0.22
6 27 16 17 140.52 50529.30678147729 359.5880072692662 0.24
6 25 15 16 153.18 45690.591582212146 298.2803994138409 0.5
6 23 14 15 136.2 30221.47832643983 221.89044292540257 0.44
6 21 13 14 183.67 30249.03973914554 164.69232721263975 0.5
6 19 12 13 184.0 23696.287462886125 128.78417099394633 0.15
6 17 11 12 240.42 23994.365131934475 99.80186811386106 0.4
6 15 10 11 224.2 14356.899856076217 64.03612781479134 0.5
6 13 9 10 245.81 8544.447884959747 34.76037543208066 0.5
6 11 8 9 210.35 3868.880139800359 18.392584453531537 0.5
6 9 7 8 212.46 1331.362035249112 6.2664126670860965 0.5
7 44 25 26 376.76 409338.3192034624 1086.46968681246 0.5
7 42 24 25 158.29 148354.4074537155 937.2317104916009 0.15
7 40 23 24 253.73 228847.38830687056 901.9327170885216 0.5
7 38 22 23 231.98 195592.12805154917 843.1422021361719 0.16
7 36 21 22 200.79 132592.7790950183 660.3554912845177 0.5
7 34 20 21 226.9 129144.88437390554 569.170931572964 0.24
7 32 19 20 187.5 91608.3297121975 488.57775846505336 0.44
7 30 18 19 157.55 65597.70348797322 416.3611773276624 0.5
7 28 17 18 161.1 56107.69681096935 348.2786890811257 0.23
7 26 16 17 151.05 44601.65518653047 295.2774259287022 0.29
7 24 15 16 156.37 37236.22251348105 238.12894105954499 0.5
7 22 14 15 137.8 24145.803316566824 175.22353640469393 0.5
7 20 13 14 188.45 23352.387187105767 123.91821272011552 0.5
7 18 12 13 192.64 17865.831029389006 92.74206306784161 0.5
7 16 11 12 248.48 16845.930649123253 67.79592180104336 0.5
7 14 10 11 215.2 8351.70758855986 38.80905013271311 0.18
7 12 9 10 244.25 4296.465177659313 17.59044085019166 0.5
7 10 8 9 263.75 1666.2044176822383 6.317362721070098 0.5
8 45 26 27 269.64 297741.31375812565 1104.2178970409645 0.37
8 43 25 26 363.25 352670.78179097374 970.8762058939401 0.5
8 41 24 25 203.83 169315.10079174105 830.6682077797235 0.5
8 39 23 24 247.3 196800.4841792501 795.7965393418929 0.5
8 37 22 23 229.8 168741.34081684836 734.296522266529 0.4
8 35 21 22 183.44 105090.86494117827 572.8895821041118 0.5
8 33 20 21 212.32 103258.06974267069 486.33228024995617 0.49
8 31 19 20 179.06 73872.49758865403 412.557229915414 0.22
8 29 18 19 162.56 56063.53192631104 344.87901037346853 0.5
8 27 17 18 165.74 47335.86053789935 285.6031165554444 0.34
8 25 16 17 158.58 37413.315509438966 235.9270747221526 0.5
8 23 15 16 156.32 29110.279041985224 186.22235825220847 0.33
8 21 14 15 135.26 17759.19455789637 131.29672155771382 0.44
8 19 13 14 193.58 17152.49724945561 88.60676335084001 0.5
8 17 12 13 198.73 12349.665162377769 62.142933439227946 0.5
8 15 11 12 248.03 10278.491897780277 41.440518879894675 0.5
8 13 10 11 219.05 4200.7369275805295 19.17706883168468 0.5
8 11 9 10 344.02 2110.804623983467 6.135703226508538 0.5
9 46 27 28 244.45 272774.42267373117 1115.8700048015185 0.5
9 44 26 27 306.63 302148.50593349145 985.3846849084939 0.5
9 42 25 26 294.82 253637.3344522157 860.3125108615959 0.5
9 40 24 25 199.98 145817.12066459245 729.1585191748798 0.33
9 38 23 24 241.22 167283.42319685983 693.4890274308094 0.5
9 36 22 23 219.98 138821.15657743096 631.0626264998225 0.2
9 34 21 22 182.26 89410.74573770745 490.56702368982474 0.47
9 32 20 21 197.01 79756.02503897056 404.8323691130936 0.3
9 30 19 20 172.96 59243.95156182798 342.5297847006705 0.34
9 28 18 19 163.36 45753.041623960075 280.07493648359497 0.5
9 26 17 18 172.37 39179.46139570747 227.29860994202858 0.3
9 24 16 17 154.21 27944.35796657947 181.209765686917 0.27
9 22 15 16 155.28 21804.915263358766 140.42320494177463 0.5
9 20 14 15 134.95 12529.000217012403 92.84179486485664 0.35
9 18 13 14 203.59 11936.479592634989 58.62998964897583 0.5
9 16 12 13 201.23 7515.451905786986 37.34757196137249 0.5
9 14 11 12 241.48 4949.0210968478705 20.49453825098505 0.5
9 12 10 11 280.41 1764.5148468067164 6.2926245383785036 0.25
10 47 28 29 193.71 204453.50034674437 1055.4617745431024 0.5
10 45 27 28 263.07 261928.90565129308 995.6623927140803 0.5
10 43 26 27 295.75 257397.00923704857 870.319557859843 0.5
10 41 25 26 276.87 208407.47791578397 752.7268317830894 0.5
10 39 24 25 200.22 127007.81065534083 634.341277871046 0.5
10 37 23 24 235.41 139925.62285709058 594.3911594965829 0.32
10 35 22 23 225.05 121062.43123801729 537.9357086781483 0.5
10 33 21 22 172.66 70923.07862230328 410.76728033304346 0.14
10 31 20 21 190.15 63519.73739359869 334.0506831112211 0.26
10 29 19 20 181.36 50068.16932663373 276.07062928227685 0.31
10 27 18 19 175.07 38954.04766914705 222.5055558870569 0.5
10 25 17 18 188.37 32903.50707084276 174.67487960313616 0.42
10 23 16 17 163.75 22123.52856104628 135.10551793005362 0.5
10 21 15 16 171.2 16909.388046060354 98.7697899886703 0.27
10 19 14 15 161.9 9857.549275384474 60.8866539554322 0.5
10 17 13 14 247.77 8566.873174022807 34.57590981161079 0.5
10 15 12 13 240.21 4454.776996612991 18.545343643532703 0.5
10 13 11 12 387.92 2509.7889738329304 6.469862275296273 0.38
11 48 29 30 259.96 262837.5833727318 1011.0693313307119 0.5
11 46 28 29 212.07 200690.43781609903 946.3405376342672 0.5
11 44 27 28 270.0 239173.7134381238 885.8285682893475 0.5
11 42 26 27 276.05 212115.10181453632 768.3937758179181 0.2
11 40 25 26 279.01 183526.97060250927 657.7791857012626 0.5
11 38 24 25 215.13 118281.04498345486 549.8119508364936 0.12
11 36 23 24 229.6 116479.28047347444 507.3139393444009 0.5
11 34 22 23 207.73 94921.38334671134 456.9459555514916 0.16
11 32 21 22 168.7 57042.11309970679 338.1275228198387 0.44
11 30 20 21 183.99 50374.199414526796 273.78770267148644 0.21
11 28 19 20 184.34 40635.008657688944 220.43511260545156 0.24
11 26 18 19 188.9 32727.532443862856 173.2532156901157 0.5
11 24 17 18 188.67 24556.524974803186 130.15596000849732 0.37
11 22 16 17 171.53 16793.511200814173 97.9042220067287 0.28
11 20 15 16 189.76 12464.736083149804 65.68684698118574 0.5
11 18 14 15 188.99 6911.6097337196525 36.57129865982143 0.5
11 16 13 14 268.19 4709.576787598022 17.560598037205047 0.5
11 14 12 13 249.45 1548.0151353919746 6.2057131104108025 0.5
12 49 30 31 136.73 149068.40700889903 1090.2392087244864 0.5
12 47 29 30 242.27 220639.99190268337 910.719411824342 0.5
12 45 28 29 223.57 189244.70984347706 846.4673696984258 0.5
12 43 27 28 262.47 205757.03533868617 783.9259166330862 0.5
12 41 26 27 278.18 187286.2606029897 673.2556639693353 0.5
12 39 25 26 270.73 155090.21864138052 572.8593751759336 0.5
12 37 24 25 213.55 100628.63703686961 471.21815517148025 0.5
12 35 23 24 224.54 97026.22304515916 432.11108508577166 0.2
12 33 22 23 195.81 74722.51152985908 381.60722909891774 0.19
12 31 21 22 162.52 45129.87669318962 277.68814110995334 0.15
12 29 20 21 193.81 42418.47797968315 218.86630194356923 0.5
12 27 19 20 194.97 33756.801932195944 173.13844146379415 0.21
12 25 18 19 206.28 26967.97261819366 130.73479066411508 0.5
12 23 17 18 199.22 18808.7119117295 94.41176544387862 0.3
12 21 16 17 189.23 12442.395761186559 65.7527652126331 0.5
12 19 15 16 234.88 9348.069083182807 39.79934044270609 0.26
12 17 14 15 222.46 4135.234161892208 18.588663858186678 0.46
12 15 13 14 310.01 1914.702179933713 6.1762594107729205 0.5
13 50 31 32 118.95 123748.94003588617 1040.3441785278367 0.5
13 48 30 31 123.3 120809.24047393465 979.7991928137442 0.5
13 46 29 30 248.0 200999.48828505355 810.4818076010224 0.5
13 44 28 29 205.23 153252.40464712726 746.734905457912 0.5
13 42 27 28 246.53 169000.12192829844 685.5154420488316 0.5
13 40 26 27 267.84 155850.3156528266 581.8784186560133 0.48
13 38 25 26 264.21 129551.77351626672 490.336374536417 0.37
13 36 24 25 199.07 78878.45570230471 396.2347701929206 0.47
13 34 23 24 212.33 76632.69824448219 360.91319288128 0.5
13 32 22 23 183.3 56343.15257364069 307.38217443339164 0.34
13 30 21 22 154.83 34371.7578430646 221.99675672069108 0.35
13 28 20 21 192.08 32527.392764690663 169.34294442258778 0.34
13 26 19 20 207.0 26811.880505052122 129.52599277802958 0.5
13 24 18 19 205.04 18908.019667244538 92.216248864829 0.5
13 22 17 18 209.14 13299.371282336831 63.590758737385634 0.5
13 20 16 17 223.03 8696.322319423145 38.9917155513749 0.5
13 18 15 16 280.74 5535.269826724288 19.716712355646816 0.07
13 16 14 15 257.01 1611.2102916224196 6.269056813440799 0.09
14 51 32 33 102.21 95365.99021776259 933.0397242712318 0.5
14 49 31 32 127.76 118885.66762758674 930.5390390387189 0.5
14 47 30 31 118.57 103267.70154177242 870.9429159295979 0.5
14 45 29 30 236.06 168661.63591570573 714.4862997361083 0.43
14 43 28 29 212.06 137876.87219515897 650.1785918851219 0.5
14 41 27 28 244.18 144029.11728473692 589.8481336912806 0.5
14 39 26 27 258.87 128587.27019067146 496.72526824534117 0.25
14 37 25 26 255.51 104938.1316972137 410.70068371967324 0.21
14 35 24 25 228.69 75227.97055867931 328.95172748558883 0.5
14 33 23 24 198.04 57915.191490717756 292.4418879555532 0.22
14 31 22 23 174.78 42597.620726253306 243.72136815570036 0.19
14 29 21 22 160.03 27204.6778732241 169.9973622022377 0.45
14 27 20 21 200.17 25276.823419644403 126.2767818336634 0.46
14 25 19 20 223.03 20369.53366375338 91.33091361589642 0.28
14 23 18 19 216.07 13202.774948876055 61.104155823927684 0.5
14 21 17 18 238.47 8898.304448004847 37.314146215477194 0.43
14 19 16 17 315.2 5984.77966090846 18.98724511709537 0.5
14 17 15 16 368.46 2345.189313638037 6.364840996683594 0.42
15 52 33 34 85.65 88674.64732573781 1035.3140376618542 0.5
15 50 32 33 106.91 89053.95957179039 832.9806339144176 0.4
15 48 31 32 115.19 95828.26781278514 831.9148173694343 0.5
15 46 30 31 121.0 93208.23879594017 770.3160231069436 0.5
15 44 29 30 222.23 139079.13631645075 625.8342092267054 0.5
15 42 28 29 191.78 108142.36079950005 563.8875836870375 0.38
15 40 27 28 234.5 118383.46794876014 504.8335520202991 0.5
15 38 26 27 247.48 104024.29617735522 420.33415297137236 0.13
15 36 25 26 241.42 82212.64586605881 340.53784220884273 0.5
15 34 24 25 181.92 49173.142064218744 270.3009128420116 0.23
15 32 23 24 183.64 42321.45730477306 230.45881782167862 0.5
15 30 22 23 163.37 31008.56258717654 189.8057329202212 0.21
15 28 21 22 157.38 19992.690277623235 127.03450424210978 0.22
15 26 20 21 208.85 18824.07621963101 90.13203839899933 0.34
15 24 19 20 218.97 13157.841362550025 60.08969887450347 0.3
15 22 18 19 232.96 8655.197974343104 37.153150645360164 0.5
15 20 17 18 298.1 5486.459682704571 18.40476243778789 0.48
15 18 16 17 406.87 2540.4412490871514 6.2438647457103045 0.21
16 53 34 35 125.06 140793.86852841664 1125.8105591589367 0.5
16 51 33 34 93.23 86537.7969620081 928.2183520541467 0.49
16 49 32 33 111.84 83419.5029733589 745.8825373154408 0.5
16 47 31 32 115.04 85147.02246921588 740.1514470550754 0.44
16 45 30 31 115.94 78769.22416578406 679.3964478677252 0.5
16 43 29 30 217.17 118301.18600792807 544.7400009574438 0.5
16 41 28 29 195.6 94785.32974815517 484.58757539956633 0.5
16 39 27 28 224.1 96375.10886926374 430.05403333004796 0.31
16 37 26 27 241.78 84777.0739152581 350.63724838803086 0.31
16 35 25 26 209.25 58836.80535305963 281.179476000285 0.22
16 33 24 25 171.24 37176.5634034516 217.10209882884604 0.24
16 31 23 24 173.01 31203.740955439396 180.35801951008264 0.26
16 29 22 23 171.85 24469.930253536764 142.39121474272193 0.5
16 27 21 22 164.79 15153.917141365937 91.95896074619782 0.28
16 25 20 21 225.78 13672.492714000724 60.556704375944385 0.24
16 23 19 20 244.45 8994.697106649242 36.795651898749206 0.32
16 21 18 19 291.15 5456.104596052989 18.739840618420022 0.5
16 19 17 18 471.41 2930.512564773584 6.216483665542912 0.5
17 54 35 36 232.56 255376.8020990635 1098.11146413426 0.5
17 52 34 35 135.75 137200.26665490217 1010.6833639403474 0.16
17 50 33 34 93.94 77562.07090003634 825.6554279331099 0.5
17 48 32 33 102.71 68242.75853346528 664.4217557537269 0.42
17 46 31 32 112.5 73310.75593269913 651.6511638462146 0.5
17 44 30 31 111.54 66008.27360509141 591.7901524573373 0.4
17 42 29 30 205.4 96388.42002937714 469.27176255782445 0.5
17 40 28 29 189.5 77933.91608974717 411.2607709221487 0.5
17 38 27 28 219.24 78967.11373992625 360.18570397703996 0.5
17 36 26 27 232.9 66805.64932959646 286.842633446099 0.29
17 34 25 26 219.86 49993.51968594187 227.387972736932 0.5
17 32 24 25 162.56 27169.76098595927 167.13681708882424 0.33
17 30 23 24 168.09 22933.635133912823 136.4366418818063 0.5
17 28 22 23 175.47 17910.237356059104 102.07008238479003 0.22
17 26 21 22 184.33 11383.711146009791 61.757235100145344 0.2
17 24 20 21 237.96 8578.1644558775 36.04876641400866 0.37
17 22 19 20 328.46 6239.297029386558 18.995606860459596 0.35
17 20 18 19 432.63 2714.8053612312924 6.2751204521907695 0.46
18 55 36 37 169.9 172157.68301985264 1013.2883050020755 0.5
18 53 35 36 218.16 214930.37604302043 985.1960764714908 0.14
18 51 34 35 145.33 130476.45762574376 897.7943826171041 0.5
18 49 33 34 105.23 77038.12213379149 732.0927694934096 0.31
18 47 32 33 108.64 63522.95594315214 584.7105664870411 0.5
18 45 31 32 111.18 63115.65947923756 567.6889681528833 0.27
18 43 30 31 113.95 57861.62013773659 507.7807822530635 0.5
18 41 29 30 203.96 80898.51319842013 396.6391115827619 0.5
18 39 28 29 185.5 63773.66819263015 343.7933595290035 0.5
18 37 27 28 218.61 64197.00528775244 293.65996655117533 0.5
18 35 26 27 236.13 54461.089468264814 230.6402806431407 0.14
18 33 25 26 214.87 37953.56564070336 176.63501484945948 0.29
18 31 24 25 161.35 20241.33203442066 125.44984217180452 0.48
18 29 23 24 182.87 17691.737707494438 96.74488821290774 0.5
18 27 22 23 192.62 13192.585678154042 68.49021741332179 0.27
18 25 21 22 211.5 7815.435621791531 36.95241428743041 0.27
18 23 20 21 281.39 5135.546000233005 18.250634351728934 0.5
18 21 19 20 445.05 2819.1198620505843 6.334389084486202 0.04
19 56 37 38 229.29 232321.46051264516 1013.2210759851941 0.5
19 54 36 37 171.56 155780.29384784782 908.0222304024704 0.22
19 52 35 36 213.48 187150.64634849151 876.6659469200465 0.44
19 50 34 35 151.1 119468.36270461067 790.6575956625459 0.24
19 48 33 34 106.32 68613.63273386381 645.350195013768 0.5
19 46 32 33 107.58 54717.07698667722 508.61755890200055 0.21
19 44 31 32 112.19 54715.07037294426 487.70006571837297 0.5
19 42 30 31 109.5 47145.84828017398 430.5556920563834 0.15
19 40 29 30 203.64 67287.14574976906 330.4220474846251 0.5
19 38 28 29 186.9 52657.545203590154 281.74181489347325 0.5
19 36 27 28 218.72 51159.14140165456 233.90243874201974 0.5
19 34 26 27 234.26 42334.76229976756 180.716990949234 0.31
19 32 25 26 217.32 28304.80688656997 130.24483198311233 0.5
19 30 24 25 162.49 14612.091887268665 89.92609937392248 0.25
19 28 23 24 189.73 12193.903939316708 64.26977251524117 0.5
19 26 22 23 215.85 8864.405925830053 41.06743537563147 0.17
19 24 21 22 223.76 4036.116838017809 18.037704853493963 0.46
19 22 20 21 358.91 2254.3347801080376 6.281058705826077 0.5
20 57 38 39 204.27 220504.52375747246 1079.4758102387646 0.5
20 55 37 38 221.13 200859.64181070324 908.3328440768021 0.5
20 53 36 37 159.74 129165.10289668402 808.595861379016 0.5
20 51 35 36 237.88 183672.14277580968 772.1209970397246 0.25
20 49 34 35 180.5 125380.93737419015 694.6312319899731 0.5
20 47 33 34 109.48 61535.29292131621 562.068806369348 0.43
20 45 32 33 108.1 47331.57534632999 437.8499106968547 0.5
20 43 31 32 113.47 46818.60027101738 412.60774011648346 0.5
20 41 30 31 112.29 40186.85766309639 357.8845637465169 0.5
20 39 29 30 206.05 55819.34830620269 270.90195732202227 0.5
20 37 28 29 191.35 42896.92073263893 224.18040623276158 0.5
20 35 27 28 224.36 40982.74511169197 182.6651146001603 0.25
20 33 26 27 234.48 31677.87413149577 135.09840554203245 0.38
20 31 25 26 222.93 20717.442119983774 92.93249952892735 0.43
20 29 24 25 181.17 10730.88429158943 59.231022197877294 0.5
20 27 23 24 202.08 7818.200276751231 38.68863953261694 0.15
20 25 22 23 242.32 4942.667831781461 20.397275634621415 0.42
20 23 21 22 297.25 1806.9692198861055 6.07895448237546 0.5
21 58 39 40 196.36 214675.22151924958 1093.2736887311548 0.5
21 56 38 39 205.96 198462.9775826902 963.5996192595173 0.5
21 54 37 38 215.41 173968.4097705412 807.6152907039656 0.5
21 52 36 37 161.55 115226.3845225218 713.2552430982469 0.2
21 50 35 36 272.58 183505.7181754566 673.2178376089831 0.47
21 48 34 35 165.81 100454.30522059347 605.8398481430158 0.16
21 46 33 34 109.49 52870.14746803179 482.87649527839795 0.5
21 44 32 33 107.94 40019.32293956988 370.7552616228449 0.31
21 42 31 32 114.27 39308.50381279266 343.9967079092733 0.44
21 40 30 31 115.09 33622.8237688648 292.14374636254064 0.17
21 38 29 30 210.9 45694.11570021889 216.66247368524841 0.5
21 36 28 29 192.93 33400.48942705591 173.12232118932207 0.5
21 34 27 28 226.41 31194.525190802964 137.7789196184045 0.5
21 32 26 27 239.3 22572.52814761064 94.32732197079247 0.5
21 30 25 26 226.9 14051.396919954186 61.927707888735945 0.5
21 28 24 25 178.54 6270.377061164887 35.12029271404104 0.36
21 26 23 24 220.2 4218.130163076098 19.15590446446911 0.47
21 24 22 23 278.15 1808.0649968737937 6.500323555181715 0.5
22 59 40 41 259.9 274933.9576898722 1057.8451623311744 0.5
22 57 39 40 195.91 191164.6698166934 975.7780093751896 0.24
22 55 38 39 203.94 174979.92069189574 857.9970613508666 0.5
22 53 37 38 210.67 150363.14741429416 713.7378241529129 0.5
22 51 36 37 187.45 116720.97257912262 622.6779011956395 0.5
22 49 35 36 324.46 190070.49066198245 585.8056175244482 0.24
22 47 34 35 177.55 92658.50060510253 521.8727153202057 0.5
22 45 33 34 110.48 45342.30402084217 410.4118756412217 0.17
22 43 32 33 113.75 35133.097004065545 308.86239124453226 0.5
22 41 31 32 114.54 32144.394865190392 280.6390332214981 0.5
22 39 30 31 114.47 26813.36096470561 234.2391977348267 0.44
22 37 29 30 210.22 35212.93021262604 167.50513848647148 0.5
22 35 28 29 193.97 25302.101551155843 130.4433755279468 0.5
22 33 27 28 213.85 20963.751546445994 98.03016855948559 0.5
22 31 26 27 231.84 14550.74752277674 62.76202347643522 0.35
22 29 25 26 232.98 8509.683837886474 36.52538345732026 0.39
22 27 24 25 182.33 3197.9591316717947 17.539401808105055 0.42
22 25 23 24 285.87 1795.761844284907 6.281742905113887 0.5
23 60 41 42 189.81 198150.0407648591 1043.9388902842795 0.5
23 58 40 41 246.52 235104.565914111 953.6936796775556 0.5
23 56 39 40 194.87 169635.75767568103 870.5073006398164 0.5
23 54 38 39 199.52 152074.90236183465 762.2038009314086 0.5
23 52 37 38 208.83 131295.683923761 628.7204133685822 0.5
23 50 36 37 195.27 105774.06298572283 541.6810722882308 0.5
23 48 35 36 300.29 153071.97330805665 509.74715544326034 0.5
23 46 34 35 171.25 76495.34516573236 446.6881469531817 0.05
23 44 33 34 113.06 39088.79022078346 345.7349214645627 0.5
23 42 32 33 111.76 28579.069920870472 255.71823479662197 0.27
23 40 31 32 117.07 26554.846403568572 226.8287896435344 0.41
23 38 30 31 115.39 21326.290747371262 184.8192282465661 0.21
23 36 29 30 205.61 26053.079114251464 126.71114787340821 0.5
23 34 28 29 185.13 17708.644890738415 95.6551876559089 0.5
23 32 27 28 208.16 13549.591841042473 65.09219754536161 0.5
23 30 26 27 227.29 8792.67440140931 38.68482731932469 0.35
23 28 25 26 228.21 4260.314383899956 18.668394828885482 0.5
23 26 24 25 279.66 1701.65340637382 6.084722185417363 0.1
24 61 42 43 199.89 219525.25235692508 1098.2302884432693 0.5
24 59 41 42 186.89 175517.75450713013 939.1500588963033 0.37
24 57 40 41 263.87 223552.99860949873 847.2088475745584 0.5
24 55 39 40 199.32 153712.16289006142 771.1828360930234 0.07
24 53 38 39 201.77 135111.54577288654 669.6314901763718 0.5
24 51 37 38 282.73 154064.1701998051 544.916245887614 0.5
24 49 36 37 284.58 133079.32872647053 467.63415815050433 0.5
24 47 35 36 328.0 142673.59005826767 434.9804574947185 0.31
24 45 34 35 175.79 65977.2253297694 375.31842158125835 0.5
24 43 33 34 117.92 33471.13944075945 283.8461621502667 0.16
24 41 32 33 113.34 23212.4265251457 204.80348089946796 0.05
24 39 31 32 117.75 20933.49883155978 177.7791832828856 0.12
24 37 30 31 116.9 16186.571395281273 138.4651103103616 0.5
24 35 29 30 203.4 18634.188882595856 91.61351466369644 0.5
24 33 28 29 174.58 11165.97236364939 63.959058103158384 0.5
24 31 27 28 200.25 7874.513054433958 39.32341100840928 0.5
24 29 26 27 250.89 4803.668192639881 19.146511190720563 0.16
24 27 25 26 346.13 2208.348394338869 6.380112658073178 0.5
25 62 43 44 218.06 232636.52274255868 1066.8463851350944 0.5
25 60 42 43 266.33 261901.94691423568 983.3738103639683 0.5
25 58 41 42 183.8 153437.03161047402 834.8043069122634 0.5
25 56 40 41 220.18 163832.67579123421 744.0851839006004 0.5
25 54 39 40 181.63 122345.4663256287 673.5972379322177 0.5
25 52 38 39 192.08 111198.03166319549 578.9152002457074 0.5
25 50 37 38 232.14 107742.38452254521 464.12675334946675 0.5
25 48 36 37 206.23 82029.29915035919 397.75638437840854 0.5
25 46 35 36 326.53 118400.43377036972 362.60200830052287 0.5
25 44 34 35 148.2 45442.02532518875 306.6263517219214 0.28
25 42 33 34 113.84 25811.571211062757 226.7355166115843 0.5
25 40 32 33 113.41 17979.261250013493 158.5332973283969 0.44
25 38 31 32 117.28 15604.334626544887 133.05196646098983 0.5
25 36 30 31 111.13 10868.330008758847 97.79834436028837 0.25
25 34 29 30 189.53 11641.191416069925 61.421365567825276 0.5
25 32 28 29 165.05 6105.12489650616 36.98954799458443 0.5
25 30 27 28 195.07 3818.7829627501974 19.576474920542356 0.5
25 28 26 27 325.07 2026.6617243303226 6.234539404836874 0.5
26 63 44 45 242.94 267251.6861053653 1100.0728003019892 0.5
26 61 43 44 244.74 234740.06480712746 959.1405769679147 0.5
26 59 42 43 298.41 261669.75067157982 876.8799660587105 0.5
26 57 41 42 166.99 122588.34350812082 734.105895611239 0.5
26 55 40 41 224.74 146537.51212049418 652.0312900262267 0.5
26 53 39 40 171.21 100087.14238308991 584.587012342094 0.06
26 51 38 39 186.57 92289.68996940277 494.6652193246651 0.5
26 49 37 38 239.33 94411.77376359585 394.48365755900153 0.5
26 47 36 37 209.96 69991.44145408981 333.3560747479987 0.5
26 45 35 36 300.68 89681.30486973617 298.2616232198223 0.41
26 43 34 35 187.79 46060.52595222479 245.2767769967772 0.32
26 41 33 34 118.82 20892.741436237324 175.8352250146215 0.13
26 39 32 33 117.36 14013.841991003708 119.40901491993617 0.18
26 37 31 32 121.98 11520.72448875441 94.4476511621119 0.05
26 35 30 31 118.83 7813.804003531469 65.75615588261776 0.5
26 33 29 30 187.85 6896.678340290844 36.7137521442153 0.5
26 31 28 29 179.49 3322.062229647669 18.50834157695509 0.5
26 29 27 28 308.03 1965.066408941444 6.379464366917002 0.5
27 64 45 46 220.31 249870.16729713045 1134.1753315652056 0.5
27 62 44 45 242.63 239564.6245962226 987.3660495248839 0.31
27 60 43 44 208.59 178485.22649972784 855.6748957271577 0.5
27 58 42 43 226.25 175593.83659234727 776.1053551042974 0.5
27 56 41 42 172.71 110758.90993421234 641.299924348401 0.5
27 54 40 41 217.41 123067.82859908364 566.0633301093953 0.21
27 52 39 40 171.49 86036.6001934964 501.70039182165954 0.5
27 50 38 39 228.8 95513.60560312614 417.4545699437331 0.5
27 48 37 38 287.0 95340.57410292512 332.1971223098436 0.5
27 46 36 37 219.29 60158.927302371754 274.33502349569864 0.5
27 44 35 36 299.51 71792.18011260286 239.69877504124358 0.5
27 42 34 35 184.74 35433.3089832971 191.80095801286728 0.14
27 40 33 34 127.67 16884.929619575225 132.25448123737155 0.18
27 38 32 33 125.66 10796.465112330297 85.91807347071699 0.25
27 36 31 32 127.15 7990.807120597935 62.84551412188702 0.5
27 34 30 31 131.8 5312.399996215009 40.30652500921858 0.35
27 32 29 30 211.1 3762.486781536291 17.823243872744154 0.5
27 30 28 29 228.33 1435.873433186843 6.288588591892624 0.5
28 65 46 47 307.0 343777.8252941192 1119.7974765280755 0.5
28 63 45 46 215.55 219746.40034785232 1019.4683384265938 0.43
28 61 44 45 237.44 209782.92132458894 883.5197158212136 0.5
28 59 43 44 157.09 119208.31924886671 758.8536459918945 0.5
28 57 42 43 187.22 126915.08253872096 677.892760061537 0.5
28 55 41 42 178.78 99725.22072652994 557.8097143222393 0.5
28 53 40 41 218.59 106455.95927623678 487.0120283463872 0.5
28 51 39 40 198.53 84199.53409732485 424.11491511270265 0.08
28 49 38 39 258.71 90687.7864221587 350.538388242274 0.5
28 47 37 38 292.12 80149.43776722896 274.37162045470683 0.5
28 45 36 37 220.66 48900.02861220922 221.60803322853812 0.5
28 43 35 36 308.73 57807.001643243384 187.2412841098804 0.5
28 41 34 35 188.67 27185.70182857335 144.09128016416682 0.45
28 39 33 34 131.6 12568.688193663262 95.50674919197007 0.24
28 37 32 33 134.71 7709.302716626565 57.22888216633186 0.42
28 35 31 32 139.91 5379.650215943004 38.45079133688088 0.41
28 33 30 31 145.96 2974.871752759953 20.3814178731156 0.27
28 31 29 30 214.98 1306.3405129227178 6.076567647793832 0.5
29 66 47 48 230.26 262666.2136404697 1140.737486495569 0.5
29 64 46 47 234.06 235769.13263689887 1007.3021132910317 0.3
29 62 45 46 177.22 160769.82961043794 907.1765580094681 0.5
29 60 44 45 200.78 156761.9956546194 780.7649947934027 0.5
29 58 43 44 193.98 128908.98659759406 664.5478224435203 0.5
29 56 42 43 162.22 94893.6229211288 584.9687025097325 0.5
29 54 41 42 176.25 84193.77999839542 477.69520566465485 0.5
29 52 40 41 212.93 87607.05848912025 411.43595777542026 0.37
29 50 39 40 217.47 76396.21270982747 351.2954095269576 0.34
29 48 38 39 267.01 77205.27173898192 289.1474916257141 0.5
29 46 37 38 283.12 62317.08612499827 220.10838557854714 0.5
29 44 36 37 220.46 38044.44769825315 172.5684827100297 0.5
29 42 35 36 289.26 40699.06814021374 140.70064350485288 0.37
29 40 34 35 196.57 20201.02667200374 102.76759765988575 0.29
29 38 33 34 138.55 8846.775139022211 63.85258129933028 0.18
29 36 32 33 139.25 4729.841530891727 33.966546002813125 0.41
29 34 31 32 157.68 3097.31570002597 19.64304731117434 0.5
29 32 30 31 199.55 1296.472061463902 6.4969785089646805 0.38
30 67 48 49 324.88 382209.5951888193 1176.4639103324898 0.5
30 65 47 48 212.18 216905.6991448852 1022.2721234088283 0.14
30 63 46 47 204.81 183289.52513387828 894.9246869482852 0.5
30 61 45 46 174.0 139475.71593639374 801.5845743470904 0.5
30 59 44 45 213.94 146074.94289607368 682.7846260450299 0.5
30 57 43 44 223.4 127608.86847446486 571.2124819805947 0.42
30 55 42 43 161.53 80763.43030271522 499.99028231731086 0.5
30 53 41 42 165.8 66804.18272721903 402.92028182882405 0.5
30 51 40 41 252.87 85937.31005038996 339.84778759991286 0.5
30 49 39 40 252.58 72593.09515990321 287.40634713715735 0.23
30 47 38 39 269.67 62446.65641112863 231.56693889245605 0.5
30 45 37 38 279.27 47837.226680569685 171.29382561882653 0.5
30 43 36 37 227.46 29246.696210380705 128.5795138062987 0.33
30 41 35 36 282.32 28057.699390939975 99.38261331446577 0.41
30 39 34 35 199.61 13638.410902846923 68.32528882744813 0.42
30 37 33 34 148.15 5557.875486885483 37.51519059659455 0.16
30 35 32 33 163.17 2767.8571710970205 16.96302734017908 0.43
30 33 31 32 181.17 1169.2942768384473 6.454127487102983 0.5
31 68 49 50 376.16 418024.5662647731 1111.2945721628378 0.5
31 66 48 49 286.49 303566.1858788584 1059.6048234802554 0.24
31 64 47 48 237.03 217030.5016499463 915.6246114413631 0.4
31 62 46 47 205.89 163114.46996440276 792.2408565952827 0.11
31 60 45 46 181.4 127735.42216078157 704.1644000043085 0.5
31 58 44 45 202.67 120346.13994985627 593.8034240383691 0.3
31 56 43 44 221.14 108073.83419836647 488.71228270944414 0.5
31 54 42 43 149.8 63511.6811925154 423.9765099633872 0.5
31 52 41 42 158.54 53325.28876617319 336.35226924544713 0.5
31 50 40 41 260.92 72349.07057432517 277.28449553244354 0.34
31 48 39 40 243.13 56657.75021488386 233.03479708338693 0.44
31 46 38 39 257.06 46688.365205740934 181.6243881029368 0.5
31 44 37 38 267.53 34640.34047213874 129.48207854124303 0.5
31 42 36 37 211.41 19613.989291517904 92.7770176033201 0.42
31 40 35 36 288.86 19287.68124673696 66.77172764223832 0.4
31 38 34 35 205.29 8547.469777966995 41.6360747136587 0.37
31 36 33 34 155.38 2920.7260189080052 18.797309942772593 0.13
31 34 32 33 227.02 1361.0078355984615 5.995101028977453 0.5
32 69 50 51 294.26 295131.59166943625 1002.9619780786933 0.28
32 67 49 50 370.4 369363.89198040933 997.202732128535 0.3
32 65 48 49 247.76 234094.68187548048 944.8445345313227 0.5
32 63 47 48 241.4 195239.38744374533 808.7795668754985 0.22
32 61 46 47 200.54 139470.96476348597 695.4770358207139 0.5
32 59 45 46 174.53 106655.21526346366 611.0996118917301 0.41
32 57 44 45 190.81 96465.48941543994 505.5578293351498 0.46
32 55 43 44 210.8 87107.61659032712 413.22398762014757 0.5
32 53 42 43 139.29 49167.73314186332 352.9882485595759 0.5
32 51 41 42 179.13 48955.17455832887 273.2941135394902 0.5
32 49 40 41 310.72 69140.2177115666 222.5161486597792 0.5
32 47 39 40 240.8 43853.77357012504 182.11699987593454 0.15
32 45 38 39 246.42 33735.89427187369 136.9040429830115 0.5
32 43 37 38 271.28 25028.299012745752 92.26002290159892 0.5
32 41 36 37 207.52 12736.435898531823 61.37449835452883 0.5
32 39 35 36 289.62 11638.370121675813 40.184966927960126 0.32
32 37 34 35 231.43 4736.746745261202 20.46729786657392 0.37
32 35 33 34 234.63 1494.6840285428254 6.370387540139051 0.5
33 70 51 52 316.94 315981.30164413335 996.9751424374751 0.5
33 68 50 51 279.49 250080.94467434112 894.7760015540489 0.08
33 66 49 50 382.71 338372.52112419036 884.1486272221536 0.5
33 64 48 49 223.76 186147.45076635352 831.9067338503464 0.5
33 62 47 48 230.17 161710.2437563337 702.5687264036742 0.24
33 60 46 47 197.15 117971.22656640675 598.3830918914874 0.5
33 58 45 46 167.66 87073.38939823539 519.3450399513026 0.5
33 56 44 45 180.83 76202.47312562275 421.4039325644127 0.04
33 54 43 44 196.68 66931.55000395527 340.3068436239337 0.5
33 52 42 43 133.95 38162.91643567657 284.90419138243055 0.5
33 50 41 42 196.25 42051.36933393098 214.27449342130438 0.5
33 48 40 41 292.52 50412.20723424627 172.33764267142854 0.38
33 46 39 40 233.77 31531.956184292 134.88452831540403 0.11
33 44 38 39 250.11 24054.880658635375 96.17720466448912 0.5
33 42 37 38 255.67 15428.798836523953 60.346535911620265 0.5
33 40 36 37 238.84 8535.896990726724 35.7389758446103 0.5
33 38 35 36 313.81 6115.594658904314 19.488208339136147 0.5
33 36 34 35 277.04 1770.0400846036523 6.389113790801517 0.31
34 71 52 53 79.12 81922.58444261126 1035.4219469490806 0.5
34 69 51 52 308.0 275817.69587515027 895.5119995946437 0.3
34 67 50 51 266.21 212277.6957433703 797.4069183853736 0.15
34 65 49 50 378.63 296231.6650192718 782.3776906723498 0.4
34 63 48 49 215.79 157185.9353713186 728.4208506942797 0.5
34 61 47 48 220.44 134636.30949712207 610.761701583751 0.16
34 59 46 47 185.2 95093.01866837687 513.4612239113222 0.5
34 57 45 46 158.18 68992.88127125351 436.16690650684984 0.34
34 55 44 45 175.11 61432.74750692566 350.8237536801191 0.5
34 53 43 44 179.41 49896.225218966334 278.1128433140089 0.5
34 51 42 43 164.41 37184.85489961903 226.17149139115037 0.5
34 49 41 42 231.16 38657.7498017775 167.23373335255883 0.5
34 47 40 41 299.23 38889.7203693607 129.96598058136115 0.5
34 45 39 40 234.5 22732.168191209905 96.93888354460513 0.15
34 43 38 39 280.71 17955.47740885307 63.964509311578034 0.15
34 41 37 38 265.2 9510.280790342294 35.86078729390005 0.5
34 39 36 37 269.36 4826.449641869659 17.918212213653323 0.5
34 37 35 36 368.23 2335.219851387215 6.341742528819529 0.5
35 70 52 53 92.33 85791.61733927701 929.1846348887362 0.27
35 68 51 52 301.17 241455.19579763128 801.7239293343669 0.5
35 66 50 51 262.24 186048.03514559774 709.4571199877888 0.33
35 64 49 50 377.03 260591.7696927958 691.1698530429828 0.5
35 62 48 49 197.05 125013.92602906561 634.4274348087572 0.23
35 60 47 48 222.72 117281.5450129824 526.5873967896121 0.5
35 58 46 47 180.75 78966.13522729179 436.88041619525194 0.27
35 56 45 46 159.67 58012.113613071466 363.32506803451787 0.5
35 54 44 45 172.23 49652.8760003083 288.29400220814205 0.17
35 52 43 44 192.73 43052.91535488766 223.38460724789945 0.5
35 50 42 43 185.49 32580.89364293196 175.64770954192656 0.5
35 48 41 42 248.72 31804.828404213582 127.87402864350909 0.5
35 46 40 41 311.44 29313.30347289815 94.1218323686686 0.25
35 44 39 40 266.87 17486.088342360246 65.52287009540318 0.05
35 42 38 39 306.33 11967.403475990412 39.06703057483894 0.5
35 40 37 38 336.77 6131.529867695263 18.206876704264822 0.5
35 38 36 37 358.34 2215.4102899147338 6.182425322081637 0.5
36 71 53 54 71.8 67873.81603401317 945.3177720614649 0.5
36 69 52 53 96.96 80598.10809405465 831.2511148314218 0.5
36 67 51 52 308.12 219108.78617008458 711.115105056746 0.5
36 65 50 51 269.99 168574.20615247282 624.3720365660685 0.28
36 63 49 50 407.38 244923.78215394166 601.2170017034259 0.5
36 61 48 49 196.81 107713.279647256 547.295765699182 0.5
36 59 47 48 241.68 108181.76310016873 447.62397840188976 0.26
36 57 46 47 183.48 66501.90853189818 362.44772472148566 0.5
36 55 45 46 174.59 52048.19847359012 298.1167218832128 0.2
36 53 44 45 184.47 42674.75629396463 231.33710789811153 0.5
36 51 43 44 266.97 46193.8890898963 173.03026216389966 0.5
36 49 42 43 253.22 33664.59061171739 132.94601773839898 0.5
36 47 41 42 282.79 26151.836446594345 92.47793927152425 0.5
36 45 40 41 357.33 22750.927039510203 63.66923303251953 0.5
36 43 39 40 340.86 13481.821958226537 39.55237328588434 0.26
36 41 38 39 373.07 7292.306308355205 19.546750766224047 0.38
36 39 37 38 395.25 2470.8475564400674 6.2513537164834085 0.5
37 70 53 54 68.24 57132.362865228686 837.2268884119093 0.5
37 68 52 53 98.0 71905.46141509546 733.729198113219 0.5
37 66 51 52 312.36 194576.56022883535 622.9240627123683 0.5
37 64 50 51 267.64 145099.58195139756 542.1446045112747 0.13
37 62 49 50 434.89 223292.67941453555 513.4463414071042 0.5
37 60 48 49 183.57 84722.06657010273 461.5245768377335 0.5
37 58 47 48 235.28 87372.94540204102 371.35729939663815 0.22
37 56 46 47 190.74 55908.001441562075 293.1110487656604 0.14
37 54 45 46 175.98 41653.020487204376 236.69178592569827 0.5
37 52 44 45 199.11 35492.8676073819 178.25758428698657 0.22
37 50 43 44 314.17 40062.58463891528 127.51881032216723 0.5
37 48 42 43 257.24 24525.989440192934 95.34282942074691 0.5
37 46 41 42 291.41 17857.26321747676 61.27882782840932 0.5
37 44 40 41 397.31 15013.17853947123 37.78706435647537 0.5
37 42 39 40 366.86 7182.8026216075605 19.57913814972349 0.4
37 40 38 39 579.67 3697.76877967124 6.379092897116014 0.5
38 71 54 55 172.12 141938.84732766496 824.6505189848068 0.5
38 69 53 54 74.02 54760.67548485906 739.8091797468124 0.5
38 67 52 53 99.99 64185.84958532675 641.9226881220798 0.5
38 65 51 52 329.01 177635.0432275698 539.9077329794529 0.5
38 63 50 51 259.69 120354.79557329761 463.45564162385 0.17
38 61 49 50 406.99 176787.78470835747 434.3786940916422 0.35
38 59 48 49 213.55 81911.49280757524 383.57055868684256 0.5
38 57 47 48 238.07 71401.83539515377 299.9195001266593 0.05
38 55 46 47 201.28 46932.12004247018 233.1683229454997 0.5
38 53 45 46 179.96 32921.24980288702 182.93648479043685 0.2
38 51 44 45 265.44 34941.82565466632 131.6373781444632 0.41
38 49 43 44 395.82 35977.28321264699 90.89304030278154 0.5
38 47 42 43 276.85 17581.58153833017 63.505802919740546 0.5
38 45 41 42 310.06 11386.735595575634 36.72429721852426 0.5
38 43 40 41 468.84 8725.284664223105 18.610367426463412 0.45
38 41 39 40 387.24 2456.1327993366217 6.342662946329464 0.5
39 70 54 55 173.34 126055.40400950877 727.2147456415644 0.38
39 68 53 54 80.05 52025.8547863483 649.9169867126584 0.5
39 66 52 53 102.48 57307.05538277455 559.2023358974878 0.45
39 64 51 52 318.59 148395.07493170616 465.7869830556708 0.5
39 62 50 51 269.81 105907.90914108658 392.5277385607894 0.28
39 60 49 50 418.06 151589.35841351823 362.60191937405693 0.5
39 58 48 49 222.56 69917.3181478559 314.15042302235753 0.5
39 56 47 48 245.76 58601.31200076106 238.4493489614301 0.18
39 54 46 47 206.52 37407.85476479996 181.13429578152216 0.22
39 52 45 46 200.15 27393.435747386673 136.86453033917897 0.5
39 50 44 45 315.72 29349.16108818797 92.95946119405792 0.35
39 48 43 44 426.17 26199.891112145553 61.47755851454948 0.5
39 46 42 43 302.87 11596.67170066159 38.28927163687916 0.5
39 44 41 42 369.65 6811.585997950686 18.427122948601884 0.5
39 42 40 41 616.55 3873.2079330688616 6.282066228317025 0.5
40 71 55 56 270.45 199189.59777822284 736.5117314779917 0.18
40 69 54 55 175.9 112542.77510838179 639.8111148856269 0.5
40 67 53 54 73.83 41757.93259031284 565.5957278926296 0.5
40 65 52 53 101.52 48893.90872521236 481.618486260957 0.5
40 63 51 52 317.68 125504.76113371432 395.06661147605865 0.26
40 61 50 51 273.7 90033.10362509247 328.94813162255195 0.19
40 59 49 50 417.87 124405.85210436037 297.7142463071299 0.06
40 57 48 49 222.71 55570.78076582355 249.52081525671747 0.5
40 55 47 48 250.84 46586.676284888235 185.72267694501767 0.31
40 53 46 47 207.63 28246.19022684626 136.04098746253558 0.5
40 51 45 46 260.19 25217.193495970354 96.91838078315982 0.28
40 49 44 45 401.6 25073.768552902508 62.434682651649666 0.28
40 47 43 44 446.58 16651.60392130683 37.286945051965674 0.5
40 45 42 43 335.68 6542.113217271771 19.489136133435924 0.5
40 43 41 42 473.75 2936.097495723151 6.197567273294251 0.5
41 70 55 56 260.22 167228.2957843327 642.6419790344042 0.5
41 68 54 55 169.53 94186.39910623712 555.5736395106301 0.25
41 66 53 54 82.18 39962.30775594055 486.2777775120534 0.5
41 64 52 53 103.54 42378.92891207394 409.30006675752304 0.39
41 62 51 52 327.7 107693.4482532754 328.63426381835643 0.5
41 60 50 51 286.33 76965.41490944015 268.7996888535611 0.5
41 58 49 50 440.18 104595.02787062824 237.6187647567546 0.5
41 56 48 49 225.08 43220.115399341346 192.02112759614957 0.5
41 54 47 48 259.78 35976.4589846865 138.48817839974788 0.24
41 52 46 47 231.98 22356.77052977731 96.37369829199633 0.5
41 50 45 46 313.19 19812.33514431969 63.259794834827716 0.5
41 48 44 45 420.41 15868.469069984289 37.745222687339236 0.5
41 46 43 44 508.67 9431.409843307461 18.541313313754422 0.5
41 44 42 43 516.57 3341.6865292484163 6.468990706483954 0.29
42 71 56 57 257.31 154955.7244618168 602.2141559279344 0.5
42 69 55 56 273.22 152457.53111435435 558.0028223203072 0.16
42 67 54 55 169.27 80617.45450028888 476.2654605085891 0.5
42 65 53 54 79.49 32724.21164136241 411.6770869463129 0.03
42 63 52 53 105.38 35853.459457765544 340.23020931643146 0.5
42 61 51 52 323.87 87144.81800451808 269.07344923740413 0.5
42 59 50 51 283.89 60910.44094030028 214.55648645707944 0.22
42 57 49 50 423.23 77077.6352818257 182.11760811337973 0.29
42 55 48 49 237.52 33997.72446616949 143.13625996198002 0.5
42 53 47 48 253.2 24862.550661334626 98.19332804634529 0.31
42 51 46 47 302.03 18993.577501307755 62.88639374005151 0.5
42 49 45 46 395.2 14913.479296255358 37.73653668080809 0.46
42 47 44 45 433.45 8142.742166172094 18.785885721933543 0.5
42 45 43 44 633.35 3922.7787001620854 6.193698113463465 0.5
43 70 56 57 233.03 121480.67584171963 521.3091698138421 0.4
43 68 55 56 257.05 123455.5158521359 480.2782176702427 0.5
43 66 54 55 167.2 67759.77430622705 405.2618080515972 0.25
43 64 53 54 79.01 27307.002947995792 345.6145164915301 0.5
43 62 52 53 100.12 27902.123170424224 278.6868075352 0.34
43 60 51 52 319.64 68962.08376755718 215.7492296569803 0.5
43 58 50 51 272.05 45470.49198708767 167.1402021212559 0.17
43 56 49 50 419.03 56825.18059229082 135.61124643173716 0.5
43 54 48 49 215.88 22033.62880641345 102.06424312772582 0.26
43 52 47 48 260.81 16994.550697444312 65.16065602332853 0.47
43 50 46 47 334.67 12359.235190246163 36.929617803347064 0.48
43 48 45 46 381.59 7314.466859391751 19.168392409108602 0.37
43 46 44 45 550.58 3459.9354318976984 6.284164756979364 0.47
44 71 57 58 177.14 91300.63911385273 515.4151468547631 0.5
44 69 56 57 247.5 110958.07256097335 448.3154446908014 0.5
44 67 55 56 253.27 103086.47363497736 407.02204617592827 0.11
44 65 54 55 168.33 56968.709994504236 338.43468184223985 0.5
44 63 53 54 80.54 22752.94656333045 282.5049238059405 0.5
44 61 52 53 107.35 24003.378599612526 223.59924172904078 0.5
44 59 51 52 329.98 55379.73875535958 167.82756153512207 0.5
44 57 50 51 285.04 35238.334692346456 123.62592861474337 0.25
44 55 49 50 446.29 43033.39941104999 96.42474492157564 0.5
44 53 48 49 240.49 16249.486386848244 67.56824145223604 0.5
44 51 47 48 373.9 14250.23289423975 38.112417475901985 0.37
44 49 46 47 482.33 8824.294346827468 18.29513890246816 0.5
44 47 45 46 517.08 3286.459021510533 6.355803785701503 0.5
45 70 57 58 175.45 77413.23906992235 441.2267829576652 0.5
45 68 56 57 236.67 90198.08516228259 381.113301906801 0.24
45 66 55 56 259.26 88500.36281800935 341.3575669907018 0.2
45 64 54 55 166.76 46570.78857818892 279.2683411980626 0.13
45 62 53 54 81.24 18394.60138817813 226.4229614497554 0.5
45 60 52 53 111.11 19388.419555025866 174.4975209704425 0.29
45 58 51 52 333.31 42080.08046322561 126.2490788251946 0.5
45 56 50 51 289.42 25374.691569037866 87.67428501498813 0.42
45 54 49 50 453.29 29087.16379864147 64.16899512153692 0.5
45 52 48 49 262.34 10570.792176795976 40.294244784615294 0.42
45 50 47 48 419.68 7759.58580134158 18.489291368046082 0.5
45 48 46 47 451.97 2796.801299094111 6.188024203142047 0.5
46 71 58 59 229.78 110762.33975529483 482.03646860168345 0.5
46 69 57 58 174.32 65597.94487010594 376.30762316490336 0.41
46 67 56 57 229.92 73503.83721651866 319.693098540878 0.5
46 65 55 56 248.89 70063.12878379965 281.5023857278302 0.18
46 63 54 55 165.95 37269.92250627328 224.58525161960398 0.3
46 61 53 54 82.36 14658.765587373817 177.98404064319837 0.16
46 59 52 53 111.54 14726.945512062708 132.03286275831726 0.5
46 57 51 52 325.29 29156.448941114508 89.6321711122829 0.5
46 55 50 51 289.78 17031.77240179595 58.77483746910053 0.38
46 53 49 50 443.82 17157.05028621989 38.657677180433254 0.5
46 51 48 49 326.21 6467.967580894574 19.827618959855844 0.5
46 49 47 48 531.93 3294.217529152962 6.192953074940241 0.25
47 70 58 59 218.67 89140.31993695945 407.64768800914374 0.05
47 68 57 58 167.59 52878.77311047619 315.52463220046656 0.5
47 66 56 57 230.41 60777.42623767033 263.779463728442 0.23
47 64 55 56 241.83 55074.96476325096 227.7424834108711 0.15
47 62 54 55 165.99 29116.659915948432 175.41213275467456 0.08
47 60 53 54 89.82 12066.969526518997 134.34613144643728 0.5
47 58 52 53 115.75 10989.383387104028 94.94067721040197 0.08
47 56 51 52 329.07 19561.667303962266 59.44530739344901 0.5
47 54 50 51 289.38 10210.548282228923 35.284222414226704 0.31
47 52 49 50 488.65 9411.296817560882 19.259790888285853 0.5
47 50 48 49 330.28 2100.481314869898 6.359698785484736 0.5
48 71 59 60 210.97 88046.37821354117 417.3407508818371 0.19
48 69 58 59 224.34 76912.23653028149 342.83781996202856 0.5
48 67 57 58 160.82 41849.53299814206 260.22592338105994 0.36
48 65 56 57 224.24 47789.5232346293 213.11774542735148 0.5
48 63 55 56 240.5 42915.863153544444 178.44433743677524 0.12
48 61 54 55 169.56 22624.942899956688 133.43325607429045 0.19
48 59 53 54 94.37 9174.445552247471 97.21781871619658 0.38
48 57 52 53 122.84 7742.707320597859 63.030831330168176 0.5
48 55 51 52 343.41 12379.950294802878 36.05005764189417 0.5
48 53 50 51 290.45 5180.54053796361 17.836255940656258 0.5
48 51 49 50 644.21 4083.0716870674983 6.338106653214787 0.5
49 70 59 60 196.81 68697.07926367114 349.0527882916068 0.5
49 68 58 59 209.96 59583.342886679566 283.78425836673443 0.15
49 66 57 58 159.26 33659.909958867094 211.35193996525865 0.5
49 64 56 57 212.59 35940.206411968094 169.05878174875627 0.13
49 62 55 56 232.98 31598.437064961538 135.62725154503192 0.18
49 60 54 55 178.05 17273.558995335858 97.01521480110002 0.1
49 58 53 54 104.76 6931.966678791906 66.16997593348516 0.48
49 56 52 53 119.97 4580.33678235265 38.17901794075727 0.26
49 54 51 52 304.08 5617.920184222407 18.475138727382294 0.5
49 52 50 51 271.39 1672.7238021779433 6.163542511433522 0.41
50 71 60 61 244.14 84875.66035799132 347.6515948144152 0.5
50 69 59 60 213.71 61515.62998316156 287.84628694568136 0.5
50 67 58 59 212.71 48603.0125239217 228.4942528509318 0.5
50 65 57 58 159.54 26453.619722841293 165.81183228557913 0.43
50 63 56 57 219.87 28044.031634088715 127.54824047886804 0.5
50 61 55 56 242.25 23803.634388419625 98.26061667046285 0.2
50 59 54 55 195.0 12778.358172023622 65.53004190781344 0.15
50 57 53 54 120.76 4755.968589518485 39.38364184761912 0.4
50 55 52 53 155.54 3009.87874159111 19.35115559721686 0.5
50 53 51 52 359.18 2268.4525676048775 6.315642762973655 0.5
51 70 60 61 239.45 67413.64806736888 281.5353855392311 0.3
51 68 59 60 202.53 46508.17013857807 229.6359558513705 0.5
51 66 58 59 211.06 37490.16123485083 177.62797893893125 0.33
51 64 57 58 152.84 19059.382099121023 124.7015316613519 0.5
51 62 56 57 210.45 19033.677478979742 90.44275352330598 0.28
51 60 55 56 245.92 16013.151905344523 65.11528914014526 0.2
51 58 54 55 214.44 8369.874964241964 39.031313953749134 0.5
51 56 53 54 136.51 2616.9209511614613 19.170177651171795 0.5
51 54 52 53 145.53 923.4163453053739 6.345195803651301 0.5
52 71 61 62 169.48 49511.073121989495 292.1351966131077 0.24
52 69 60 61 240.17 54074.68300351251 225.1516967294521 0.5
52 67 59 60 191.68 34142.205792052235 178.12085659459638 0.35
52 65 58 59 202.66 26963.404822841847 133.04749246443228 0.41
52 63 57 58 145.04 12841.955808852272 88.54078743003497 0.5
52 61 56 57 204.69 12362.909594475093 60.39820994906978 0.5
52 59 55 56 248.23 9678.935391074388 38.991803533313416 0.35
52 57 54 55 211.02 3989.283493986539 18.904764922692344 0.07
52 55 53 54 223.2 1413.388450497606 6.332385530903253 0.5
53 70 61 62 158.5 36798.16089914366 232.16505299144262 0.45
53 68 60 61 215.14 37756.69114125178 175.49823901297657 0.46
53 66 59 60 187.08 25132.998023195047 134.3435857557999 0.5
53 64 58 59 183.55 17631.784828066786 96.05984651629956 0.4
53 62 57 58 133.24 7867.243429982318 59.04565768524706 0.5
53 60 56 57 197.96 7201.211407361007 36.3771034924278 0.45
53 58 55 56 263.49 5179.341672802939 19.65669161183703 0.4
53 56 54 55 218.15 1352.3962921710036 6.199387083066713 0.38
54 71 62 63 142.18 31500.002463535435 221.5501650269759 0.49
54 69 61 62 156.16 28350.044656071594 181.54485563570438 0.22
54 67 60 61 204.97 27071.33044563934 132.0745984565514 0.5
54 65 59 60 178.16 17198.48529310245 96.53393182028768 0.5
54 63 58 59 191.0 12250.115091209478 64.13672822622763 0.5
54 61 57 58 141.94 5094.3680583688965 35.89099660679792 0.5
54 59 56 57 245.75 4535.227599087148 18.454639263833766 0.43
54 57 55 56 358.03 2311.252809578225 6.455472473195612 0.5
55 70 62 63 152.91 26138.85312229689 170.94273181804257 0.08
55 68 61 62 164.81 22481.330073413992 136.4075606663066 0.36
55 66 60 61 232.17 22026.865097373386 94.87386439838647 0.5
55 64 59 60 208.09 13550.038988522865 65.11624291663638 0.5
55 62 58 59 251.51 9669.795345522429 38.44696173322106 0.5
55 60 57 58 206.97 3731.9486835131866 18.031350840765263 0.5
55 58 56 57 386.72 2422.6864054966104 6.264704192947379 0.5
56 71 63 64 183.92 32134.257918182968 174.71867071652332 0.09
56 69 62 63 176.49 22746.350490374687 128.88180911312077 0.23
56 67 61 62 181.13 17700.595410047918 97.72315690414574 0.28
56 65 60 61 257.21 16358.781299005821 63.6008759340843 0.34
56 63 59 60 251.48 9824.928618923714 39.06842937380195 0.2
56 61 58 59 328.51 6429.81088653228 19.572648889020975 0.5
56 59 57 58 299.82 1855.4263873607124 6.1884677051588035 0.5
57 70 63 64 201.64 25955.71597099302 128.72305083809275 0.21
57 68 62 63 184.23 16819.223583098108 91.29470543938614 0.05
57 66 61 62 199.5 12917.260109109237 64.74817097297863 0.48
57 64 60 61 274.59 10460.559374519793 38.095194196874594 0.37
57 62 59 60 311.61 5967.47579348452 19.150463057939476 0.5
57 60 58 59 455.29 2926.7522755564455 6.428325409203904 0.5
58 71 64 65 190.07 25894.116134272048 136.23463005351738 0.5
58 69 63 64 212.19 19363.228772346203 91.25420035037563 0.05
58 67 62 63 178.22 10703.857511224502 60.05979974876278 0.1
58 65 61 62 186.42 7136.917513608485 38.28407635236823 0.5
58 63 60 61 275.91 5111.993855945158 18.527758529756653 0.5
58 61 59 60 349.69 2204.4677562656634 6.304062902186689 0.5
59 70 64 65 206.74 19913.281547228704 96.32040992177954 0.18
59 68 63 64 225.6 13741.186295284933 60.909513720234635 0.17
59 66 62 63 212.87 7709.124301365174 36.21517499584335 0.15
59 64 61 62 220.2 4282.7102932035195 19.44918389284069 0.29
59 62 60 61 409.54 2515.352005777571 6.14189579962292 0.5
60 71 65 66 183.58 17341.97322986998 94.46548224136603 0.4
60 69 64 65 232.9 15044.034856995213 64.59439612277893 0.5
60 67 63 64 252.09 9216.919711059958 36.56202035407973 0.25
60 65 62 63 246.2 4468.967318417229 18.1517762730188 0.25
60 63 61 62 276.11 1780.4504042202434 6.4483372721750145 0.22
61 70 65 66 205.73 12772.438531207117 62.083500370422975 0.5
61 68 64 65 246.43 9527.97940456275 38.6640401110366 0.16
61 66 63 64 319.14 5845.0341445473305 18.31495313826951 0.5
61 64 62 63 319.84 1970.1502409208038 6.159799402578802 0.5
62 71 66 67 223.74 14354.833453545967 64.15854766043607 0.5
62 69 65 66 214.49 8077.669603969469 37.659889057622586 0.5
62 67 64 65 246.18 4794.245999849361 19.474555202897722 0.43
62 65 63 64 294.25 1823.1412920595067 6.195892241493651 0.5
63 70 66 67 234.52 8798.155726112627 37.51558812089641 0.5
63 68 65 66 209.97 3896.050828286662 18.555273745233425 0.3
63 66 64 65 331.56 2131.64243609795 6.429130281390849 0.5
64 71 67 68 204.2 7603.146326638859 37.233821384127616 0.09
64 69 66 67 312.21 5868.862479449901 18.797804296626953 0.5
64 67 65 66 305.44 1872.5727895589 6.130738572416514 0.5
65 70 67 68 258.35 4754.888975495965 18.40483443195651 0.5
65 68 66 67 338.3 2144.870586716525 6.340143620208468 0.29
66 71 68 69 244.53 4650.298434232184 19.01729208781002 0.5
66 69 67 68 281.93 1748.530394652351 6.202001896401061 0.5
67 70 68 69 285.15 1775.2088703099248 6.225526460844906 0.5
68 71 69 70 380.84 2487.8194036006976 6.532453008089218 0.5
