72
# x y z
0.0 -8.727 0.0
0.953939201 -8.427 0.0
1.9538787 -8.438 0.0
2.948350921 -8.333 0.0
3.941245176 -8.214 0.0
4.924543706 -8.032 0.0
5.918475293 -7.922 0.0
6.916961648 -7.867 0.0
7.914911546 -7.803 0.0
8.908953296 -7.694 0.0
9.882143925 -7.4639999999999995 0.0
10.87954856 -7.3919999999999995 0.0
11.87853554 -7.3469999999999995 0.0
12.87352298 -7.247 0.0
13.85569201 -7.059 0.0
14.848465899999999 -6.939 0.0
15.84722511 -6.8892 0.0
16.84598432 -6.8393999999999995 0.0
17.84474353 -6.7896 0.0
18.843502739999998 -6.7398 0.0
19.84226195 -6.6899999999999995 0.0
20.83744837 -6.592 0.0
21.82973058 -6.468 0.0
22.82274418 -6.586 0.0
23.82022049 -6.515 0.0
24.81982842 -6.487 0.0
25.81723305 -6.415 0.0
26.81722505 -6.411 0.0
27.81711254 -6.426 0.0
28.81674798 -6.399 0.0
29.80940048 -6.278 0.0
30.80438792 -6.378 0.0
31.80005403 -6.285 0.0
32.78105556 -6.091 0.0
33.77573692 -5.9879999999999995 0.0
34.77497613 -5.949 0.0
35.77471159 -5.926 0.0
36.761005159999996 -5.761 0.0
37.7521212 -5.628 0.0
38.74489509 -5.508 0.0
39.74144463 -5.425 0.0
40.72872322 -5.266 0.0
41.71238983 -5.086 0.0
42.70643158 -4.977 0.0
43.67467741 -4.727 0.0
44.66792663 -4.611 0.0
45.64751787 -4.41 0.0
46.638633909999996 -4.277 0.0
47.62302407 -4.101 0.0
48.62289606 -4.117 0.0
49.61492631 -3.991 0.0
50.60464899 -3.848 0.0
51.58037385 -3.629 0.0
52.57066623 -3.4899999999999998 0.0
53.55245032 -3.3 0.0
54.54052117 -3.146 0.0
55.53216577 -3.017 0.0
56.498043089999996 -2.758 0.0
57.457457489999996 -2.476 0.0
58.43621946 -2.271 0.0
59.40674458 -2.03 0.0
60.38040571 -1.802 0.0
61.37055722 -1.662 0.0
62.32481033 -1.363 0.0
63.30810886 -1.181 0.0
64.29177547 -1.001 0.0
65.27470171 -0.817 0.0
66.26759597 -0.698 0.0
67.24899089 -0.506 0.0
68.24417731 -0.408 0.0
69.24011906999999 -0.318 0.0
70.18820978 0.0 0.0
877
# a b m n r rhoa k err
0 25 12 13 0.17539064608657087 165.3 942.4675927039449 0.03
0 23 11 12 0.20943351225877735 179.46 856.8829222433997 0.03
0 21 10 11 0.22302261533076526 151.57 679.6171759317155 0.03
0 19 9 10 0.30202994724393417 153.9 509.5521202594616 0.03
0 17 8 9 0.31449402421790185 134.51 427.7028803154706 0.03
0 15 7 8 0.4527384887852275 163.63 361.4227728661781 0.03
0 13 6 7 0.715737278942772 196.66 274.76562390391337 0.03
0 11 5 6 1.2803236505193372 244.6 191.04544378351756 0.03
0 9 4 5 1.8661202613605388 222.02 118.97411147453654 0.03
0 7 3 4 3.1884846983221498 229.34 71.92758369537847 0.03
0 5 2 3 4.463278561025732 182.68 40.92955380271341 0.03
0 3 1 2 17.73234421222784 211.59 11.932432478616793 0.03
1 36 18 19 0.17452291124351438 172.31 987.3202250194723 0.03
1 34 17 18 0.16052807221872303 142.88 890.062392360402 0.03
1 32 16 17 0.153187660447917 122.72 801.108912044023 0.03
1 30 15 16 0.15573056335309363 110.62 710.3294152297337 0.03
1 28 14 15 0.19680768634092738 111.93 568.7277874203812 0.03
1 26 13 14 0.3254996292828532 150.4 462.05889798204703 0.03
1 24 12 13 0.36896799456745416 149.91 406.29540287292775 0.03
1 22 11 12 0.47663804810722366 176.27 369.81940636083385 0.03
1 20 10 11 0.527922600488195 149.87 283.8863118597464 0.03
1 18 9 10 0.7577783009072784 158.38 209.00572081619865 0.03
1 16 8 9 0.8093831847624214 137.46 169.8330316070857 0.03
1 14 7 8 1.2249004537123727 165.59 135.1864957663599 0.03
1 12 6 7 2.033271091507195 201.23 98.96860327209737 0.03
1 10 5 6 3.872529016999346 246.49 63.65091105011122 0.03
1 8 4 5 6.142205440861669 218.79 35.620755786590344 0.03
1 6 3 4 13.206260282286749 237.25 17.964964715879326 0.03
1 4 2 3 31.211413459949 206.37 6.612004299799411 0.03
2 37 19 20 0.21417529787335227 210.01 980.5519221184167 0.03
2 35 18 19 0.19167546303761135 167.81 875.4902549371781 0.03
2 33 17 18 0.18045922118034832 140.89 780.730400355638 0.03
2 31 16 17 0.17519949238381657 122.19 697.4335275601909 0.03
2 29 15 16 0.20946128914562084 127.91 610.6617624752367 0.03
2 27 14 15 0.20825094374078287 101.39 486.8645403413087 0.03
2 25 13 14 0.39316511779500035 153.12 389.45469236626957 0.03
2 23 12 13 0.4436541433390473 150.37 338.93518691898015 0.03
2 21 11 12 0.5743616892331322 173.19 301.5347354229654 0.03
2 19 10 11 0.6719860708413365 152.32 226.67136509138217 0.03
2 17 9 10 1.0191108968857545 165.87 162.75951960367914 0.03
2 15 8 9 1.1313018393084524 145.38 128.50681838267724 0.03
2 13 7 8 1.82821494998704 175.18 95.82024258211095 0.03
2 11 6 7 3.1855536358103365 213.51 67.02445615726938 0.03
2 9 5 6 6.203599598804763 233.74 37.67812481724873 0.03
2 7 4 5 12.424645123236084 223.56 17.99327045421256 0.03
2 5 3 4 44.97916901670658 272.39 6.055914458953796 0.03
3 38 20 21 0.2391581699989561 231.98 969.9856793561038 0.03
3 36 19 20 0.237103370629081 206.02 868.9037167771559 0.03
3 34 18 19 0.2030307539522039 157.39 775.2027559187002 0.03
3 32 17 18 0.21287592243782355 144.16 677.2019979953628 0.03
3 30 16 17 0.2010327935472639 121.78 605.7718138974618 0.03
3 28 15 16 0.23594090386934613 123.47 523.3090065144971 0.03
3 26 14 15 0.2602762054911979 107.49 412.984351747187 0.03
3 24 13 14 0.47759161087990604 154.68 323.8750356502712 0.03
3 22 12 13 0.5359151425470099 150.41 280.6601046672351 0.03
3 20 11 12 0.7382934170742171 178.49 241.76024853010068 0.03
3 18 10 11 0.8964988865185921 159.03 177.39006973847697 0.03
3 16 9 10 1.4372614683423806 177.95 123.81184907519501 0.03
3 14 8 9 1.6209651142979364 150.0 92.5374634388521 0.03
3 12 7 8 2.8617517139640056 184.62 64.51293419311712 0.03
3 10 6 7 5.285088819399901 215.61 40.795908520697594 0.03
3 8 5 6 11.835002375515646 224.02 18.92859780606842 0.03
3 6 4 5 41.4914915633238 261.59 6.304666092824466 0.03
4 39 21 22 0.21656100439729817 211.1 974.783066727565 0.03
4 37 20 21 0.26453784740271824 225.94 854.0932884209989 0.03
4 35 19 20 0.2621009118380679 200.03 763.1793365281508 0.03
4 33 18 19 0.23727999817650341 159.59 672.5809222287972 0.03
4 31 17 18 0.24584279444275936 143.17 582.3640278923647 0.03
4 29 16 17 0.2573316866467569 132.11 513.3841141815909 0.03
4 27 15 16 0.2794320710148935 123.19 440.8584868321507 0.03
4 25 14 15 0.3803136027837418 129.89 341.5339316008097 0.03
4 23 13 14 0.6156817937577557 162.72 264.2923692884499 0.03
4 21 12 13 0.7067136149516967 157.37 222.67860229458876 0.03
4 19 11 12 1.0210112139078455 190.59 186.66788121800423 0.03
4 17 10 11 1.3467685228150754 178.33 132.4132521505973 0.03
4 15 9 10 2.3212977534875847 205.88 88.69176721972867 0.03
4 13 8 9 2.8216548889801967 170.79 60.528309350307175 0.03
4 11 7 8 5.262309314697078 204.93 38.94297878455225 0.03
4 9 6 7 11.385842453209378 224.67 19.73240020870579 0.03
4 7 5 6 41.926193261624604 261.82 6.244783502432739 0.03
5 38 21 22 0.2221885874878398 191.57 862.1954987246339 0.03
5 36 20 21 0.3003005857574092 224.33 747.0181899052963 0.03
5 34 19 20 0.29732631889057476 198.11 666.3049565851269 0.03
5 32 18 19 0.2731556590127315 156.77 573.9218457586235 0.03
5 30 17 18 0.3023532899354101 150.26 496.9682983509097 0.03
5 28 16 17 0.3035064798055297 130.86 431.16048159448826 0.03
5 26 15 16 0.3762064535853586 137.48 365.4376438516006 0.03
5 24 14 15 0.45551711305749826 125.89 276.3672239556659 0.03
5 22 13 14 0.8099304840053213 171.84 212.16635673497012 0.03
5 20 12 13 0.9695925791155245 166.52 171.74223853064325 0.03
5 18 11 12 1.5314721093487151 213.24 139.23857881465696 0.03
5 16 10 11 2.079224202541119 196.99 94.74206762274561 0.03
5 14 9 10 3.7732630164621295 221.18 58.617700127191725 0.03
5 12 8 9 5.15006187535387 184.97 35.9160733359714 0.03
5 10 7 8 11.163585675244624 215.0 19.259045100246322 0.03
5 8 6 7 41.32995851688736 263.13 6.366568209655606 0.03
6 39 22 23 0.23746754909596374 226.6 954.235645513097 0.03
6 37 21 22 0.2704642743547695 204.6 756.4769893846499 0.03
6 35 20 21 0.3813966049173007 249.22 653.4405308983783 0.03
6 33 19 20 0.3359217012506859 193.17 575.0447181018662 0.03
6 31 18 19 0.3248980806993872 159.31 490.33838444678906 0.03
6 29 17 18 0.3825509260883689 159.77 417.64374127562115 0.03
6 27 16 17 0.3907805520743507 140.52 359.58800726926756 0.03
6 25 15 16 0.5135436331083694 153.18 298.28039941384213 0.03
6 23 14 15 0.6138164321290223 136.2 221.8904429254041 0.03
6 21 13 14 1.1152310681896933 183.67 164.6923272126409 0.03
6 19 12 13 1.4287470158785993 184.0 128.78417099394628 0.03
6 17 11 12 2.4089729435296032 240.42 99.80186811386058 0.03
6 15 10 11 3.5011486117406116 224.2 64.03612781479103 0.03
6 13 9 10 7.071557684418452 245.81 34.76037543208061 0.03
6 11 8 9 11.436674412529939 210.35 18.39258445353153 0.03
6 9 7 8 33.904565704064076 212.46 6.266412667086097 0.03
7 42 24 25 0.168890999128669 158.29 937.2317104916131 0.03
7 40 23 24 0.28131810188574596 253.73 901.9327170885343 0.03
7 38 22 23 0.2751374553571846 231.98 843.1422021361744 0.03
7 36 21 22 0.3040634970861309 200.79 660.3554912845161 0.03
7 34 20 21 0.398650014281189 226.9 569.1709315729646 0.03
7 32 19 20 0.38376695776955194 187.5 488.5777584650521 0.03
7 30 18 19 0.3783974313148143 157.55 416.36117732766417 0.03
7 28 17 18 0.4625606017555488 161.1 348.2786890811274 0.03
7 26 16 17 0.5115528202839037 151.05 295.277425928704 0.03
7 24 15 16 0.6566610480197693 156.37 238.12894105954697 0.03
7 22 14 15 0.7864240319961268 137.8 175.22353640469458 0.03
7 20 13 14 1.5207611202853333 188.45 123.9182127201161 0.03
7 18 12 13 2.077158881607826 192.64 92.74206306784143 0.03
7 16 11 12 3.6651172135279855 248.48 67.79592180104302 0.03
7 14 10 11 5.5450983537111345 215.2 38.80905013271305 0.03
7 12 9 10 13.885382525665273 244.25 17.59044085019167 0.03
7 10 8 9 41.750016841730975 263.75 6.317362721070098 0.03
8 43 25 26 0.3741465676002739 363.25 970.8762058939548 0.03
8 41 24 25 0.24538076465549263 203.83 830.6682077797391 0.03
8 39 23 24 0.3107578228532001 247.3 795.7965393419006 0.03
8 37 22 23 0.31295259208185056 229.8 734.2965222665337 0.03
8 35 21 22 0.32020131929483053 183.44 572.8895821041095 0.03
8 33 20 21 0.43657394053891674 212.32 486.3322802499558 0.03
8 31 19 20 0.43402463225941357 179.06 412.55722991541427 0.03
8 29 18 19 0.47135370698252654 162.56 344.8790103734693 0.03
8 27 17 18 0.5803157962662653 165.74 285.60311655544496 0.03
8 25 16 17 0.6721568526493032 158.58 235.92707472215398 0.03
8 23 15 16 0.8394265944601995 156.32 186.22235825221014 0.03
8 21 14 15 1.0301856618753698 135.26 131.29672155771425 0.03
8 19 13 14 2.1847090750117597 193.58 88.60676335084021 0.03
8 17 12 13 3.197950096680691 198.73 62.142933439227704 0.03
8 15 11 12 5.985204980633952 248.03 41.44051887989452 0.03
8 13 10 11 11.422496416036362 219.05 19.177068831684604 0.03
8 11 9 10 56.06855274774444 344.02 6.135703226508543 0.03
9 44 26 27 0.31117796399328895 306.63 985.3846849085141 0.03
9 42 25 26 0.34268942538652064 294.82 860.3125108616101 0.03
9 40 24 25 0.2742613502291615 199.98 729.1585191748853 0.03
9 38 23 24 0.34783535205114124 241.22 693.4890274308119 0.03
9 36 22 23 0.34858663904740533 219.98 631.0626264998191 0.03
9 34 21 22 0.37152925328963865 182.26 490.56702368982184 0.03
9 32 20 21 0.4866458688360558 197.01 404.832369113093 0.03
9 30 19 20 0.5049487890553712 172.96 342.5297847006693 0.03
9 28 18 19 0.5832724700432752 163.36 280.07493648359525 0.03
9 26 17 18 0.7583416372144197 172.37 227.29860994202895 0.03
9 24 16 17 0.8510027007398344 154.21 181.20976568691825 0.03
9 22 15 16 1.105800142251312 155.28 140.42320494177505 0.03
9 20 14 15 1.453547943535961 134.95 92.8417948648567 0.03
9 18 13 14 3.4724549879492765 203.59 58.629989648975666 0.03
9 16 12 13 5.388034333480291 201.23 37.34757196137234 0.03
9 14 11 12 11.782651409011109 241.48 20.49453825098496 0.03
9 12 10 11 44.5616925481235 280.41 6.292624538378494 0.03
10 45 27 28 0.2642160655309007 263.07 995.6623927140923 0.03
10 43 26 27 0.3398177110109509 295.75 870.3195578598587 0.03
10 41 25 26 0.3678226792369474 276.87 752.7268317831032 0.03
10 39 24 25 0.31563451250085833 200.22 634.3412778710488 0.03
10 37 23 24 0.39605232385922096 235.41 594.3911594965866 0.03
10 35 22 23 0.418358544282195 225.05 537.9357086781458 0.03
10 33 21 22 0.42033532919177724 172.66 410.7672803330414 0.03
10 31 20 21 0.5692249997186517 190.15 334.0506831112207 0.03
10 29 19 20 0.6569333379341956 181.36 276.07062928227685 0.03
10 27 18 19 0.786811813763717 175.07 222.50555588705774 0.03
10 25 17 18 1.0784034912631915 188.37 174.67487960313647 0.03
10 23 16 17 1.2120156342154373 163.75 135.1055179300544 0.03
10 21 15 16 1.7333235194651853 171.2 98.76978998867074 0.03
10 19 14 15 2.659039206170009 161.9 60.886653955432024 0.03
10 17 13 14 7.165971954172497 247.77 34.57590981161071 0.03
10 15 12 13 12.95257745648562 240.21 18.545343643532657 0.03
10 13 11 12 59.95799964416353 387.92 6.469862275296257 0.03
11 46 28 29 0.22409480685477656 212.07 946.3405376342827 0.03
11 44 27 28 0.3047993818052196 270.0 885.828568289361 0.03
11 42 26 27 0.35925590327192974 276.05 768.3937758179325 0.03
11 40 25 26 0.42416970020500344 279.01 657.7791857012724 0.03
11 38 24 25 0.39127923587818514 215.13 549.8119508364999 0.03
11 36 23 24 0.4525797187767208 229.6 507.3139393444023 0.03
11 34 22 23 0.45460518355894053 207.73 456.9459555514887 0.03
11 32 21 22 0.4989241886999175 168.7 338.12752281983694 0.03
11 30 20 21 0.6720170343836329 183.99 273.7877026714862 0.03
11 28 19 20 0.8362551583601068 184.34 220.43511260545174 0.03
11 26 18 19 1.090311653077018 188.9 173.25321569011643 0.03
11 24 17 18 1.449568655847048 188.67 130.1559600084976 0.03
11 22 16 17 1.752018416409156 171.53 97.90422200672913 0.03
11 20 15 16 2.888858405006894 189.76 65.68684698118568 0.03
11 18 14 15 5.167713669616891 188.99 36.571298659821224 0.03
11 16 13 14 15.272258919189182 268.19 17.560598037204993 0.03
11 14 12 13 40.19683081731881 249.45 6.2057131104107945 0.03
12 47 29 30 0.26602046344294206 242.27 910.7194118243607 0.03
12 45 28 29 0.26412122664533133 223.57 846.4673696984432 0.03
12 43 27 28 0.33481480128542007 262.47 783.9259166330936 0.03
12 41 26 27 0.4131862751215762 278.18 673.2556639693518 0.03
12 39 25 26 0.47259416836261503 270.73 572.8593751759387 0.03
12 37 24 25 0.4531871228991312 213.55 471.2181551714814 0.03
12 35 23 24 0.5196348988719649 224.54 432.11108508577166 0.03
12 33 22 23 0.5131192101951644 195.81 381.6072290989142 0.03
12 31 21 22 0.5852608589995534 162.52 277.68814110995254 0.03
12 29 20 21 0.8855177717123874 193.81 218.86630194356923 0.03
12 27 19 20 1.126093075296465 194.97 173.1384414637933 0.03
12 25 18 19 1.5778508456098426 206.28 130.73479066411525 0.03
12 23 17 18 2.110118363567964 199.22 94.4117654438788 0.03
12 21 16 17 2.8779017793101627 189.23 65.75276521263304 0.03
12 19 15 16 5.901605337860468 234.88 39.79934044270605 0.03
12 17 14 15 11.967508891287373 222.46 18.588663858186568 0.03
12 15 13 14 50.19381139646867 310.01 6.176259410772907 0.03
13 48 30 31 0.12584211224537858 123.3 979.7991928137558 0.03
13 46 29 30 0.3059908287566132 248.0 810.4818076010395 0.03
13 44 28 29 0.27483648949575684 205.23 746.7349054579178 0.03
13 42 27 28 0.3596272014867846 246.53 685.5154420488388 0.03
13 40 26 27 0.46030234394779196 267.84 581.8784186560187 0.03
13 38 25 26 0.5388341834720966 264.21 490.33637453641995 0.03
13 36 24 25 0.5024041678701634 199.07 396.2347701929212 0.03
13 34 23 24 0.5883132126728498 212.33 360.9131928812771 0.03
13 32 22 23 0.5963260567659264 183.3 307.3821744333907 0.03
13 30 21 22 0.6974426216271374 154.83 221.9967567206902 0.03
13 28 20 21 1.1342663295181257 192.08 169.34294442258727 0.03
13 26 19 20 1.5981348265343107 207.0 129.52599277802915 0.03
13 24 18 19 2.22346931830364 205.04 92.21624886482893 0.03
13 22 17 18 3.2888426581556813 209.14 63.590758737385634 0.03
13 20 16 17 5.719932986947943 223.03 38.99171555137483 0.03
13 18 15 16 14.238682136050834 280.74 19.71671235564674 0.03
13 16 14 15 40.99659767781561 257.01 6.26905681344077 0.03
14 51 32 33 0.10954517513156319 102.21 933.0397242712544 0.03
14 49 31 32 0.13729676525122245 127.76 930.5390390387399 0.03
14 47 30 31 0.13613980644580134 118.57 870.9429159296177 0.03
14 45 29 30 0.33039121965975277 236.06 714.4862997361189 0.03
14 43 28 29 0.326156540136384 212.06 650.1785918851299 0.03
14 41 27 28 0.41397096312217735 244.18 589.8481336912848 0.03
14 39 26 27 0.5211532743531287 258.87 496.7252682453493 0.03
14 37 25 26 0.6221319080500968 255.51 410.7006837196738 0.03
14 35 24 25 0.6952083874069889 228.69 328.9517274855896 0.03
14 33 23 24 0.677194369741243 198.04 292.4418879555531 0.03
14 31 22 23 0.7171303908336161 174.78 243.72136815569894 0.03
14 29 21 22 0.9413675478659508 160.03 169.9973622022373 0.03
14 27 20 21 1.5851686833742094 200.17 126.27678183366308 0.03
14 25 19 20 2.441999003075569 223.03 91.33091361589642 0.03
14 23 18 19 3.536093365279566 216.07 61.10415582392784 0.03
14 21 17 18 6.390873815600989 238.47 37.3141462154772 0.03
14 19 16 17 16.600617838772575 315.2 18.987245117095316 0.03
14 17 15 16 57.889898615218634 368.46 6.364840996683587 0.03
15 50 32 33 0.12834632120748923 106.91 832.9806339144344 0.03
15 48 31 32 0.13846369555507498 115.19 831.9148173694548 0.03
15 46 30 31 0.15707838909018715 121.0 770.3160231069559 0.03
15 44 29 30 0.3550940436359159 222.23 625.8342092267148 0.03
15 42 28 29 0.3401032502720215 191.78 563.8875836870435 0.03
15 40 27 28 0.4645095379686028 234.5 504.83355202030396 0.03
15 38 26 27 0.5887696687279487 247.48 420.33415297137606 0.03
15 36 25 26 0.7089373634191938 241.42 340.53784220884495 0.03
15 34 24 25 0.6730276937922545 181.92 270.3009128420112 0.03
15 32 23 24 0.796845187941973 183.64 230.45881782167808 0.03
15 30 22 23 0.860722157789977 163.37 189.8057329202202 0.03
15 28 21 22 1.2388760119853428 157.38 127.03450424210972 0.03
15 26 20 21 2.3171560713567403 208.85 90.13203839899927 0.03
15 24 19 20 3.6440522103017297 218.97 60.08969887450355 0.03
15 22 18 19 6.2702623049034285 232.96 37.153150645360114 0.03
15 20 17 18 16.196894744370823 298.1 18.404762437787877 0.03
15 18 16 17 65.16316681579809 406.87 6.243864745710285 0.03
16 51 33 34 0.10043972928748975 93.23 928.2183520541632 0.03
16 49 32 33 0.14994318060123693 111.84 745.8825373154543 0.03
16 47 31 32 0.15542764991910904 115.04 740.1514470550868 0.03
16 45 30 31 0.17065146625931416 115.94 679.3964478677428 0.03
16 43 29 30 0.39866725340216547 217.17 544.740000957451 0.03
16 41 28 29 0.40364221026243924 195.6 484.5875753995728 0.03
16 39 27 28 0.5210973101791879 224.1 430.0540333300502 0.03
16 37 26 27 0.6895445395819242 241.78 350.63724838803444 0.03
16 35 25 26 0.7441866062791441 209.25 281.1794760002848 0.03
16 33 24 25 0.7887533143334495 171.24 217.10209882884553 0.03
16 31 23 24 0.9592587037158501 173.01 180.35801951008276 0.03
16 29 22 23 1.2068862556619488 171.85 142.3912147427218 0.03
16 27 21 22 1.7919950232453414 164.79 91.9589607461977 0.03
16 25 20 21 3.7284063313341207 225.78 60.55670437594446 0.03
16 23 19 20 6.643447999580325 244.45 36.79565189874929 0.03
16 21 18 19 15.536418154689066 291.15 18.739840618419993 0.03
17 50 33 34 0.11377627618237918 93.94 825.6554279331276 0.03
17 48 32 33 0.15458554616936454 102.71 664.4217557537398 0.03
17 46 31 32 0.17263837807945123 112.5 651.6511638462307 0.03
17 44 30 31 0.18847897271835615 111.54 591.7901524573464 0.03
17 42 29 30 0.43769946625477374 205.4 469.27176255783206 0.03
17 40 28 29 0.46077820545609594 189.5 411.2607709221525 0.03
17 38 27 28 0.6086860127407355 219.24 360.18570397704104 0.03
17 36 26 27 0.8119434590387068 232.9 286.8426334461021 0.03
17 34 25 26 0.9668937074977075 219.86 227.3879727369322 0.03
17 32 24 25 0.9726163440913673 162.56 167.13681708882444 0.03
17 30 23 24 1.2320004192540464 168.09 136.43664188180668 0.03
17 28 22 23 1.7191129457356813 175.47 102.07008238479 0.03
17 26 21 22 2.9847514983643735 184.33 61.75723510014545 0.03
17 24 20 21 6.601058057496447 237.96 36.04876641400879 0.03
17 22 19 20 17.291366493992225 328.46 18.9956068604596 0.03
17 20 18 19 68.94369650688711 432.63 6.275120452190761 0.03
18 53 35 36 0.22143815349056753 218.16 985.1960764714958 0.03
18 51 34 35 0.16187448129977577 145.33 897.794382617128 0.03
18 49 33 34 0.14373861399125004 105.23 732.0927694934207 0.03
18 47 32 33 0.1858013284293966 108.64 584.7105664870559 0.03
18 45 31 32 0.19584668055422996 111.18 567.6889681528927 0.03
18 43 30 31 0.22440786257091638 113.95 507.7807822530729 0.03
18 41 29 30 0.5142205951049752 203.96 396.63911158276875 0.03
18 39 28 29 0.5395683042108014 185.5 343.7933595290058 0.03
18 37 27 28 0.7444324215091882 218.61 293.65996655117715 0.03
18 35 26 27 1.0238020841006137 236.13 230.64028064314275 0.03
18 33 25 26 1.216463226066059 214.87 176.6350148494597 0.03
18 31 24 25 1.2861714068880976 161.35 125.4498421718048 0.03
18 29 23 24 1.890229069235731 182.87 96.74488821290804 0.03
18 27 22 23 2.8123724420027107 192.62 68.49021741332166 0.03
18 25 21 22 5.723577310940214 211.5 36.952414287430464 0.03
18 23 20 21 15.41809421946707 281.39 18.250634351728998 0.03
18 21 19 20 70.25934057160931 445.05 6.334389084486194 0.03
19 54 36 37 0.18893810553950408 171.56 908.0222304024819 0.03
19 52 35 36 0.2435135079102905 213.48 876.6659469200586 0.03
19 50 34 35 0.19110674561139215 151.1 790.657595662561 0.03
19 48 33 34 0.1647477614812367 106.32 645.350195013781 0.03
19 46 32 33 0.2115145222910523 107.58 508.6175589020109 0.03
19 44 31 32 0.23003892737792414 112.19 487.70006571838326 0.03
19 42 30 31 0.25432250001623163 109.5 430.5556920563905 0.03
19 40 29 30 0.6163026999869683 203.64 330.4220474846304 0.03
19 38 28 29 0.6633733088951157 186.9 281.74181489347546 0.03
19 36 27 28 0.9350907206283295 218.72 233.90243874202088 0.03
19 34 26 27 1.2962809903458707 234.26 180.7169909492349 0.03
19 32 25 26 1.6685498893973574 217.32 130.24483198311265 0.03
19 30 24 25 1.8069281457916744 162.49 89.92609937392271 0.03
19 28 23 24 2.952087623384785 189.73 64.26977251524148 0.03
19 26 22 23 5.2559892777740895 215.85 41.0674353756316 0.03
19 24 21 22 12.405125919146895 223.76 18.037704853493985 0.03
19 22 20 21 57.14164073440165 358.91 6.281058705826087 0.03
20 55 37 38 0.24344600268720404 221.13 908.332844076815 0.03
20 53 36 37 0.197552334398014 159.74 808.5958613790284 0.03
20 51 35 36 0.30808642804951025 237.88 772.1209970397401 0.03
20 49 34 35 0.25985010706026307 180.5 694.6312319899848 0.03
20 47 33 34 0.19478042324956232 109.48 562.0688063693589 0.03
20 45 32 33 0.24688825407764184 108.1 437.8499106968634 0.03
20 43 31 32 0.2750069593167699 113.47 412.6077401164903 0.03
20 41 30 31 0.31376038917266874 112.29 357.88456374652355 0.03
20 39 29 30 0.7606072766578995 206.05 270.90195732202505 0.03
20 37 28 29 0.853553632164111 191.35 224.1804062327621 0.03
20 35 27 28 1.2282586113451703 224.36 182.66511460016088 0.03
20 33 26 27 1.735623740777946 234.48 135.0984055420334 0.03
20 31 25 26 2.3988378783528463 222.93 92.93249952892778 0.03
20 29 24 25 3.0587012223890357 181.17 59.231022197877486 0.03
20 27 23 24 5.22323871920163 202.08 38.68863953261701 0.03
20 25 22 23 11.880017917132852 242.32 20.397275634621433 0.03
20 23 21 22 48.89821117460384 297.25 6.078954482375464 0.03
21 56 38 39 0.21374022559107025 205.96 963.5996192595237 0.03
21 54 37 38 0.2667235284911872 215.41 807.6152907039746 0.03
21 52 36 37 0.2264967577360589 161.55 713.2552430982583 0.03
21 50 35 36 0.40489123248441733 272.58 673.2178376089942 0.03
21 48 34 35 0.27368619034919567 165.81 605.839848143026 0.03
21 46 33 34 0.22674535014770597 109.49 482.87649527840927 0.03
21 44 32 33 0.2911354501822319 107.94 370.7552616228513 0.03
21 42 31 32 0.3321834115637411 114.27 343.9967079092788 0.03
21 40 30 31 0.3939499011461837 115.09 292.14374636254405 0.03
21 38 29 30 0.9734034529042558 210.9 216.6624736852502 0.03
21 36 28 29 1.1144143555527795 192.93 173.12232118932238 0.03
21 34 27 28 1.6432847682872604 226.41 137.77891961840515 0.03
21 32 26 27 2.5369107804639675 239.3 94.32732197079284 0.03
21 30 25 26 3.663949591153364 226.9 61.92770788873621 0.03
21 28 24 25 5.083670613275371 178.54 35.12029271404113 0.03
21 26 23 24 11.4951502503279 220.2 19.15590446446916 0.03
21 24 22 23 42.79017769481235 278.15 6.500323555181716 0.03
22 57 39 40 0.20077312474529338 195.91 975.7780093751945 0.03
22 55 38 39 0.23769312179100832 203.94 857.9970613508717 0.03
22 53 37 38 0.295164404730865 210.67 713.7378241529218 0.03
22 51 36 37 0.30103846569801834 187.45 622.6779011956476 0.03
22 49 35 36 0.5538697313472825 324.46 585.8056175244571 0.03
22 47 34 35 0.34021705827456006 177.55 521.8727153202136 0.03
22 45 33 34 0.26919299015747417 110.48 410.4118756412295 0.03
22 43 32 33 0.3682869887189996 113.75 308.86239124453687 0.03
22 41 31 32 0.40813994648276825 114.54 280.63903322150287 0.03
22 39 30 31 0.48868849068372383 114.47 234.23919773482916 0.03
22 37 29 30 1.25500627562525 210.22 167.50513848647284 0.03
22 35 28 29 1.487005370835737 193.97 130.44337552794693 0.03
22 33 27 28 2.1814713076845713 213.85 98.03016855948559 0.03
22 31 26 27 3.69395355914626 231.84 62.76202347643549 0.03
22 29 25 26 6.37857779842983 232.98 36.52538345732039 0.03
22 27 24 25 10.395451452383305 182.33 17.53940180810505 0.03
22 25 23 24 45.508070660974745 285.87 6.281742905113897 0.03
23 58 40 41 0.25848970718076925 246.52 953.6936796775492 0.03
23 56 39 40 0.22385797322638148 194.87 870.507300639827 0.03
23 54 38 39 0.2617672593028101 199.52 762.2038009314107 0.03
23 52 37 38 0.33215081864627305 208.83 628.720413368589 0.03
23 50 36 37 0.3604888743391304 195.27 541.6810722882379 0.03
23 48 35 36 0.5890959798272383 300.29 509.74715544326887 0.03
23 46 34 35 0.38337708570974527 171.25 446.68814695318895 0.03
23 44 33 34 0.3270135383520612 113.06 345.73492146456687 0.03
23 42 32 33 0.437043529918324 111.76 255.7182347966255 0.03
23 40 31 32 0.5161161428581281 117.07 226.8287896435369 0.03
23 38 30 31 0.6243398000020763 115.39 184.8192282465674 0.03
23 36 29 30 1.622667014313656 205.61 126.71114787340855 0.03
23 34 28 29 1.9353890210947118 185.13 95.65518765590865 0.03
23 32 27 28 3.1979255248670446 208.16 65.09219754536164 0.03
23 30 26 27 5.875430129849854 227.29 38.68482731932485 0.03
23 28 25 26 12.224403977512408 228.21 18.668394828885504 0.03
23 26 24 25 45.96101374525087 279.66 6.084722185417356 0.03
24 59 41 42 0.19899908244656303 186.89 939.1500588963033 0.03
24 57 40 41 0.311458031576776 263.87 847.2088475745559 0.03
24 55 39 40 0.25846010916139883 199.32 771.1828360930234 0.03
24 53 38 39 0.3013149813890272 201.77 669.6314901763718 0.03
24 51 37 38 0.518850377711639 282.73 544.9162458876201 0.03
24 49 36 37 0.6085526367994865 284.58 467.6341581505085 0.03
24 47 35 36 0.754056864736224 328.0 434.9804574947241 0.03
24 45 34 35 0.46837562424827367 175.79 375.31842158126125 0.03
24 43 33 34 0.4154363022092673 117.92 283.8461621502694 0.03
24 41 32 33 0.5534085626974007 113.34 204.80348089946955 0.03
24 39 31 32 0.6623385135740743 117.75 177.77918328288658 0.03
24 37 30 31 0.8442559987709213 116.9 138.46511031036147 0.03
24 35 29 30 2.2201964496904174 203.4 91.61351466369652 0.03
24 33 28 29 2.729558645445093 174.58 63.95905810315803 0.03
24 31 27 28 5.092386313007715 200.25 39.32341100840922 0.03
24 29 26 27 13.103692756390743 250.89 19.146511190720613 0.03
24 27 25 26 54.25139312579679 346.13 6.380112658073172 0.03
25 60 42 43 0.27083291947894056 266.33 983.3738103639549 0.03
25 58 41 42 0.22017136049505026 183.8 834.804306912261 0.03
25 56 40 41 0.29590698049621755 220.18 744.0851839006024 0.03
25 54 39 40 0.2696418419968007 181.63 673.5972379322162 0.03
25 52 38 39 0.33179298093827053 192.08 578.9152002457103 0.03
25 50 37 38 0.5001650913779745 232.14 464.12675334946937 0.03
25 48 36 37 0.5184831924754252 206.23 397.75638437840934 0.03
25 46 35 36 0.9005190057562222 326.53 362.60200830052696 0.03
25 44 34 35 0.4833244082504736 148.2 306.6263517219229 0.03
25 42 33 34 0.5020827865932268 113.84 226.73551661158606 0.03
25 40 32 33 0.7153702213426733 113.41 158.53329732839813 0.03
25 38 31 32 0.8814601025411068 117.28 133.05196646098983 0.03
25 36 30 31 1.1363178050397071 111.13 97.7983443602881 0.03
25 34 29 30 3.0857340641622444 189.53 61.421365567825134 0.03
25 32 28 29 4.462071286304058 165.05 36.9895479945842 0.03
25 30 27 28 9.964511015990215 195.07 19.576474920542307 0.03
25 28 26 27 52.14017891166175 325.07 6.2345394048368785 0.03
26 61 43 44 0.2551659327912966 244.74 959.1405769679131 0.03
26 59 42 43 0.3403088353600548 298.41 876.8799660586984 0.03
26 57 41 42 0.22747399387244946 166.99 734.105895611239 0.03
26 55 40 41 0.34467671020966 224.74 652.0312900262252 0.03
26 53 39 40 0.29287342411878614 171.21 584.5870123420934 0.03
26 51 38 39 0.3771641763185019 186.57 494.6652193246693 0.03
26 49 37 38 0.6066917993027483 239.33 394.4836575590018 0.03
26 47 36 37 0.6298370298447955 209.96 333.3560747480001 0.03
26 45 35 36 1.0081082398535481 300.68 298.2616232198251 0.03
26 43 34 35 0.7656248679526109 187.79 245.2767769967778 0.03
26 41 33 34 0.6757462845690845 118.82 175.83522501462235 0.03
26 39 32 33 0.9828403666062372 117.36 119.40901491993647 0.03
26 37 31 32 1.2915090899468857 121.98 94.44765116211185 0.03
26 35 30 31 1.8071311865025323 118.83 65.75615588261748 0.03
26 33 29 30 5.116611324881946 187.85 36.713752144215135 0.03
26 31 28 29 9.697789467181932 179.49 18.50834157695504 0.03
26 29 27 28 48.28461799981202 308.03 6.379464366917 0.03
27 62 44 45 0.24573459875063808 242.63 987.3660495248839 0.03
27 60 43 44 0.24377249004452783 208.59 855.6748957271539 0.03
27 58 42 43 0.291519699628404 226.25 776.1053551042953 0.03
27 56 41 42 0.2693123660906137 172.71 641.2999243484031 0.03
27 54 40 41 0.3840736335243363 217.41 566.0633301093919 0.03
27 52 39 40 0.34181755245859824 171.49 501.7003918216613 0.03
27 50 38 39 0.5480835915410812 228.8 417.45456994373546 0.03
27 48 37 38 0.86394487105855 287.0 332.19712230984453 0.03
27 46 36 37 0.7993510897941795 219.29 274.33502349570045 0.03
27 44 35 36 1.2495266191847008 299.51 239.69877504124418 0.03
27 42 34 35 0.9631860128019077 184.74 191.80095801286754 0.03
27 40 33 34 0.9653359100237687 127.67 132.25448123737206 0.03
27 38 32 33 1.462556071428071 125.66 85.91807347071685 0.03
27 36 31 32 2.023215209177809 127.15 62.84551412188674 0.03
27 34 30 31 3.2699420247678628 131.8 40.30652500921837 0.03
27 32 29 30 11.844084135706668 211.1 17.823243872744143 0.03
27 30 28 29 36.30862421090292 228.33 6.288588591892612 0.03
28 61 44 45 0.2687432954218867 237.44 883.5197158212069 0.03
28 59 43 44 0.2070096135529129 157.09 758.8536459918895 0.03
28 57 42 43 0.2761793767837327 187.22 677.8927600615378 0.03
28 55 41 42 0.3205035613573449 178.78 557.8097143222366 0.03
28 53 40 41 0.44883901685591915 218.59 487.01202834638843 0.03
28 51 39 40 0.4681042635514065 198.53 424.11491511270486 0.03
28 49 38 39 0.7380361429093825 258.71 350.5383882422746 0.03
28 47 37 38 1.0646873737009592 292.12 274.37162045470853 0.03
28 45 36 37 0.9957220267933138 220.66 221.60803322853812 0.03
28 43 35 36 1.648835092472574 308.73 187.24128410988152 0.03
28 41 34 35 1.3093783314649055 188.67 144.09128016416759 0.03
28 39 33 34 1.377913091099791 131.6 95.5067491919701 0.03
28 37 32 33 2.3538813777364127 134.71 57.22888216633184 0.03
28 35 31 32 3.6386767381248353 139.91 38.45079133688077 0.03
28 33 30 31 7.161425221183027 145.96 20.38141787311552 0.03
28 31 29 30 35.378524927316626 214.98 6.076567647793836 0.03
29 62 45 46 0.19535337243376144 177.22 907.1765580094609 0.03
29 60 44 45 0.2571580454284199 200.78 780.7649947933953 0.03
29 58 43 44 0.29189772872438646 193.98 664.5478224435188 0.03
29 56 42 43 0.2773139815925478 162.22 584.9687025097306 0.03
29 54 41 42 0.36895911432640366 176.25 477.69520566465405 0.03
29 52 40 41 0.5175289032861494 212.93 411.43595777542083 0.03
29 50 39 40 0.619051641730352 217.47 351.2954095269585 0.03
29 48 38 39 0.9234387561128442 267.01 289.14749162571576 0.03
29 46 37 38 1.2862753922610797 283.12 220.10838557854817 0.03
29 44 36 37 1.2775218077940882 220.46 172.5684827100297 0.03
29 42 35 36 2.055854136800891 289.26 140.70064350485325 0.03
29 40 34 35 1.9127624317010674 196.57 102.76759765988575 0.03
29 38 33 34 2.1698418009211062 138.55 63.85258129933021 0.03
29 36 32 33 4.099622021870205 139.25 33.966546002813104 0.03
29 34 31 32 8.027267740189233 157.68 19.643047311174264 0.03
29 32 30 31 30.71427737134373 199.55 6.496978508964667 0.03
30 63 46 47 0.22885724685773093 204.81 894.9246869482796 0.03
30 61 45 46 0.21707004546803912 174.0 801.5845743470826 0.03
30 59 44 45 0.31333453015664686 213.94 682.7846260450258 0.03
30 57 43 44 0.39109789622487595 223.4 571.2124819805936 0.03
30 55 42 43 0.32306627891117234 161.53 499.9902823173104 0.03
30 53 41 42 0.41149579079873366 165.8 402.9202818288226 0.03
30 51 40 41 0.7440684012858466 252.87 339.84778759991406 0.03
30 49 39 40 0.8788254070097554 252.58 287.4063471371581 0.03
30 47 38 39 1.164544478109797 269.67 231.56693889245736 0.03
30 45 37 38 1.6303564882802506 279.27 171.29382561882673 0.03
30 43 36 37 1.7690220880961003 227.46 128.57951380629876 0.03
30 41 35 36 2.8407383402837656 282.32 99.38261331446621 0.03
30 39 34 35 2.9214658792603787 199.61 68.3252888274481 0.03
30 37 33 34 3.949066968446874 148.15 37.51519059659447 0.03
30 35 32 33 9.61915563347065 163.17 16.963027340179053 0.03
30 33 31 32 28.07040926322342 181.17 6.454127487102966 0.03
31 64 47 48 0.25887246480505893 237.03 915.6246114413631 0.03
31 62 46 47 0.2598830876822368 205.89 792.2408565952741 0.03
31 60 45 46 0.25761029668482577 181.4 704.1644000042999 0.03
31 58 44 45 0.34130823736527477 202.67 593.8034240383673 0.03
31 56 43 44 0.45249527753628194 221.14 488.71228270944454 0.03
31 54 42 43 0.3533214611652332 149.8 423.9765099633872 0.03
31 52 41 42 0.4713510640366985 158.54 336.3522692454479 0.03
31 50 40 41 0.9409830127680919 260.92 277.28449553244434 0.03
31 48 39 40 1.0433205814880921 243.13 233.03479708338807 0.03
31 46 38 39 1.4153385604487643 257.06 181.62438810293804 0.03
31 44 37 38 2.066154660274358 267.53 129.48207854124314 0.03
31 42 36 37 2.278689329117155 211.41 92.77701760332013 0.03
31 40 35 36 4.326082463339962 288.86 66.77172764223846 0.03
31 38 34 35 4.930580065768186 205.29 41.63607471365861 0.03
31 36 33 34 8.266076394603608 155.38 18.797309942772564 0.03
31 34 32 33 37.8675853672347 227.02 5.995101028977445 0.03
32 67 49 50 0.37143901442125427 370.4 997.2027321285212 0.03
32 65 48 49 0.2622230334675107 247.76 944.8445345313165 0.03
32 63 47 48 0.29847440500084027 241.4 808.7795668754928 0.03
32 61 46 47 0.2883488449957942 200.54 695.4770358207088 0.03
32 59 45 46 0.2855999195609443 174.53 611.0996118917217 0.03
32 57 44 45 0.3774246761264302 190.81 505.5578293351498 0.03
32 55 43 44 0.5101349542025541 210.8 413.2239876201461 0.03
32 53 42 43 0.39460237151915023 139.29 352.9882485595761 0.03
32 51 41 42 0.655447706794884 179.13 273.294113539491 0.03
32 49 40 41 1.3963930342650432 310.72 222.51614865977885 0.03
32 47 39 40 1.3222269209576376 240.8 182.116999875935 0.03
32 45 38 39 1.799946843283345 246.42 136.9040429830121 0.03
32 43 37 38 2.9403851361421953 271.28 92.26002290159892 0.03
32 41 36 37 3.3812088988697577 207.52 61.37449835452878 0.03
32 39 35 36 7.2071727847681215 289.62 40.184966927959955 0.03
32 37 34 35 11.307306001441422 231.43 20.467297866573876 0.03
32 35 33 34 36.83135421850319 234.63 6.370387540139034 0.03
33 70 51 52 0.31790160708031845 316.94 996.9751424374665 0.03
33 68 50 51 0.31235750569369597 279.49 894.7760015540447 0.03
33 66 49 50 0.43285708784326615 382.71 884.1486272221468 0.03
33 64 48 49 0.2689724591654217 223.76 831.9067338503404 0.03
33 62 47 48 0.3276120774378904 230.17 702.5687264036725 0.03
33 60 46 47 0.3294712077789675 197.15 598.3830918914837 0.03
33 58 45 46 0.32282969336863754 167.66 519.3450399512969 0.03
33 56 44 45 0.42911322374135547 180.83 421.40393256441297 0.03
33 54 43 44 0.5779490001010595 196.68 340.3068436239335 0.03
33 52 42 43 0.4701580533092143 133.95 284.90419138243186 0.03
33 50 41 42 0.9158812925723924 196.25 214.27449342130564 0.03
33 48 40 41 1.697365679752887 292.52 172.33764267142885 0.03
33 46 39 40 1.7331120397542439 233.77 134.88452831540465 0.03
33 44 38 39 2.6005122614293024 250.11 96.17720466448934 0.03
33 42 37 38 4.236697204532794 255.67 60.34653591162039 0.03
33 40 36 37 6.682899953217851 238.84 35.73897584461029 0.03
33 38 35 36 16.102557738456053 313.81 19.48820833913611 0.03
33 36 34 35 43.361256204085535 277.04 6.389113790801501 0.03
34 69 51 52 0.34393732316196984 308.0 895.5119995946299 0.03
34 67 50 51 0.3338446078935888 266.21 797.4069183853736 0.03
34 65 49 50 0.4839478483526561 378.63 782.3776906723423 0.03
34 63 48 49 0.2962435792362672 215.79 728.4208506942797 0.03
34 61 47 48 0.36092636363475766 220.44 610.7617015837503 0.03
34 59 46 47 0.3606893595376648 185.2 513.4612239113213 0.03
34 57 45 46 0.3626593343975231 158.18 436.1669065068475 0.03
34 55 44 45 0.49913951995298605 175.11 350.8237536801206 0.03
34 53 43 44 0.6450978597828821 179.41 278.11284331401015 0.03
34 51 42 43 0.7269262761134689 164.41 226.1714913911525 0.03
34 49 41 42 1.3822570085945043 231.16 167.2337333525596 0.03
34 47 40 41 2.3023717334450864 299.23 129.96598058136163 0.03
34 45 39 40 2.4190499356442188 234.5 96.93888354460536 0.03
34 43 38 39 4.3885273727752585 280.71 63.96450931157846 0.03
34 41 37 38 7.395264298759819 265.2 35.860787293900216 0.03
34 39 36 37 15.032749740219812 269.36 17.918212213653295 0.03
34 37 35 36 58.064482802101935 368.23 6.3417425288195295 0.03
35 70 52 53 0.0993666883127666 92.33 929.1846348887273 0.03
35 68 51 52 0.37565300096512183 301.17 801.7239293343557 0.03
35 66 50 51 0.3696347426952499 262.24 709.4571199877906 0.03
35 64 49 50 0.5454954355142476 377.03 691.169853042982 0.03
35 62 48 49 0.3105950171581077 197.05 634.4274348087565 0.03
35 60 47 48 0.42294973513956796 222.72 526.5873967896097 0.03
35 58 46 47 0.4137287763414376 180.75 436.88041619525296 0.03
35 56 45 46 0.4394687128630226 159.67 363.32506803451855 0.03
35 54 44 45 0.5974109717192547 172.23 288.2940022081435 0.03
35 52 43 44 0.8627720699936924 192.73 223.38460724790153 0.03
35 50 42 43 1.0560342658821995 185.49 175.64770954192826 0.03
35 48 41 42 1.9450392127191634 248.72 127.87402864350977 0.03
35 46 40 41 3.308902856673139 311.44 94.12183236866925 0.03
35 44 39 40 4.072929033960646 266.87 65.52287009540333 0.03
35 42 38 39 7.841138563453804 306.33 39.06703057483914 0.03
35 40 37 38 18.496857284759503 336.77 18.206876704264882 0.03
35 38 36 37 57.96107212490297 358.34 6.182425322081633 0.03
36 71 53 54 0.07595329541242536 71.8 945.3177720614618 0.03
36 69 52 53 0.11664345258612284 96.96 831.2511148314157 0.03
36 67 51 52 0.4332913164253677 308.12 711.1151050567433 0.03
36 65 50 51 0.4324184687784798 269.99 624.3720365660678 0.03
36 63 49 50 0.6775922817315068 407.38 601.2170017034266 0.03
36 61 48 49 0.35960446313442596 196.81 547.295765699185 0.03
36 59 47 48 0.5399174567520887 241.68 447.6239784018894 0.03
36 57 46 47 0.50622472562351 183.48 362.44772472148657 0.03
36 55 45 46 0.5856430960903812 174.59 298.1167218832131 0.03
36 53 44 45 0.7974077383263791 184.47 231.3371078981132 0.03
36 51 43 44 1.5429092961040227 266.97 173.03026216390165 0.03
36 49 42 43 1.90468285028488 253.22 132.94601773840003 0.03
36 47 41 42 3.057918485507106 282.79 92.47793927152506 0.03
36 45 40 41 5.612286861025786 357.33 63.66923303251983 0.03
36 43 39 40 8.617940509821354 340.86 39.55237328588451 0.03
36 41 38 39 19.086036572617843 373.07 19.54675076622415 0.03
36 39 37 38 63.22630552128492 395.25 6.251353716483409 0.03
37 70 53 54 0.08150717678148237 68.24 837.2268884119104 0.03
37 68 52 53 0.1335642635620974 98.0 733.7291981132163 0.03
37 66 51 52 0.5014415378977451 312.36 622.9240627123655 0.03
37 64 50 51 0.49366902810232294 267.64 542.1446045112763 0.03
37 62 49 50 0.8470018479597655 434.89 513.4463414071066 0.03
37 60 48 49 0.3977469656280967 183.57 461.52457683773383 0.03
37 58 47 48 0.6335677267749154 235.28 371.35729939663867 0.03
37 56 46 47 0.6507431255260985 190.74 293.1110487656627 0.03
37 54 45 46 0.7434985515519468 175.98 236.6917859256981 0.03
37 52 44 45 1.1169791220744894 199.11 178.2575842869888 0.03
37 50 43 44 2.46371495472918 314.17 127.5188103221684 0.03
37 48 42 43 2.698052927135193 257.24 95.34282942074779 0.03
37 46 41 42 4.755476080841376 291.41 61.27882782840987 0.03
37 44 40 41 10.514444738333156 397.31 37.78706435647548 0.03
37 42 39 40 18.737290538254875 366.86 19.579138149723544 0.03
38 71 54 55 0.20871871906645992 172.12 824.6505189848056 0.03
38 69 53 54 0.10005282717001796 74.02 739.8091797468066 0.03
38 67 52 53 0.15576642148685646 99.99 641.9226881220811 0.03
38 65 51 52 0.6093818997264135 329.01 539.9077329794525 0.03
38 63 50 51 0.5603341003469092 259.69 463.45564162385074 0.03
38 61 49 50 0.9369474275230771 406.99 434.37869409164455 0.03
38 59 48 49 0.5567424171737537 213.55 383.5705586868428 0.03
38 57 47 48 0.7937796638746679 238.07 299.9195001266618 0.03
38 55 46 47 0.8632390431827495 201.28 233.16832294550028 0.03
38 53 45 46 0.983729408631375 179.96 182.9364847904379 0.03
38 51 44 45 2.0164485478333836 265.44 131.63737814446478 0.03
38 49 43 44 4.35478886701828 395.82 90.89304030278225 0.03
38 47 42 43 4.3594441337886005 276.85 63.505802919741036 0.03
38 45 41 42 8.442911736472908 310.06 36.72429721852451 0.03
38 41 39 40 61.05322059153364 387.24 6.342662946329473 0.03
39 70 54 55 0.23836150330955674 173.34 727.2147456415635 0.03
39 68 53 54 0.12316957647914462 80.05 649.9169867126584 0.03
39 66 52 53 0.18326103705472788 102.48 559.2023358974884 0.03
39 64 51 52 0.6839821884028924 318.59 465.7869830556727 0.03
39 62 50 51 0.6873654355976537 269.81 392.52773856079097 0.03
39 60 49 50 1.152944807136371 418.06 362.60191937405693 0.03
39 58 48 49 0.7084504227586512 222.56 314.1504230223599 0.03
39 56 47 48 1.0306591360823978 245.76 238.4493489614323 0.03
39 54 46 47 1.1401485241044325 206.52 181.13429578152375 0.03
39 52 45 46 1.4623949645973648 200.15 136.86453033917994 0.03
39 50 44 45 3.3963191690721457 315.72 92.95946119405876 0.03
39 48 43 44 6.932123042900893 426.17 61.47755851454999 0.03
39 46 42 43 7.910048612893477 302.87 38.28927163687947 0.03
39 44 41 42 20.060103849692105 369.65 18.427122948601962 0.03
40 71 55 56 0.3672039268909873 270.45 736.5117314779945 0.03
40 69 54 55 0.2749248894049667 175.9 639.8111148856291 0.03
40 67 53 54 0.13053493221224502 73.83 565.5957278926312 0.03
40 65 52 53 0.21078925102761312 101.52 481.6184862609574 0.03
40 63 51 52 0.8041175608666932 317.68 395.0666114760614 0.03
40 61 50 51 0.8320460695428215 273.7 328.9481316225531 0.03
40 59 49 50 1.4035942356917381 417.87 297.7142463071314 0.03
40 57 48 49 0.8925507868787023 222.71 249.5208152567192 0.03
40 55 47 48 1.3506158974558482 250.84 185.72267694501946 0.03
40 53 46 47 1.5262312033509564 207.63 136.04098746253686 0.03
40 51 45 46 2.684630076333331 260.19 96.91838078316087 0.03
40 49 44 45 6.432322275756545 401.6 62.434682651650164 0.03
40 47 43 44 11.976846034922152 446.58 37.28694505196607 0.03
40 45 42 43 17.22395480752477 335.68 19.48913613343602 0.03
41 70 55 56 0.4049221938333223 260.22 642.6419790344071 0.03
41 68 54 55 0.30514406721911425 169.53 555.5736395106312 0.03
41 66 53 54 0.16899805790109898 82.18 486.277777512055 0.03
41 64 52 53 0.2529684415158881 103.54 409.3000667575248 0.03
41 62 51 52 0.9971571320424619 327.7 328.6342638183583 0.03
41 60 50 51 1.065217006839572 286.33 268.7996888535624 0.03
41 58 49 50 1.8524631270202951 440.18 237.61876475675595 0.03
41 56 48 49 1.1721626823969888 225.08 192.021127596152 0.03
41 54 47 48 1.87582798042256 259.78 138.4881783997488 0.03
41 52 46 47 2.40708828353911 231.98 96.37369829199737 0.03
41 50 45 46 4.950853868839466 313.19 63.25979483482819 0.03
41 48 44 45 11.138098282859335 420.41 37.74522268733956 0.03
42 71 56 57 0.42727325066532246 257.31 602.2141559279299 0.03
42 69 55 56 0.48963910050470294 273.22 558.0028223203057 0.03
42 67 54 55 0.3554110344664528 169.27 476.2654605085915 0.03
42 65 53 54 0.19308822987849825 79.49 411.677086946312 0.03
42 63 52 53 0.309731461564574 105.38 340.23020931643384 0.03
42 61 51 52 1.2036490442215568 323.87 269.07344923740493 0.03
42 59 50 51 1.3231480655178838 283.89 214.5564864570804 0.03
42 57 49 50 2.323937835470089 423.23 182.11760811338075 0.03
42 55 48 49 1.65939783576215 237.52 143.13625996198115 0.03
42 53 47 48 2.5785866009194938 253.2 98.19332804634595 0.03
42 51 46 47 4.802787726204736 302.03 62.88639374005198 0.03
42 49 45 46 10.472609167682004 395.2 37.736536680808186 0.03
42 47 44 45 23.07317346735064 433.45 18.78588572193362 0.03
43 70 56 57 0.4470092096849468 233.03 521.3091698138393 0.03
43 68 55 56 0.535210614478647 257.05 480.2782176702427 0.03
43 66 54 55 0.41257280276139807 167.2 405.2618080515992 0.03
43 64 53 54 0.22860729578740396 79.01 345.6145164915309 0.03
43 62 52 53 0.3592563310961679 100.12 278.6868075352005 0.03
43 60 51 52 1.4815348379606936 319.64 215.7492296569811 0.03
43 58 50 51 1.6276754278580674 272.05 167.1402021212565 0.03
43 56 49 50 3.0899354664579817 419.03 135.61124643173778 0.03
43 54 48 49 2.1151384009171625 215.88 102.06424312772654 0.03
43 52 47 48 4.002568665156232 260.81 65.16065602332891 0.03
43 50 46 47 9.06237377765838 334.67 36.929617803347234 0.03
43 48 45 46 19.907251054536648 381.59 19.168392409108627 0.03
44 71 57 58 0.3436841177077713 177.14 515.4151468547612 0.03
44 69 56 57 0.552066637299766 247.5 448.3154446908014 0.03
44 67 55 56 0.6222513064821288 253.27 407.02204617592713 0.03
44 65 54 55 0.49737810286968775 168.33 338.43468184224065 0.03
44 63 53 54 0.2850923761432375 80.54 282.5049238059411 0.03
44 61 52 53 0.4801000180943682 107.35 223.59924172904184 0.03
44 59 51 52 1.9661847969526933 329.98 167.82756153512227 0.03
44 57 50 51 2.305665188475723 285.04 123.62592861474401 0.03
44 55 49 50 4.628376257183532 446.29 96.42474492157586 0.03
44 53 48 49 3.5592165021787703 240.49 67.56824145223656 0.03
44 51 47 48 9.810450891403288 373.9 38.1124174759023 0.03
45 70 57 58 0.3976413191055858 175.45 441.2267829576652 0.03
45 68 56 57 0.6209964302371072 236.67 381.1133019068005 0.03
45 66 55 56 0.7594968592187737 259.26 341.35756699070157 0.03
45 64 54 55 0.5971317739941345 166.76 279.26834119806534 0.03
45 62 53 54 0.3587975330762879 81.24 226.4229614497563 0.03
45 60 52 53 0.6367425702215019 111.11 174.4975209704425 0.03
45 58 51 52 2.6400984712253046 333.31 126.24907882519489 0.03
45 56 50 51 3.3010819529411726 289.42 87.67428501498874 0.03
45 54 49 50 7.064003404470651 453.29 64.1689951215373 0.03
45 52 48 49 6.5106071947069095 262.34 40.29424478461564 0.03
45 50 47 48 22.6985443436359 419.68 18.48929136804615 0.03
45 48 46 47 73.03946868380142 451.97 6.1880242031420645 0.03
46 71 58 59 0.4766859251677749 229.78 482.03646860168226 0.03
46 69 57 58 0.46323802460842173 174.32 376.3076231649029 0.03
46 67 56 57 0.7191897512000898 229.92 319.6930985408782 0.03
46 65 55 56 0.8841488122968836 248.89 281.5023857278299 0.03
46 63 54 55 0.7389176217193473 165.95 224.58525161960537 0.03
46 61 53 54 0.4627381179928692 82.36 177.98404064319848 0.03
46 59 52 53 0.8447896809158103 111.54 132.0328627583175 0.03
46 57 51 52 3.6291656886510655 325.29 89.63217111228337 0.03
46 55 50 51 4.930341154109416 289.78 58.77483746910083 0.03
46 53 49 50 11.480772575353791 443.82 38.65767718043341 0.03
46 51 48 49 16.452303257413888 326.21 19.827618959855986 0.03
47 70 58 59 0.5364190854802461 218.67 407.64768800914084 0.03
47 68 57 58 0.5311471210067781 167.59 315.5246322004659 0.03
47 66 56 57 0.8734948382380713 230.41 263.77946372844127 0.03
47 64 55 56 1.0618572186363375 241.83 227.74248341087127 0.03
47 62 54 55 0.9462857408623345 165.99 175.4121327546752 0.03
47 60 53 54 0.6685715400432688 89.82 134.34613144643728 0.03
47 58 52 53 1.2191823715716834 115.75 94.94067721040234 0.03
47 56 51 52 5.535676648486192 329.07 59.44530739344914 0.03
47 54 50 51 8.201399384766392 289.38 35.284222414226775 0.03
47 50 48 49 51.93327721020764 330.28 6.359698785484742 0.03
48 71 59 60 0.5055101845535629 210.97 417.3407508818371 0.03
48 69 58 59 0.6543618788173607 224.34 342.8378199620269 0.03
48 67 57 58 0.6180014577736903 160.82 260.22592338106045 0.03
48 65 56 57 1.0521883081596322 224.24 213.11774542735134 0.03
48 63 55 56 1.3477592141875125 240.5 178.44433743677558 0.03
48 61 54 55 1.2707476755689384 169.56 133.43325607429082 0.03
48 59 53 54 0.9707068235658526 94.37 97.2178187161965 0.03
48 57 52 53 1.9488875112012907 122.84 63.03083133016828 0.03
48 55 51 52 9.525920968318223 343.41 36.05005764189414 0.03
48 53 50 51 16.284247151777137 290.45 17.836255940656276 0.03
49 70 59 60 0.5638402173014 196.81 349.05278829160835 0.03
49 68 58 59 0.7398578103253001 209.96 283.7842583667326 0.03
49 66 57 58 0.7535298707273717 159.26 211.35193996525788 0.03
49 64 56 57 1.2574916120946442 212.59 169.05878174875616 0.03
49 62 55 56 1.717796367219344 232.98 135.62725154503192 0.03
49 60 54 55 1.835279140133194 178.05 97.01521480110004 0.03
49 58 53 54 1.5831953770892377 104.76 66.16997593348528 0.03
49 56 52 53 3.1423018838818284 119.97 38.17901794075737 0.03
49 54 51 52 16.458875058367944 304.08 18.475138727382287 0.03
49 52 50 51 44.03149641566756 271.39 6.163542511433527 0.03
50 71 60 61 0.7022547965883132 244.14 347.65159481441543 0.03
50 69 59 60 0.7424448731566508 213.71 287.8462869456823 0.03
50 67 58 59 0.9309205695373508 212.71 228.49425285093088 0.03
50 65 57 58 0.962175001632108 159.54 165.81183228557921 0.03
50 63 56 57 1.7238183700105802 219.87 127.54824047886815 0.03
50 61 55 56 2.465382451368441 242.25 98.2606166704627 0.03
50 59 54 55 2.975734400938159 195.0 65.53004190781354 0.03
50 57 53 54 3.0662476686954707 120.76 39.38364184761928 0.03
50 55 52 53 8.037762872537186 155.54 19.35115559721688 0.03
50 53 51 52 56.87148774559307 359.18 6.315642762973659 0.03
51 70 60 61 0.8505147569332234 239.45 281.5353855392305 0.03
51 68 59 60 0.8819611861266409 202.53 229.63595585137088 0.03
51 66 58 59 1.1882137108172734 211.06 177.62797893893125 0.03
51 64 57 58 1.225646533476928 152.84 124.70153166135243 0.03
51 62 56 57 2.3268862545827904 210.45 90.44275352330601 0.03
51 60 55 56 3.776685986461879 245.92 65.11528914014526 0.03
51 58 54 55 5.494050245249336 214.44 39.03131395374927 0.03
51 56 53 54 7.120956439944894 136.51 19.170177651171866 0.03
51 54 52 53 22.93546243541539 145.53 6.345195803651311 0.03
52 71 61 62 0.5801423517771217 169.48 292.13519661310744 0.03
52 69 60 61 1.0667030428315865 240.17 225.15169672945106 0.03
52 67 59 60 1.0761232775579128 191.68 178.12085659459638 0.03
52 65 58 59 1.52321547927089 202.66 133.04749246443205 0.03
52 63 57 58 1.6381150903430888 145.04 88.540787430035 0.03
52 61 56 57 3.389007723450801 204.69 60.39820994906964 0.03
52 59 55 56 6.3662097545172704 248.23 38.99180353331328 0.03
52 57 54 55 11.162265220590042 211.02 18.904764922692404 0.03
52 55 53 54 35.247380139876455 223.2 6.332385530903243 0.03
53 70 61 62 0.6827039554736196 158.5 232.16505299144205 0.03
53 68 60 61 1.2258812465012399 215.14 175.49823901297637 0.03
53 66 59 60 1.3925488064615215 187.08 134.34358575579975 0.03
53 64 58 59 1.9107879791256501 183.55 96.05984651629949 0.03
53 62 57 58 2.2565588262266214 133.24 59.04565768524707 0.03
53 60 56 57 5.441884619571423 197.96 36.377103492427665 0.03
53 58 55 56 13.404595503819673 263.49 19.65669161183699 0.03
53 56 54 55 35.188962566293796 218.15 6.199387083066718 0.03
54 71 62 63 0.6417508196515622 142.18 221.55016502697487 0.03
54 69 61 62 0.8601730930528743 156.16 181.5448556357028 0.03
54 67 60 61 1.5519259751331318 204.97 132.07459845655117 0.03
54 65 59 60 1.8455686683483612 178.16 96.53393182028778 0.03
54 63 58 59 2.978012837298023 191.0 64.13672822622752 0.03
54 61 57 58 3.954752261549526 141.94 35.890996606797806 0.03
54 59 56 57 13.316434772128316 245.75 18.45463926383373 0.03
54 57 55 56 55.461471098608335 358.03 6.455472473195609 0.03
55 70 62 63 0.8945100992229589 152.91 170.94273181804155 0.03
55 68 61 62 1.2082174858560453 164.81 136.40756066630584 0.03
55 66 60 61 2.447143915473826 232.17 94.87386439838635 0.03
55 64 59 60 3.1956696314067514 208.09 65.11624291663642 0.03
55 62 58 59 6.541739286063714 251.51 38.44696173322099 0.03
55 60 57 58 11.478341352666842 206.97 18.031350840765267 0.03
55 58 56 57 61.729969698386974 386.72 6.264704192947387 0.03
56 71 63 64 1.0526636864036474 183.92 174.7186707165229 0.03
56 69 62 63 1.369394185374091 176.49 128.88180911311997 0.03
56 67 61 62 1.8535013167622705 181.13 97.72315690414568 0.03
56 65 60 61 4.044126692006113 257.21 63.6008759340844 0.03
56 63 59 60 6.436910928613727 251.48 39.068429373802054 0.03
56 61 58 59 16.784135957411145 328.51 19.57264888902096 0.03
56 59 57 58 48.4481804356941 299.82 6.188467705158814 0.03
57 70 63 64 1.5664638049452604 201.64 128.72305083809212 0.03
57 68 62 63 2.017970254828391 184.23 91.29470543938567 0.03
57 66 61 62 3.081168116443903 199.5 64.74817097297851 0.03
57 64 60 61 7.2079958060045 274.59 38.09519419687472 0.03
57 62 59 60 16.27166920492877 311.61 19.150463057939486 0.03
57 60 58 59 70.82559936186937 455.29 6.428325409203895 0.03
58 71 64 65 1.3951665587915132 190.07 136.23463005351687 0.03
58 69 63 64 2.3252628282893886 212.19 91.25420035037523 0.03
58 67 62 63 2.9673758611503205 178.22 60.05979974876253 0.03
58 65 61 62 4.869387425836864 186.42 38.28407635236817 0.03
58 63 60 61 14.891709623529065 275.91 18.527758529756664 0.03
58 61 59 60 55.47057594852096 349.69 6.304062902186685 0.03
59 70 64 65 2.1463779085646757 206.74 96.32040992177889 0.03
59 68 63 64 3.7038548860562437 225.6 60.9095137202344 0.03
59 66 62 63 5.877922722296209 212.87 36.21517499584316 0.03
59 64 61 62 11.3218118155105 220.2 19.44918389284067 0.03
59 62 60 61 66.67973755353262 409.54 6.141895799622911 0.03
60 71 65 66 1.9433553467809483 183.58 94.46548224136635 0.03
60 69 64 65 3.605575931963392 232.9 64.5943961227786 0.03
60 67 63 64 6.8948596811300495 252.09 36.56202035407965 0.03
60 65 62 63 13.563410891415488 246.2 18.15177627301877 0.03
60 63 61 62 42.8187900765415 276.11 6.448337272175011 0.03
61 70 65 66 3.31376289630104 205.73 62.08350037042311 0.03
61 68 64 65 6.373622603646555 246.43 38.66404011103661 0.03
61 66 63 64 17.425106009861967 319.14 18.31495313826949 0.03
61 64 62 63 51.923768794499814 319.84 6.159799402578805 0.03
62 71 66 67 3.4872983906082236 223.74 64.15854766043616 0.03
62 69 65 66 5.6954495981603435 214.49 37.65988905762264 0.03
62 67 64 65 12.641110281346457 246.18 19.47455520289776 0.03
62 65 63 64 47.49114228123901 294.25 6.195892241493654 0.03
63 70 66 67 6.251268119381303 234.52 37.51558812089647 0.03
63 68 65 66 11.315920362206343 209.97 18.555273745233453 0.03
63 66 64 65 51.571516750827406 331.56 6.429130281390851 0.03
64 71 67 68 5.484261147770555 204.2 37.233821384127694 0.03
64 69 66 67 16.608854687141434 312.21 18.797804296626953 0.03
64 67 65 66 49.82107724740351 305.44 6.130738572416525 0.03
65 70 67 68 14.037072756896094 258.35 18.404834431956516 0.03
65 68 66 67 53.35841272139462 338.3 6.340143620208459 0.03
66 71 68 69 12.858297536311317 244.53 19.01729208781 0.03
66 69 67 68 45.457902901255196 281.93 6.202001896401061 0.03
67 70 68 69 45.80335523323771 285.15 6.225526460844898 0.03
68 71 69 70 58.29969224859348 380.84 6.532453008089215 0.03
