72
# x y z
15.0 1614.458 0.0
16.0 1614.222 0.0
17.0 1614.02 0.0
18.0 1613.88 0.0
19.0 1613.679 0.0
20.0 1613.454 0.0
21.0 1613.205 0.0
22.0 1613.036 0.0
23.0 1612.768 0.0
24.0 1612.504 0.0
25.0 1612.287 0.0
26.0 1612.061 0.0
27.0 1611.808 0.0
28.0 1611.499 0.0
29.0 1611.231 0.0
30.0 1610.932 0.0
31.0 1610.656 0.0
32.0 1610.402 0.0
33.0 1610.049 0.0
34.0 1609.657 0.0
35.0 1609.276 0.0
36.0 1608.929 0.0
37.0 1608.615 0.0
38.0 1608.312 0.0
39.0 1607.962 0.0
40.0 1607.589 0.0
41.0 1607.153 0.0
42.0 1606.723 0.0
43.0 1606.329 0.0
44.0 1605.892 0.0
45.0 1605.557 0.0
46.0 1605.195 0.0
47.0 1605.202 0.0
48.0 1605.572 0.0
49.0 1606.233 0.0
50.0 1606.749 0.0
51.0 1607.263 0.0
52.0 1607.953 0.0
53.0 1608.528 0.0
54.0 1609.109 0.0
55.0 1609.592 0.0
56.0 1610.191 0.0
57.0 1610.75 0.0
58.0 1611.34 0.0
59.0 1611.96 0.0
60.0 1612.534 0.0
61.0 1613.087 0.0
62.0 1613.628 0.0
63.0 1614.139 0.0
64.0 1614.611 0.0
65.0 1615.197 0.0
66.0 1615.732 0.0
67.0 1616.265 0.0
68.0 1616.72 0.0
69.0 1617.197 0.0
70.0 1617.641 0.0
71.0 1618.028 0.0
72.0 1618.483 0.0
73.0 1618.879 0.0
74.0 1619.378 0.0
75.0 1619.755 0.0
76.0 1620.121 0.0
77.0 1620.527 0.0
78.0 1620.862 0.0
79.0 1621.173 0.0
80.0 1621.503 0.0
81.0 1621.908 0.0
82.0 1622.221 0.0
83.0 1622.608 0.0
84.0 1622.934 0.0
85.0 1623.2 0.0
86.0 1623.485 0.0
828
# a b m n r rhoa k err
1 4 2 3 266.3558737565738 1703.95003860431 6.3972684911074 0.05
2 5 3 4 292.63343701791706 1886.0160584701098 6.44497798231661 0.05
3 6 4 5 266.8624344577684 1703.7692247483 6.38444758330317 0.05
4 7 5 6 259.9549531497777 1675.04464030453 6.44359578461051 0.05
5 8 6 7 249.69095979336853 1591.55246761622 6.37408926992514 0.05
6 9 7 8 251.09575383283092 1646.08746220432 6.55561648127358 0.05
7 10 8 9 257.8743626965917 1651.47970339934 6.4042027525723 0.05
8 11 9 10 308.2101522183463 1988.2363023173898 6.45091113322204 0.05
9 12 10 11 221.89534234189762 1440.55220812337 6.49203445606244 0.05
10 13 11 12 287.99966748585496 1861.2248761235398 6.46259383690071 0.05
11 14 12 13 170.26063970684507 1110.53999607789 6.52258794510592 0.05
12 15 13 14 265.5413111176898 1713.6672662295603 6.45348649901804 0.05
13 16 14 15 200.31383626909815 1322.06791068926 6.5999829832684 0.05
14 17 15 16 234.12509883857575 1519.13531378831 6.48856240242624 0.05
15 18 16 17 181.60063705095035 1184.16168791337 6.52069126597358 0.05
16 19 17 18 296.9168385993517 1974.32508918917 6.64942109212354 0.05
17 20 18 19 204.9468987550293 1350.70872513638 6.59053019753603 0.05
18 21 19 20 304.64170083306846 2030.8332100170999 6.66630078700196 0.05
19 22 20 21 249.37526706285973 1668.09087590051 6.68907905562277 0.05
20 23 21 22 178.64799907061112 1188.7037204524 6.65388768212602 0.05
21 24 22 23 237.59855134364005 1573.07166380747 6.62071235246013 0.05
22 25 23 24 201.24587576735914 1338.11558107196 6.64915778258644 0.05
23 26 24 25 207.82041919388493 1376.77046228701 6.62480841693693 0.05
24 27 25 26 173.4783170762904 1176.25361540454 6.78040711501288 0.05
25 28 26 27 169.21899776493947 1139.07445082686 6.73136270674016 0.05
26 29 27 28 189.5812183802125 1286.55747969577 6.78631296226575 0.05
27 30 28 29 153.98516098933905 1062.29270316201 6.89866930252816 0.05
28 31 29 30 181.9363166337034 1202.37645895459 6.60877652797249 0.05
29 32 30 31 160.2834386141574 1097.55238703495 6.84757200447287 0.05
30 33 31 32 156.44927341869172 999.129721054245 6.3862854663464 0.05
31 34 32 33 177.94960159457895 1250.11317382977 7.02509678373932 0.05
32 35 33 34 163.5892064464465 1144.07327892849 6.99357435481552 0.05
33 36 34 35 166.7945584063862 1101.58785477104 6.6044591939689 0.05
34 37 35 36 141.62413663241875 1049.24109613661 7.40863189768199 0.05
35 38 36 37 167.50942565198721 1254.48238406262 7.48902564246681 0.05
36 39 37 38 154.09850282676817 1069.53478165072 6.94059164775307 0.05
37 40 38 39 195.47488300160032 1475.3841866624 7.54769187737701 0.05
38 41 39 40 142.50031055853074 1002.85240232941 7.03754538076952 0.05
39 42 40 41 201.3257735677954 1503.19151595596 7.46646338080389 0.05
40 43 41 42 200.2351555294702 1396.54702216053 6.97453460890882 0.05
41 44 42 43 214.44987516076586 1580.20952955972 7.36866612011357 0.05
42 45 43 44 167.69409451743957 1222.73737334535 7.2914754503665 0.05
43 46 44 45 271.1954989961424 1956.13863255334 7.21302027428252 0.05
44 47 45 46 218.1840776009541 1593.16766947095 7.30194286855689 0.05
45 48 46 47 218.76486529302574 1575.71266357117 7.20276842197934 0.05
46 49 47 48 266.94804128692783 1896.31437892305 7.10368343510266 0.05
47 50 48 49 316.0030967685195 2224.43705434291 7.03928878257914 0.05
48 51 49 50 161.6935892138137 1177.66277808513 7.28329913270625 0.05
49 52 50 51 406.8384431030658 2816.4489066849 6.92276984741926 0.05
50 53 51 52 167.77486794417078 1214.18542149963 7.23699226456054 0.05
51 54 52 53 219.79329526080656 1529.84223483463 6.96036807228046 0.05
52 55 53 54 226.32205156475365 1610.10508508654 7.11422096943067 0.05
53 56 54 55 182.1644656813635 1247.70286624115 6.84932081333356 0.05
54 57 55 56 277.3743185869251 1896.6561238354002 6.83789376571651 0.05
55 58 56 57 230.8527625699548 1608.27070329458 6.96665132091382 0.05
56 59 57 58 272.1742368163888 1816.94097734671 6.67565379662453 0.05
57 60 58 59 127.38570738495233 900.545528818041 7.06943932176507 0.05
58 61 59 60 351.27016277907836 2321.16206220416 6.60791125508713 0.05
59 62 60 61 126.32524154918853 874.850995742368 6.92538549709971 0.05
60 63 61 62 331.5870965951555 2247.38456030089 6.77765987693058 0.05
61 64 62 63 170.56111199781753 1125.68070820641 6.59986731454245 0.05
62 65 63 64 245.21009377234466 1644.57189820671 6.7067871183702 0.05
63 66 64 65 232.87164174962479 1547.26692714275 6.64429088710731 0.05
64 67 65 66 223.5355602121411 1499.72525928378 6.70911267030848 0.05
65 68 66 67 308.2216424426084 2008.65625212959 6.51692151210182 0.05
66 69 67 68 211.41311443155035 1448.95675910564 6.85367491511399 0.05
67 70 68 69 268.677974167503 1754.4312574587898 6.5298663312275 0.05
68 71 69 70 216.88339581235962 1436.43999335617 6.62309803835297 0.05
69 72 70 71 229.87254924557962 1518.83399763932 6.60728739740344 0.05
1 7 3 5 155.06501394068985 2010.4326676505098 12.9650951981952 0.05
2 8 4 6 139.9716079539839 1786.99504129513 12.7668394141947 0.05
3 9 5 7 144.38716100519918 1841.63144986576 12.7548144658059 0.05
4 10 6 8 137.57079771725057 1784.52791817984 12.9717058255894 0.05
5 11 7 9 163.9124176193544 2122.34388120413 12.9480359818299 0.05
6 12 8 10 126.21826973233897 1613.56591878173 12.783933120011 0.05
7 13 9 11 157.00986868721446 2021.85518105224 12.8772490414603 0.05
8 14 10 12 135.81311795342228 1780.9912149000702 13.113543387693 0.05
9 15 11 13 122.33115181271175 1595.36243810879 13.0413424092604 0.05
10 16 12 14 125.80740458532466 1625.70092726057 12.9221402557271 0.05
11 17 13 15 122.54793367198025 1588.35569987052 12.9610973622943 0.05
12 18 14 16 131.94407597406973 1716.74765745405 13.0111764759445 0.05
13 19 15 17 131.39708528026367 1723.9983278603497 13.1205218455428 0.05
14 20 16 18 140.17946514535183 1872.7894456936601 13.3599414418636 0.05
15 21 17 19 115.23990633048962 1537.72274813668 13.3436653768768 0.05
16 22 18 20 128.78519439498655 1684.3792990570998 13.0789824635515 0.05
17 23 19 21 140.92151053379789 1838.9482037557 13.0494499866623 0.05
18 24 20 22 135.384272039193 1791.83718440177 13.2351945865842 0.05
19 25 21 23 97.594669324295 1307.89332323474 13.4012782899932 0.05
20 26 22 24 101.65924169495538 1370.57909366844 13.4820904702504 0.05
21 27 23 25 116.56765801666496 1571.92101964031 13.4850527700881 0.05
22 28 24 26 102.89216954108188 1383.62690682053 13.4473489381336 0.05
23 29 25 27 96.70184551860692 1288.9601202683 13.3292194513525 0.05
24 30 26 28 99.2245615055779 1328.08723852491 13.3846622083611 0.05
25 31 27 29 101.90278369408308 1373.24253752428 13.4760061280251 0.05
26 32 28 30 94.75689614769446 1274.0465612802 13.4454231098324 0.05
27 33 29 31 86.83365232045139 1132.30581086965 13.0399422414133 0.05
28 34 30 32 97.80332958087727 1306.72880986707 13.3607804096944 0.05
29 35 31 33 106.99874874373265 1586.597793485 14.8281901621577 0.05
30 36 32 34 110.886625625696 1655.46766405569 14.9293718220249 0.05
31 37 33 35 97.74955573795465 1312.00891083554 13.4221470464045 0.05
32 38 34 36 82.12575505483139 1093.64498527458 13.3167114816102 0.05
33 39 35 37 83.85183637741389 1231.3006875903 14.6842423587274 0.05
34 40 36 38 100.60382839631363 1457.45909776963 14.4871136715413 0.05
35 41 37 39 102.15511807757221 1416.61176926046 13.8672618261255 0.05
36 42 38 40 91.94642184640126 1329.26986515844 14.4570048346092 0.05
37 43 39 41 101.22768090918402 1511.93581736705 14.9359918530928 0.05
38 44 40 42 127.87766119594268 1868.77929254967 14.6138056879708 0.05
39 45 41 43 111.44137832429253 1607.67981812183 14.4262377430716 0.05
40 46 42 44 98.98242236317495 1429.70281753145 14.444007162057 0.05
41 47 43 45 130.37243636471783 1872.9951199418801 14.3664962638434 0.05
42 48 44 46 109.51360001240589 1565.51206681744 14.2951383813526 0.05
43 49 45 47 106.19773043900945 1534.28171808763 14.4474059073116 0.05
44 50 46 48 136.30448432378316 1950.52384912305 14.3100489965517 0.05
45 51 47 49 167.8976178656351 2414.4505606972 14.3804932517234 0.05
46 52 48 50 97.34097074308798 1416.52408885838 14.5521878202449 0.05
47 53 49 51 137.89663804410594 1961.84351137684 14.2269132823191 0.05
48 54 50 52 157.99245333348838 2183.59062842023 13.8208539860517 0.05
49 55 51 53 107.92123990517264 1504.01627198772 13.9362397365825 0.05
50 56 52 54 105.8526890470799 1499.56528947302 14.1665299481061 0.05
51 57 53 55 121.4149344458319 1693.82325117831 13.9506993839707 0.05
52 58 54 56 126.8727873838085 1753.01574847696 13.8171138557383 0.05
53 59 55 57 140.5011165571611 1944.38134826409 13.8389031767804 0.05
54 60 56 58 124.38817683896106 1727.23856716051 13.8858741325285 0.05
55 61 57 59 89.29793315505894 1220.16315006325 13.663957349881 0.05
56 62 58 60 136.4680339918726 1828.9069424827803 13.4017241179843 0.05
57 63 59 61 162.31936030028695 2189.65505976205 13.4897960151595 0.05
58 64 60 62 124.34228335854017 1700.30881543483 13.6744216810946 0.05
59 65 61 63 118.18616213033117 1589.72612880734 13.4510343694404 0.05
60 66 62 64 122.63335212882308 1625.00752442175 13.2509427183783 0.05
61 67 63 65 111.02530816212615 1504.40962530725 13.5501504135473 0.05
62 68 64 66 129.20411934463334 1740.37159223999 13.4699388925658 0.05
63 69 65 67 153.44546167672974 2024.4836963559 13.1935065021406 0.05
64 70 66 68 131.31953641594882 1737.2433653984901 13.2291311164536 0.05
65 71 67 69 137.71563264628762 1820.12109740746 13.2165177070515 0.05
66 72 68 70 128.7069619564343 1688.4840683169 13.1188246746779 0.05
1 10 4 7 94.33280537102931 1816.47514573009 19.2560280443854 0.05
2 11 5 8 88.77175743672996 1713.2861927105 19.299901705017 0.05
3 12 6 9 88.23310443867365 1697.96847098531 19.2441202402153 0.05
4 13 7 10 116.90006159639192 2259.04478972145 19.3245816885966 0.05
5 14 8 11 101.24462685173789 1960.3365859155897 19.3623765218306 0.05
6 15 9 12 111.37703749263919 2170.55757408695 19.4883759072008 0.05
7 16 10 13 91.79145600419159 1796.55288403394 19.5721144672975 0.05
8 17 11 14 85.56463251343237 1669.32252081179 19.5094920854096 0.05
9 18 12 15 87.1161601945252 1691.22582542079 19.4134569481068 0.05
10 19 13 16 103.7432224541994 2016.28492288913 19.4353411740153 0.05
11 20 14 17 87.99448242724837 1736.12376227211 19.7299161763636 0.05
12 21 15 18 81.09699553400834 1621.5966448196302 19.995767218523 0.05
13 22 16 19 74.39561648832078 1487.44737226461 19.9937502029857 0.05
14 23 17 20 95.61446103146767 1884.99451449053 19.7145337029109 0.05
15 24 18 21 98.91630840967402 1925.44774160424 19.4654225633832 0.05
16 25 19 22 94.61091266172238 1848.9495928547 19.5426673397132 0.05
17 26 20 23 78.53014051642593 1560.12516468731 19.866578035232 0.05
18 27 21 24 69.30986434626816 1411.68430938609 20.3677257588241 0.05
19 28 22 25 73.79133627136812 1512.56693565714 20.4978932769921 0.05
20 29 23 26 74.11925068913366 1507.49818785956 20.3388212083014 0.05
21 30 24 27 74.232537140837 1490.36687934712 20.0770031141403 0.05
22 31 25 28 79.59881491712251 1578.58568189724 19.8317736707619 0.05
23 32 26 29 73.40053190493222 1456.62238563396 19.8448478210017 0.05
24 33 27 30 66.67094767458036 1298.02544479177 19.4691314592888 0.05
25 34 28 31 71.01207715341086 1381.20507521305 19.4502841006772 0.05
26 35 29 32 67.7140161294095 1414.01644801218 20.8821825795981 0.05
27 36 30 33 83.882693397295 1881.79442500073 22.4336433272112 0.05
28 37 31 34 90.89009335383457 2060.97905083506 22.6755081305911 0.05
29 38 32 35 80.49010991827056 1787.7626981419598 22.2109610728231 0.05
30 39 33 36 73.67356998611879 1538.86516896036 20.8876150463498 0.05
31 40 34 37 70.78125085925737 1419.3533194462298 20.0526735853891 0.05
32 41 35 38 68.66949717424254 1388.9456049601 20.2265294215826 0.05
33 42 36 39 78.82217571262122 1664.78202975877 21.1207317573727 0.05
34 43 37 40 68.03063449367976 1448.2362735981199 21.2880018594074 0.05
35 44 38 41 74.01964806029731 1622.5754573577997 21.9208750632809 0.05
36 45 39 42 68.99130923655694 1523.12867647017 22.0771093247075 0.05
37 46 40 43 80.22107775519748 1790.29521833127 22.3170177767311 0.05
38 47 41 44 77.79883875861202 1677.2808464811203 21.5592015670729 0.05
39 48 42 45 84.85510531563794 1816.04131238829 21.4016741318405 0.05
40 49 43 46 76.03133326094554 1611.08128614511 21.1897018906107 0.05
41 50 44 47 92.80012154749953 1977.79599194972 21.3124288952293 0.05
42 51 45 48 75.81606524090525 1635.87616693413 21.5769067114752 0.05
43 52 46 49 88.46605588100039 1925.6039644464802 21.7665854464756 0.05
44 53 47 50 74.98416270486449 1645.25905184672 21.9414205946716 0.05
45 54 48 51 110.15486245620704 2356.23629510635 21.3902159429693 0.05
46 55 49 52 90.68177380610004 1912.64516610265 21.0918367145349 0.05
47 56 50 53 89.54855061787694 1850.02522176423 20.6594658316547 0.05
48 57 51 54 67.94560735530513 1413.48401177361 20.8031698706016 0.05
49 58 52 55 72.29736287274821 1510.2830680574398 20.88987769465 0.05
50 59 53 56 85.19712007486727 1793.84518735141 21.0552326859765 0.05
51 60 54 57 91.1990304102226 1922.2903808818 21.0779694941398 0.05
52 61 55 58 92.96816318077475 1936.86890716219 20.8336794112624 0.05
53 62 56 59 68.0132471992151 1404.80328606467 20.6548480467329 0.05
54 63 57 60 86.54217125023894 1750.79947721014 20.230593384902 0.05
55 64 58 61 76.6366398582804 1549.06126102115 20.2130634104749 0.05
56 65 59 62 110.12305864133822 2210.91525105686 20.0767693735935 0.05
57 66 60 63 89.83958737168459 1820.85517308453 20.2678487997867 0.05
58 67 61 64 83.37631308239791 1690.79220903329 20.2790474479525 0.05
59 68 62 65 69.88577954059346 1417.92306091846 20.2891499563921 0.05
60 69 63 66 94.0004430936606 1908.2837893765902 20.3007956832204 0.05
61 70 64 67 102.75236473412247 2058.02226279137 20.0289527945816 0.05
62 71 65 68 102.81735163364102 2042.90329243987 19.86924638673 0.05
63 72 66 69 105.36574689899179 2061.18855763303 19.5622260392552 0.05
1 13 5 9 69.024249786711 1774.12234515692 25.7028848649433 0.05
2 14 6 10 72.70800099604605 1869.66236051275 25.7146714928172 0.05
3 15 7 11 81.25833493796061 2099.7257211677 25.8401273268866 0.05
4 16 8 12 83.39934561056036 2161.46295898136 25.9170254053848 0.05
5 17 9 13 84.29830050394415 2193.79428972357 26.0241817048367 0.05
6 18 10 14 77.22707662257999 2004.94373946036 25.9616682016699 0.05
7 19 11 15 65.82007855753139 1711.22490738792 25.9985242328781 0.05
8 20 12 16 61.026470631164294 1594.53391754545 26.1285619347479 0.05
9 21 13 17 65.02005880299899 1706.5964557842997 26.2472302732766 0.05
10 22 14 18 68.6484165473619 1818.90933231847 26.4960129278957 0.05
11 23 15 19 69.20713263458396 1828.0106998547503 26.4136170690196 0.05
12 24 16 20 85.38307042271127 2243.98823597194 26.2814188440693 0.05
13 25 17 21 73.68701479574938 1928.2096765583 26.1675640125067 0.05
14 26 18 22 76.84633705200136 2001.52602463753 26.0458221096877 0.05
15 27 19 23 74.92148605788543 1976.32042502325 26.3785534565654 0.05
16 28 20 24 63.82937513201139 1711.20736903007 26.8090885347219 0.05
17 29 21 25 55.76065080677089 1509.89796904401 27.0781984642953 0.05
18 30 22 26 58.01023576968873 1585.14331114379 27.3252347643802 0.05
19 31 23 27 53.61265269285696 1444.14729344243 26.9366879067866 0.05
20 32 24 28 58.49095970505626 1552.81481071593 26.5479455038194 0.05
21 33 25 29 51.81833182083095 1341.64081723346 25.8912390671388 0.05
22 34 26 30 55.58552447397732 1407.18243080887 25.3156274790148 0.05
23 35 27 31 63.4766778355556 1659.35064316692 26.1411072499049 0.05
24 36 28 32 53.20844692000178 1493.19401877538 28.0631009775643 0.05
25 37 29 33 69.86310546420695 2076.58697863903 29.7236569265151 0.05
26 38 30 34 62.677853148334385 1942.73061645235 30.99548754254 0.05
27 39 31 35 66.91041204378662 2024.20473967285 30.2524626264175 0.05
28 40 32 36 70.56809616229403 2095.71859307253 29.6978196528464 0.05
29 41 33 37 56.81019755211204 1601.17674882145 28.1846713761678 0.05
30 42 34 38 52.45190357153342 1384.28775176962 26.3915636518652 0.05
31 43 35 39 50.67716120626179 1332.13691686246 26.2867312444853 0.05
32 44 36 40 53.307269227522504 1452.13924274918 27.2409234949038 0.05
33 45 37 41 54.749029957623165 1563.6360761643 28.560069052814 0.05
34 46 38 42 59.13207697748745 1737.6430415927 29.3857941478066 0.05
35 47 39 43 63.79369295508833 1862.14130704288 29.1900534486043 0.05
36 48 40 44 59.03816612044377 1724.58027286694 29.2112778257479 0.05
37 49 41 45 68.59807768362597 1967.0679842224397 28.6752639526511 0.05
38 50 42 46 69.742984456125 1972.46907234156 28.2819711218758 0.05
39 51 43 47 49.952034396436694 1414.97000711726 28.3265741668811 0.05
40 52 44 48 59.383091213359144 1687.12766433597 28.4109100732773 0.05
41 53 45 49 61.310914811032475 1774.19857996358 28.9377280608497 0.05
42 54 46 50 60.64594482496791 1758.43112175367 28.9950321794595 0.05
43 55 47 51 76.24552153256967 2187.32629712623 28.6879314766294 0.05
44 56 48 52 63.893242285834354 1813.58209230655 28.3845681863078 0.05
45 57 49 53 62.23134316191295 1731.45842035244 27.8229318600363 0.05
46 58 50 54 71.44198077867105 1974.31128684865 27.6351700404992 0.05
47 59 51 55 51.04250364917525 1413.79869918684 27.698459090176 0.05
48 60 52 56 55.85202170871581 1559.21573034843 27.9169076184956 0.05
49 61 53 57 61.84449387879069 1740.43454550084 28.1421099332129 0.05
50 62 54 58 55.56878240430834 1552.07537311988 27.9307068819191 0.05
51 63 55 59 72.01569040940826 2003.9578943272097 27.8266844757682 0.05
52 64 56 60 71.787343003746 1958.3406996545 27.2797490158162 0.05
53 65 57 61 61.25147496746656 1648.15494535712 26.9080041947158 0.05
54 66 58 62 75.05547766993232 2023.3296594701503 26.9577880560303 0.05
55 67 59 63 76.25628808208664 2043.5457998291197 26.7983906799834 0.05
56 68 60 64 66.51611434421646 1799.16082304899 27.0484955530994 0.05
57 69 61 65 61.23807835441887 1667.38643764807 27.2279353378461 0.05
58 70 62 66 62.56120881912515 1695.24484380649 27.0973799228804 0.05
59 71 63 67 78.6877064163885 2116.56111321521 26.8982438249641 0.05
60 72 64 68 74.13788257988675 1972.2225105307498 26.6020884586985 0.05
1 16 6 11 60.01875578820788 1939.51293018077 32.3151139124719 0.05
2 17 7 12 66.34134674581516 2149.90369398942 32.4066935545748 0.05
3 18 8 13 57.38580823505338 1854.42985623031 32.3151300515718 0.05
4 19 9 14 65.25024058158856 2118.26403931376 32.4636969984056 0.05
5 20 10 15 47.754197344004616 1561.52579568168 32.6992365599403 0.05
6 21 11 16 50.7428633893272 1661.37659298746 32.7410887367641 0.05
7 22 12 17 48.31749398849857 1583.89643134848 32.7810136785138 0.05
8 23 13 18 50.66015665180512 1670.11900487268 32.96711094582 0.05
9 24 14 19 58.05423708039695 1909.76139986104 32.8961587629907 0.05
10 25 15 20 55.393240947050174 1812.64676921849 32.7232481477511 0.05
11 26 16 21 59.561532054867676 1949.69164040272 32.7340747146443 0.05
12 27 17 22 62.41972190887153 2051.22074088017 32.8617410996289 0.05
13 28 18 23 61.18102538236703 2018.11602958144 32.9859791817592 0.05
14 29 19 24 53.63943843129163 1783.23288228527 33.2448089397779 0.05
15 30 20 25 55.2059274670538 1855.78077406457 33.6156072221063 0.05
16 31 21 26 45.54254855046159 1533.72854493767 33.6768273571314 0.05
17 32 22 27 41.223735712232646 1383.58197993656 33.5627510712475 0.05
18 33 23 28 43.874345226741916 1441.87171349464 32.8636634015407 0.05
19 34 24 29 43.03904139397794 1376.18605736535 31.9752952852223 0.05
20 35 25 30 42.354443894764 1352.0614807476 31.9225412121335 0.05
21 36 26 31 49.02764343452088 1615.57311852565 32.9522898787362 0.05
22 37 27 32 51.528195541829916 1802.68738045611 34.984484931026 0.05
23 38 28 33 55.63756930090339 2075.93034054077 37.3116648808571 0.05
24 39 29 34 59.59488210265336 2283.63362188113 38.3192908737956 0.05
25 40 30 35 65.75010609170886 2512.48372489448 38.2126185680985 0.05
26 41 31 36 52.428196890343756 1975.41605058075 37.6785044641614 0.05
27 42 32 37 58.509820436994026 2170.68173491844 37.0994427722766 0.05
28 43 33 38 42.7338403659467 1498.39217922574 35.0633635169322 0.05
29 44 34 39 45.559590899025125 1524.47293912563 33.4610761212575 0.05
30 45 35 40 42.30767191590547 1389.58857378357 32.8448366656913 0.05
31 46 36 41 44.88681032154706 1503.1594539832 33.487776102051 0.05
32 47 37 42 45.6484887753107 1575.79869935858 34.5202818677069 0.05
33 48 38 43 47.90656694744842 1728.35027608306 36.0775231082409 0.05
34 49 39 44 44.55895445462905 1619.70694855829 36.3497521066728 0.05
35 50 40 45 54.239612363728504 1939.87921755998 35.7649904381918 0.05
36 51 41 46 49.38325962312857 1756.98767690123 35.578608830397 0.05
37 52 42 47 47.4318079006545 1698.34108492211 35.8059530110948 0.05
38 53 43 48 47.25716882843431 1678.46757409991 35.5177344667755 0.05
39 54 44 49 56.70159221602493 2015.48343000723 35.5454468073582 0.05
40 55 45 50 49.11890316741525 1761.69988533904 35.8660265546753 0.05
41 56 46 51 59.55131273326812 2128.85276999293 35.7482089358486 0.05
42 57 47 52 57.36706381937218 2028.29969997369 35.3565193149864 0.05
43 58 48 53 49.02085584904871 1724.11580466138 35.1710669836222 0.05
44 59 49 54 48.651231348388265 1701.09405471542 34.965077091965 0.05
45 60 50 55 52.902739606487415 1834.78294542667 34.6821914909237 0.05
46 61 51 56 46.60532117479537 1620.66780593969 34.7743082782608 0.05
47 62 52 57 44.020569259538654 1536.24329800903 34.8983060385151 0.05
48 63 53 58 48.73437682492877 1700.57438908463 34.8947601237151 0.05
49 64 54 59 50.95964528029206 1770.09003711486 34.7351326207017 0.05
50 65 55 60 55.70724983578776 1915.91111767417 34.3924915216931 0.05
51 66 56 61 58.362607286224694 1990.76390352203 34.1102633362288 0.05
52 67 57 62 54.14491596282706 1836.04281174479 33.9097915121951 0.05
53 68 58 63 52.117336500097885 1754.91563954868 33.672396891299 0.05
54 69 59 64 59.97068630134658 2022.09882436458 33.7181204531117 0.05
55 70 60 65 52.236344489269925 1775.92453673628 33.9978716753635 0.05
56 71 61 66 59.55458246655307 2014.32473377055 33.823169441274 0.05
57 72 62 67 61.68330549250867 2070.08917300733 33.5599585086882 0.05
1 19 7 13 49.19544480392612 1918.47782215389 38.9970622239558 0.05
2 20 8 14 50.943086697779066 1983.75174231802 38.9405485789793 0.05
3 21 9 15 47.33015707564931 1853.60365812625 39.1632686780138 0.05
4 22 10 16 47.113092111408356 1853.12537693482 39.3335545150111 0.05
5 23 11 17 45.26810796118018 1781.54614906385 39.35543651596 0.05
6 24 12 18 44.96751263028342 1772.13123190085 39.4091451415395 0.05
7 25 13 19 47.33366355064977 1861.2396298812598 39.3216896868679 0.05
8 26 14 20 46.7603052867945 1841.15697967549 39.3743575535519 0.05
9 27 15 21 57.45173046853093 2261.00470278835 39.3548581452531 0.05
10 28 16 22 48.94562361966716 1932.23673893383 39.4772115674388 0.05
11 29 17 23 47.882938457167825 1898.20135491353 39.6425410819661 0.05
12 30 18 24 52.06123660671584 2074.82209146381 39.8534922852017 0.05
13 31 19 25 48.74622901020308 1947.91534575766 39.9603289384691 0.05
14 32 20 26 42.0937706234293 1686.96637238687 40.0763901024326 0.05
15 33 21 27 36.33690320584156 1434.48080146854 39.4772442038465 0.05
16 34 22 28 35.38216585123325 1364.8931427433502 38.5757375193519 0.05
17 35 23 29 32.89413943274023 1257.9247288979 38.2416062736653 0.05
18 36 24 30 37.54735355545473 1458.61201180128 38.8472654842908 0.05
19 37 25 31 37.32356873100516 1498.52451146541 40.1495506034118 0.05
20 38 26 32 45.84401213187283 1951.52150115471 42.5687327614575 0.05
21 39 27 33 48.65503722087775 2165.27963254982 44.5026816590473 0.05
22 40 28 34 48.71982623518565 2217.80236317602 45.5215573321219 0.05
23 41 29 35 50.62522031147584 2287.99376446135 45.1947418773544 0.05
24 42 30 36 50.752088762005876 2310.02298604094 45.5158209718902 0.05
25 43 31 37 46.0461508152629 2079.4640846528 45.1604324755745 0.05
26 44 32 38 43.18116971867843 1904.47202079773 44.1042249018542 0.05
27 45 33 39 40.49653065816951 1721.85950298502 42.518691724958 0.05
28 46 34 40 37.23564925707789 1513.2580093464 40.6400328593372 0.05
29 47 35 41 36.87215662428855 1467.35031214033 39.7956194179798 0.05
30 48 36 42 36.51051010934415 1443.97674714449 39.5496185295678 0.05
31 49 37 43 38.90661366524275 1560.56586725952 40.1105549993844 0.05
32 50 38 44 36.175589373819214 1508.0298692354902 41.6863939285775 0.05
33 51 39 45 35.27288736006402 1507.65814920645 42.7426916831714 0.05
34 52 40 46 39.26624204343421 1694.20383482049 43.1465744276331 0.05
35 53 41 47 39.980438666026835 1702.92867997159 42.594046908711 0.05
36 54 42 48 43.0825566404949 1838.7483918572 42.6796489168633 0.05
37 55 43 49 48.28855028302053 2065.75688589498 42.7794347477305 0.05
38 56 44 50 44.282122251031346 1889.35311098785 42.66627286464 0.05
39 57 45 51 46.72291417377228 1980.93737572239 42.3975561189285 0.05
40 58 46 52 43.79971153180864 1851.68675477709 42.2762317380182 0.05
41 59 47 53 43.96686121754802 1854.80486376533 42.1864288785082 0.05
42 60 48 54 41.21897551240286 1742.20844753118 42.2671457956772 0.05
43 61 49 55 38.67863685790609 1625.022428716 42.013435858297 0.05
44 62 50 56 43.133834903671136 1796.6948350241598 41.6539553934084 0.05
45 63 51 57 36.489728717030886 1528.38867968334 41.8854492324574 0.05
46 64 52 58 39.87415856716797 1662.27253747963 41.6879652690234 0.05
47 65 53 59 41.099290445058834 1712.67019353571 41.6715270504534 0.05
48 66 54 60 45.22912085625678 1861.14498859291 41.1492629827548 0.05
49 67 55 61 46.52103754388718 1919.12718667643 41.2528887573919 0.05
50 68 56 62 46.4465346600193 1913.57871322058 41.1996013745191 0.05
51 69 57 63 45.552631644788626 1856.2726110618903 40.7500630377796 0.05
52 70 58 64 45.75710723856495 1863.4053050084099 40.7238441733899 0.05
53 71 59 65 49.06638587896354 1987.08010949384 40.4977883310083 0.05
54 72 60 66 44.970076583399546 1830.1831934354502 40.697800237037 0.05
1 22 8 15 38.17473794790099 1743.68899888947 45.6765152198077 0.05
2 23 9 16 41.68563175689223 1905.13974271846 45.7025517528223 0.05
3 24 10 17 39.81171880686746 1823.15958529196 45.7945459259465 0.05
4 25 11 18 43.097634921993134 1982.01319708826 45.9889086878134 0.05
5 26 12 19 42.38933768937764 1947.1350300854897 45.9345471343239 0.05
6 27 13 20 49.055517997658015 2252.20643579032 45.9113781225966 0.05
7 28 14 21 42.00055913332822 1931.55377414654 45.9887633403865 0.05
8 29 15 22 45.8542195850682 2113.80416047855 46.098356478558 0.05
9 30 16 23 42.36565055148655 1962.57539997651 46.3246846072011 0.05
10 31 17 24 47.02186101800463 2180.17009155724 46.3650320161181 0.05
11 32 18 25 38.642650659657946 1790.5240956252003 46.335436753423 0.05
12 33 19 26 35.21369039089818 1615.35747762122 45.872995976552 0.05
13 34 20 27 30.98337613174359 1394.96579583911 45.0230404171454 0.05
14 35 21 28 27.420704939750895 1219.60544664774 44.4775380256442 0.05
15 36 22 29 29.886591644196763 1338.32188548866 44.7800104281389 0.05
16 37 23 30 31.117306638045157 1421.82634384701 45.6924617668752 0.05
17 38 24 31 33.85947532221965 1610.44315986814 47.5625550763132 0.05
18 39 25 32 35.74497738682307 1788.7878239279203 50.0430537294824 0.05
19 40 26 33 44.19508411339118 2294.60853799097 51.9199948144391 0.05
20 41 27 34 45.49523591041354 2392.97347815957 52.598331018036 0.05
21 42 28 35 43.75432084777159 2301.84096412264 52.6083120369099 0.05
22 43 29 36 42.09981588263819 2218.06029066248 52.6857480053066 0.05
23 44 30 37 44.12301852191748 2331.37264004452 52.8380133124039 0.05
24 45 31 38 38.3287752547287 1997.71993751518 52.1206306290394 0.05
25 46 32 39 42.752081084899245 2198.07484801113 51.414452635559 0.05
26 47 33 40 36.12923460203192 1799.25128058433 49.8004261757358 0.05
27 48 34 41 32.08919708205358 1541.07420949894 48.0247045620475 0.05
28 49 35 42 28.83668116311133 1338.04382486928 46.4007566370343 0.05
29 50 36 43 36.273375069074206 1660.0177732795999 45.7640837148041 0.05
30 51 37 44 30.15658311315989 1387.02619984916 45.9941431243874 0.05
31 52 38 45 33.764710829387774 1588.86055352936 47.0568387674881 0.05
32 53 39 46 29.85286043674551 1451.03635342902 48.6062753183597 0.05
33 54 40 47 33.718806924720894 1674.09050381242 49.6485687512586 0.05
34 55 41 48 36.911826758618226 1833.8171750875197 49.681019232118 0.05
35 56 42 49 38.656183900387425 1914.51498737676 49.5267456381687 0.05
36 57 43 50 34.30840742746016 1700.67871132359 49.5703193136963 0.05
37 58 44 51 42.07997532730918 2082.02154436215 49.4777273077666 0.05
38 59 45 52 37.54404621513593 1845.75094933201 49.1622809847249 0.05
39 60 46 53 35.960320391639726 1767.4858776306903 49.1510047291349 0.05
40 61 47 54 36.81719609073999 1806.88157453282 49.0771097853178 0.05
41 62 48 55 34.756052069470385 1705.8046250586303 49.0793552055069 0.05
42 63 49 56 36.43819402756772 1782.25417871322 48.9117044978913 0.05
43 64 50 57 36.171015563841394 1763.10749797292 48.7436548432282 0.05
44 65 51 58 30.20125024129798 1469.23557247472 48.6481705471136 0.05
45 66 52 59 34.184445591478166 1659.1737394192403 48.5359265218815 0.05
46 67 53 60 36.74796317370532 1776.1977615149797 48.3345907668135 0.05
47 68 54 61 34.566832301193344 1663.3729094309997 48.1204900390475 0.05
48 69 55 62 43.012205382768556 2071.60507496205 48.1631912738883 0.05
49 70 56 63 38.89742596132163 1864.74568175408 47.9400792126534 0.05
50 71 57 64 40.344310854756344 1925.41178641882 47.7244931348685 0.05
51 72 58 65 41.061935024306884 1954.45456392607 47.5977218991048 0.05
1 25 9 17 38.70811910296621 2025.07810320741 52.3166237507063 0.05
2 26 10 18 38.304425047489175 2012.3531764703398 52.5357885929748 0.05
3 27 11 19 35.5927467523876 1870.9148216063302 52.5644967673316 0.05
4 28 12 20 39.34821101956001 2068.35254700707 52.5653515982948 0.05
5 29 13 21 41.6331274724242 2186.83081861767 52.5262201372242 0.05
6 30 14 22 40.72186063350551 2147.1826320288 52.7280089520792 0.05
7 31 15 23 34.556563475177136 1822.4828774321 52.7391237482638 0.05
8 32 16 24 35.29814407770736 1870.2487091989901 52.9843355243187 0.05
9 33 17 25 34.62739173079171 1812.92616049002 52.3552618281068 0.05
10 34 18 26 29.175056607925878 1496.08187934594 51.2794850564062 0.05
11 35 19 27 29.033456911431706 1468.16266805781 50.5679593214314 0.05
12 36 20 28 26.38024923885432 1337.48398615809 50.7002027936934 0.05
13 37 21 29 26.986941091672428 1387.67263149212 51.4201526871204 0.05
14 38 22 30 29.660720442924028 1570.16714512853 52.937592940468 0.05
15 39 23 31 31.70902540430385 1738.73867238467 54.834188380595 0.05
16 40 24 32 32.1432739161452 1839.0719263657998 57.2148291789921 0.05
17 41 25 33 35.90368302961822 2113.96281654758 58.8787176737188 0.05
18 42 26 34 33.56701962306425 2015.33789746964 60.0392266010081 0.05
19 43 27 35 34.308047886172716 2060.57263455712 60.0609116961038 0.05
20 44 28 36 38.30285638469668 2308.97326393818 60.2820124104555 0.05
21 45 29 37 39.59875253169814 2389.55022472073 60.3440783344863 0.05
22 46 30 38 38.10479432947551 2275.28226976421 59.7111809629738 0.05
23 47 31 39 33.262234128077644 1965.7895851590297 59.0997459037079 0.05
24 48 32 40 32.80521126076672 1915.7575070436603 58.3979628058303 0.05
25 49 33 41 28.41687865853534 1621.73087097007 57.0692823253818 0.05
26 50 34 42 30.816770208459324 1690.89696444536 54.8693764144434 0.05
27 51 35 43 27.594950787997362 1470.19725923718 53.2777634043346 0.05
28 52 36 44 25.509690319927696 1335.40824584865 52.349057518956 0.05
29 53 37 45 27.697124992927986 1440.58304333121 52.0120064338461 0.05
30 54 38 46 27.14604670436959 1430.05549060388 52.680064474128 0.05
31 55 39 47 28.806705405583344 1548.86258164412 53.7674322640144 0.05
32 56 40 48 32.266947154678356 1785.1084847209202 55.3231291501991 0.05
33 57 41 49 30.662336690750017 1717.78021089572 56.0224821813377 0.05
34 58 42 50 32.022710804487545 1814.9216880536098 56.6760790219944 0.05
35 59 43 51 34.9001399582016 1955.24867349488 56.0240926207344 0.05
36 60 44 52 31.784363138878053 1786.07296661369 56.1934482943595 0.05
37 61 45 53 31.308530750169506 1760.91441469145 56.2439173125975 0.05
38 62 46 54 29.4105822972037 1646.67879863938 55.9893300309101 0.05
39 63 47 55 30.694730482263537 1716.10159666896 55.908671283515 0.05
40 64 48 56 29.48309350188694 1643.88010607413 55.756703616224 0.05
41 65 49 57 34.400978250834974 1921.1775627013 55.8465968232944 0.05
42 66 50 58 32.906683306441046 1822.28413007721 55.3773260315336 0.05
43 67 51 59 25.9415074031242 1444.97394244694 55.7012327769711 0.05
44 68 52 60 30.85497665201549 1706.7294179007 55.3145587225461 0.05
45 69 53 61 30.974693433233377 1714.39710430528 55.3483154886004 0.05
46 70 54 62 32.6419962543181 1799.91717530348 55.1411488831776 0.05
47 71 55 63 34.904072635474314 1914.51505385642 54.8507640885043 0.05
48 72 56 64 34.29788944637079 1876.25097755806 54.7045607716423 0.05
1 28 10 19 30.374672573178096 1801.33511583885 59.303852955093 0.05
2 29 11 20 32.364697799839924 1913.8077131411799 59.1325686084622 0.05
3 30 12 21 32.903271727142545 1944.9580270048502 59.1113869506301 0.05
4 31 13 22 29.92605216785911 1769.21908406762 59.1196952455954 0.05
5 32 14 23 29.276324719732983 1736.40262306448 59.3108130780535 0.05
6 33 15 24 31.504823375059978 1853.63338096585 58.836494935986 0.05
7 34 16 25 30.367861308990253 1758.01580210926 57.8906688298398 0.05
8 35 17 26 27.07595655943927 1544.25224713469 57.0340790636381 0.05
9 36 18 27 27.892061863046507 1579.12611527189 56.615610671796 0.05
10 37 19 28 28.82338966571905 1641.76974784226 56.9596347578401 0.05
11 38 20 29 30.453317186235765 1772.60411102753 58.2072586768547 0.05
12 39 21 30 27.29179987915324 1637.60938167035 60.0037149957718 0.05
13 40 22 31 26.437854817975587 1642.25864963013 62.1176968001779 0.05
14 41 23 32 26.623946242558386 1711.53612013583 64.2855910443486 0.05
15 42 24 33 27.692552203283164 1832.77038226269 66.1827905499227 0.05
16 43 25 34 30.90461836406183 2072.83524647624 67.072022118438 0.05
17 44 26 35 31.16414306815684 2094.87601210278 67.2207160492502 0.05
18 45 27 36 30.48819876481456 2069.97149009271 67.8941877170388 0.05
19 46 28 37 31.735284276661986 2159.66456529415 68.0524726505242 0.05
20 47 29 38 32.8527104058921 2209.80342073318 67.2639606726894 0.05
21 48 30 39 37.05869392782799 2473.86275070709 66.7552600619156 0.05
22 49 31 40 32.802387894870016 2161.79538720225 65.9035980591015 0.05
23 50 32 41 30.900486168383395 2018.18527785988 65.3124118132755 0.05
24 51 33 42 28.156721974970228 1799.82312949343 63.9216145648408 0.05
25 52 34 43 25.910703616664392 1606.86093661187 62.0153339092815 0.05
26 53 35 44 23.385773981269708 1407.07712338156 60.1680801545643 0.05
27 54 36 45 27.481132529730253 1614.51509266643 58.7499474746821 0.05
28 55 37 46 27.115362310264498 1576.63572138134 58.1454786899346 0.05
29 56 38 47 23.94983064523633 1399.08111762421 58.4171612045403 0.05
30 57 39 48 25.78658583315122 1524.5566314271 59.122081585036 0.05
31 58 40 49 26.90283815971638 1625.38042260933 60.4166896057507 0.05
32 59 41 50 25.448471386299328 1573.37028930123 61.8257287605999 0.05
33 60 42 51 30.86631743381668 1941.43608967197 62.898209150955 0.05
34 61 43 52 31.26855374142812 1970.85131057733 63.0298198910979 0.05
35 62 44 53 26.186314517192855 1640.21544803043 62.6363609492864 0.05
36 63 45 54 28.38218124318724 1788.22592904029 63.005232533688 0.05
37 64 46 55 26.238502511181945 1653.21492369573 63.0072132733637 0.05
38 65 47 56 28.582958310203406 1789.71092248789 62.6146147317791 0.05
39 66 48 57 27.555710524425848 1726.3027454291 62.6477311807611 0.05
40 67 49 58 25.074142476679498 1566.78362072003 62.4860300677176 0.05
41 68 50 59 27.31051412629543 1704.65615711531 62.4175784180501 0.05
42 69 51 60 25.51883569774467 1590.21863218548 62.3154853544522 0.05
43 70 52 61 27.214635101484543 1697.89451989008 62.3890239041809 0.05
44 71 53 62 28.766379349598505 1792.63725799656 62.3170971991503 0.05
45 72 54 63 28.342253711973683 1752.54264861533 61.8349784891996 0.05
1 31 11 21 27.62492152954254 1814.455715109 65.6818414187563 0.05
2 32 12 22 26.874573438192417 1762.60606292418 65.5863828677287 0.05
3 33 13 23 27.77202984027774 1807.65401982533 65.0890133066072 0.05
4 34 14 24 26.551207152922267 1708.98893691389 64.3657716604345 0.05
5 35 15 25 24.65775660621558 1563.54127303031 63.4097131381442 0.05
6 36 16 26 24.89960823844254 1569.30335048237 63.0252225438439 0.05
7 37 17 27 25.63248797298165 1614.68266842982 62.9935989878081 0.05
8 38 18 28 22.75841584861663 1449.60066484767 63.6951479615302 0.05
9 39 19 29 25.308074776211754 1644.21426932312 64.967971047272 0.05
10 40 20 30 24.085154437796287 1611.30090895059 66.9001692769722 0.05
11 41 21 31 24.928994667371025 1719.23512918485 68.9652812768706 0.05
12 42 22 32 24.371916788831673 1746.27114243356 71.6509562035671 0.05
13 43 23 33 23.933905956034078 1758.54162479616 73.4749116181267 0.05
14 44 24 34 25.742795907802282 1913.55262441183 74.3335196093389 0.05
15 45 25 35 28.177913418070172 2100.46108874375 74.5428186104351 0.05
16 46 26 36 29.31500576065724 2194.89071142929 74.87260037912 0.05
17 47 27 37 28.17125891927211 2118.32174738459 75.1944296651732 0.05
18 48 28 38 30.444390910090025 2279.15049091467 74.8627390065243 0.05
19 49 29 39 27.24691657966152 2025.84208825168 74.3512419957226 0.05
20 50 30 40 29.754321549643798 2189.53820484223 73.5872334104167 0.05
21 51 31 41 26.580910841590732 1943.69584138704 73.1237485792161 0.05
22 52 32 42 25.88020425563307 1868.78647294561 72.2091083395855 0.05
23 53 33 43 25.13485527826595 1779.79550057968 70.8098567059849 0.05
24 54 34 44 22.52457622290762 1548.41154642766 68.7432043606182 0.05
25 55 35 45 23.626031674476632 1575.03823566042 66.6653739130446 0.05
26 56 36 46 24.56165847225509 1603.19734397047 65.2723571489053 0.05
27 57 37 47 22.402725882785813 1440.97253513602 64.3213036964961 0.05
28 58 38 48 24.753301801607233 1591.84370073324 64.3083380751202 0.05
29 59 39 49 23.611087225441562 1528.66941616332 64.7437113576091 0.05
30 60 40 50 24.19468505668846 1597.65751346249 66.0334081522102 0.05
31 61 41 51 27.542522405002565 1838.80903012062 66.7625500337847 0.05
32 62 42 52 21.57134165940774 1473.14347724804 68.2916946246396 0.05
33 63 43 53 23.427959449677626 1621.7433228181599 69.2225597496702 0.05
34 64 44 54 25.925143116027876 1806.09092218829 69.6656104888269 0.05
35 65 45 55 24.21995465449597 1682.50002637633 69.4675134771157 0.05
36 66 46 56 25.676066350817198 1786.43651494794 69.5759424570533 0.05
37 67 47 57 24.290749910442784 1698.35228674114 69.9176556097597 0.05
38 68 48 58 24.83362740611283 1724.87420622595 69.4571992250061 0.05
39 69 49 59 22.979229066058746 1596.02356857555 69.4550528212864 0.05
40 70 50 60 27.486985645424173 1893.91381037044 68.9022010198388 0.05
41 71 51 61 24.115858911131106 1669.10068907112 69.2117454834137 0.05
42 72 52 62 25.250385350563967 1746.38731447248 69.1627985167947 0.05
1 34 12 23 22.011759888334055 1555.48407500761 70.6660477353288 0.05
2 35 13 24 22.3824866044873 1559.76218671015 69.6867249055985 0.05
3 36 14 25 22.313371914464856 1545.44539871426 69.2609527882431 0.05
4 37 15 26 23.483796940657975 1624.7399622611297 69.1855736262216 0.05
5 38 16 27 22.250870131787003 1549.0936739438 69.619464981318 0.05
6 39 17 28 23.297029977212848 1642.79676700447 70.5152875113829 0.05
7 40 18 29 25.124446303286877 1804.69522823045 71.8302487722626 0.05
8 41 19 30 24.00160858278311 1769.63423579599 73.7298181366639 0.05
9 42 20 31 22.134882723674874 1683.32625659623 76.0485735393479 0.05
10 43 21 32 24.252314210459655 1907.38268541851 78.6474506666207 0.05
11 44 22 33 23.83704491475344 1923.03478280259 80.6742106531992 0.05
12 45 23 34 22.480156462459256 1838.39670498824 81.7786436699527 0.05
13 46 24 35 24.259942818164834 1984.20141371987 81.7892040633411 0.05
14 47 25 36 23.463446261160332 1924.21010551802 82.0088440589913 0.05
15 48 26 37 25.68273046399422 2111.55404417918 82.2168829416118 0.05
16 49 27 38 26.663464950202993 2180.03338824301 81.7610686500973 0.05
17 50 28 39 29.24638924571198 2382.60541561388 81.4666520231454 0.05
18 51 29 40 26.024957018562535 2116.56663409135 81.3283431200939 0.05
19 52 30 41 25.591177339019037 2075.27930293388 81.0935454606728 0.05
20 53 31 42 27.053373347598495 2166.59840035464 80.0860718002462 0.05
21 54 32 43 22.7154030331312 1794.9723014775398 79.0200507937064 0.05
22 55 33 44 23.632224586667544 1827.4411944081403 77.3283610142702 0.05
23 56 34 45 23.439478565683416 1761.62733076348 75.1564214974727 0.05
24 57 35 46 20.145836664632203 1472.57894447355 73.0959437916417 0.05
25 58 36 47 22.779073065187266 1633.79858790588 71.7236642259503 0.05
26 59 37 48 22.839524192948154 1614.61648955558 70.6939634957064 0.05
27 60 38 49 21.488494111953933 1515.62829941888 70.5320852881796 0.05
28 61 39 50 21.785910090244368 1541.75821081752 70.7685932986528 0.05
29 62 40 51 25.64451670048799 1824.62178627254 71.1505624217055 0.05
30 63 41 52 22.567565334970414 1624.17733485048 71.9695417180725 0.05
31 64 42 53 22.214845515768683 1625.0922585946203 73.1534350504975 0.05
32 65 43 54 21.222540831184883 1586.0711060486603 74.7352128411529 0.05
33 66 44 55 21.005009431103822 1592.61849231789 75.8208891808242 0.05
34 67 45 56 22.77146797690485 1742.7210556406403 76.5309051400697 0.05
35 68 46 57 21.480719675489507 1642.53495113826 76.4655456591833 0.05
36 69 47 58 22.634838595749514 1732.90678820068 76.5592730370118 0.05
37 70 48 59 20.787510663016477 1594.2402996697 76.6922180107909 0.05
38 71 49 60 23.56077248006632 1789.1151120830698 75.9361822112054 0.05
39 72 50 61 23.66363820135032 1791.21242974098 75.6947183902925 0.05
1 37 13 25 21.760162234385124 1639.25507820954 75.3328518672168 0.05
2 38 14 26 19.82086686926587 1497.18167904468 75.5356306522699 0.05
3 39 15 27 20.199349532144964 1538.4263063769697 76.1621706643939 0.05
4 40 16 28 20.123324684663892 1557.40158386913 77.3928567110004 0.05
5 41 17 29 20.886079160913553 1645.37927259751 78.7787530594393 0.05
6 42 18 30 21.830416456848372 1762.8764386097798 80.753220722766 0.05
7 43 19 31 22.199431660793568 1842.0064832547203 82.9753892532253 0.05
8 44 20 32 20.344068445751148 1745.90841066813 85.8190393590011 0.05
9 45 21 33 22.55584984122509 1982.71464616786 87.9024581261431 0.05
10 46 22 34 24.34362963150309 2163.13625080374 88.8584111551067 0.05
11 47 23 35 24.12298131207569 2144.24736596775 88.8881576546413 0.05
12 48 24 36 25.899405313236315 2309.01510185484 89.1532092698198 0.05
13 49 25 37 22.16543263619173 1979.0478345822 89.285324002691 0.05
14 50 26 38 23.060140550838774 2043.8003913814102 88.6291385291262 0.05
15 51 27 39 21.81293521260246 1934.96885498003 88.7074039381045 0.05
16 52 28 40 25.304795801027847 2238.18848867145 88.4491819760323 0.05
17 53 29 41 24.97868405392629 2207.43874643309 88.3728999361002 0.05
18 54 30 42 24.119587211553696 2117.76397884226 87.8026626354457 0.05
19 55 31 43 24.605151348271374 2137.86033673291 86.8866972802874 0.05
20 56 32 44 21.65207232904877 1855.0476693494497 85.6752943163176 0.05
21 57 33 45 24.68438721104418 2064.67868746074 83.6431007911337 0.05
22 58 34 46 21.252785252189067 1733.82653346452 81.5811439719852 0.05
23 59 35 47 20.70446249460549 1647.52309578716 79.5733333437861 0.05
24 60 36 48 20.90754595519586 1637.3397578478198 78.3133401383683 0.05
25 61 37 49 21.415096020191207 1653.88269790882 77.2297586874912 0.05
26 62 38 50 19.64961050201136 1507.95923477704 76.7424491504645 0.05
27 63 39 51 20.177977206443263 1542.85592361223 76.4623682456913 0.05
28 64 40 52 21.451253410692896 1645.0915542527903 76.6897636588804 0.05
29 65 41 53 21.904111111409343 1688.19702571832 77.0721540413926 0.05
30 66 42 54 21.181571819931964 1659.66318099027 78.3541087082366 0.05
31 67 43 55 20.123268586705652 1605.00970074687 79.7588967135892 0.05
32 68 44 56 19.365982329627148 1578.4286706926498 81.5052210534078 0.05
33 69 45 57 18.818344695200604 1563.32200289161 83.0743632456853 0.05
34 70 46 58 19.896762496207444 1660.54197576595 83.4578980415768 0.05
35 71 47 59 20.225630476078635 1682.98023408449 83.2102730283238 0.05
36 72 48 60 21.968704855729893 1822.8070570395698 82.9728957173433 0.05
1 40 14 27 16.91966459133619 1403.5537592994901 82.9539942546017 0.05
2 41 15 28 20.509764603725774 1724.1900316508297 84.0667879404923 0.05
3 42 16 29 18.917970221964854 1622.6904496598 85.7750821372878 0.05
4 43 17 30 19.449521942167184 1709.37691908605 87.8878629597608 0.05
5 44 18 31 19.353444614470398 1744.02268297722 90.1143293981491 0.05
6 45 19 32 18.86202818345555 1752.28010327036 92.8998772680945 0.05
7 46 20 33 21.34273131340692 2025.01486471042 94.8807739259858 0.05
8 47 21 34 20.756467650031883 1992.04221180732 95.9721203720451 0.05
9 48 22 35 19.64754305322093 1885.09720074122 95.9456963975038 0.05
10 49 23 36 20.049331795316398 1926.32833189194 96.0794280606368 0.05
11 50 24 37 21.70878656175696 2086.175555026 96.098211159397 0.05
12 51 25 38 23.25431972479548 2230.25096503138 95.9069536939978 0.05
13 52 26 39 21.659013785608728 2074.91677394041 95.7992268013183 0.05
14 53 27 40 20.608531752258767 1969.56294356623 95.5702699854083 0.05
15 54 28 41 22.292274157228146 2127.29916696392 95.4276424181763 0.05
16 55 29 42 22.781628411312028 2159.16901279123 94.7767637066327 0.05
17 56 30 43 19.57362274524727 1844.40052813136 94.2288789426681 0.05
18 57 31 44 21.752571958895842 2028.83323383832 93.2686598013352 0.05
19 58 32 45 21.179389938602263 1950.93172947492 92.1146329110777 0.05
20 59 33 46 21.428873452603177 1933.6419442095798 90.2353522450188 0.05
21 60 34 47 21.124090922202143 1864.26667690253 88.2531079689267 0.05
22 61 35 48 20.367978502105412 1754.7510208758802 86.1524387751339 0.05
23 62 36 49 19.091225555915287 1616.70386603768 84.6830844516818 0.05
24 63 37 50 17.74747692026564 1485.88428995482 83.7236919157847 0.05
25 64 38 51 22.62065172914786 1871.66488922558 82.741421937629 0.05
26 65 39 52 19.188260416403285 1578.2266347886602 82.2495943112955 0.05
27 66 40 53 18.79483999287445 1545.6709027580102 82.2391094227995 0.05
28 67 41 54 17.87173989945574 1479.47024155571 82.7826641322575 0.05
29 68 42 55 17.697435275593403 1480.66679892238 83.6656145856554 0.05
30 69 43 56 17.567312686725074 1494.23741405071 85.0578253314661 0.05
31 70 44 57 17.539179313332596 1521.1903106763602 86.7309857263396 0.05
32 71 45 58 17.525287263691578 1551.04359764379 88.5031768270755 0.05
33 72 46 59 17.556590204720678 1575.3350997017803 89.7289895892312 0.05
1 43 15 29 16.832169923096583 1561.93906463564 92.7948726618067 0.05
2 44 16 30 17.299471480458703 1642.96333418159 94.9718802702998 0.05
3 45 17 31 18.627199549059362 1813.22410084544 97.3428182840831 0.05
4 46 18 32 19.00938269145185 1900.0442823559 99.9529712877164 0.05
5 47 19 33 21.764159620110494 2216.63448024508 101.847924244999 0.05
6 48 20 34 17.0561701643828 1753.6584351935999 102.816659208504 0.05
7 49 21 35 20.323364061397196 2089.07087737072 102.791588590334 0.05
8 50 22 36 20.935929112877865 2157.45687719153 103.050448134373 0.05
9 51 23 37 17.26740281558657 1784.0802968747098 103.320708732427 0.05
10 52 24 38 19.885126651640416 2045.22397293615 102.851946018027 0.05
11 53 25 39 20.115503660046397 2067.72542973246 102.792625264432 0.05
12 54 26 40 19.347574207850965 1982.33690207807 102.459196216633 0.05
13 55 27 41 20.568854789891063 2107.40047839682 102.455897517082 0.05
14 56 28 42 20.120831791361145 2048.61680452712 101.815711485978 0.05
15 57 29 43 23.470090220564515 2373.55883171253 101.131218900591 0.05
16 58 30 44 21.98766156601472 2208.73642812114 100.453448471077 0.05
17 59 31 45 22.329360114200746 2219.08882557268 99.3798664280313 0.05
18 60 32 46 20.42738431530691 2016.5683037534 98.7188703471114 0.05
19 61 33 47 17.431323010343018 1690.44245372463 96.9772892580553 0.05
20 62 34 48 17.829972490428702 1689.32708203658 94.7464771997504 0.05
21 63 35 49 19.079803376748877 1768.57802271369 92.6937237135747 0.05
22 64 36 50 16.888349993485363 1539.9310719211999 91.1830387524669 0.05
23 65 37 51 19.767952221586878 1773.3515070976098 89.7084071844875 0.05
24 66 38 52 17.966007233441676 1595.0153042355698 88.7796205083693 0.05
25 67 39 53 16.778436619217235 1481.57953387325 88.3025974050716 0.05
26 68 40 54 17.7771714778398 1568.91432441779 88.2544406107308 0.05
27 69 41 55 16.66484629425089 1474.92824377225 88.5053613894463 0.05
28 70 42 56 16.418683325338783 1466.10787691731 89.295094366957 0.05
29 71 43 57 17.52502698451831 1583.7055409873399 90.3682226787093 0.05
30 72 44 58 15.65780561760293 1436.38666998376 91.7361413893742 0.05
1 46 16 31 17.26706996508315 1805.10314646553 104.540211519137 0.05
2 47 17 32 18.326102445066542 1961.13089879016 107.012983511838 0.05
3 48 18 33 18.133546868773617 1970.84212194279 108.684866573821 0.05
4 49 19 34 19.234280117605177 2107.94792257975 109.593283954014 0.05
5 50 20 35 17.825171024873796 1952.6990003201902 109.547279944486 0.05
6 51 21 36 18.76666282927069 2065.89546582179 110.083262251591 0.05
7 52 22 37 17.861310146082662 1970.31572567084 110.311937341448 0.05
8 53 23 38 18.119054369040626 1993.9958448377997 110.049663973903 0.05
9 54 24 39 20.108080465437574 2204.36934464859 109.626045531175 0.05
10 55 25 40 18.692605047719 2042.4187697589903 109.263463521807 0.05
11 56 26 41 18.53176410060566 2023.00307899543 109.164085405626 0.05
12 57 27 42 18.69920481688746 2031.23129381044 108.626613468398 0.05
13 58 28 43 20.796294178839613 2251.06437423545 108.24353391413 0.05
14 59 29 44 19.07912944122487 2048.79661694228 107.384177210695 0.05
15 60 30 45 21.567307861001254 2303.1162208221 106.787376322785 0.05
16 61 31 46 17.389571397139086 1839.03863456783 105.755259434996 0.05
17 62 32 47 19.750090759743397 2070.48638368 104.834271845488 0.05
18 63 33 48 17.899665699383547 1851.96791064676 103.463826741219 0.05
19 64 34 49 17.597714600080266 1783.64070935433 101.356383478693 0.05
20 65 35 50 16.55387581167845 1641.89739540178 99.1850738812147 0.05
21 66 36 51 18.43125331736351 1793.1821029883697 97.2902966560103 0.05
22 67 37 52 17.103984753773894 1642.1657040107 96.0107090628905 0.05
23 68 38 53 17.448618393725454 1657.04161052314 94.9669236344245 0.05
24 69 39 54 16.08758899443952 1521.2852513112998 94.5626626735127 0.05
25 70 40 55 15.979831114123982 1507.35816923355 94.3287922424444 0.05
26 71 41 56 15.598169023414625 1470.94264304566 94.3022633513977 0.05
27 72 42 57 15.504810869937868 1472.12199608819 94.9461433897574 0.05
1 49 17 33 17.16014711319922 1986.12673877098 115.740659195357 0.05
2 50 18 34 16.159142737502723 1878.1742542793297 116.229820157501 0.05
3 51 19 35 16.396127813464037 1908.8850897576997 116.422920794151 0.05
4 52 20 36 18.071216503051037 2113.46803382905 116.952172725739 0.05
5 53 21 37 17.515389296100295 2054.76157259208 117.311784388918 0.05
6 54 22 38 17.482674292147564 2042.1066376093302 116.807451965547 0.05
7 55 23 39 18.033582934315316 2101.25316338228 116.518895387333 0.05
8 56 24 40 18.213817324317482 2116.42648060271 116.198951758292 0.05
9 57 25 41 17.724840937075548 2053.37667977597 115.847396716597 0.05
10 58 26 42 18.262294819318004 2106.02359993047 115.320863055102 0.05
11 59 27 43 19.822726917595027 2278.01998781238 114.919607039048 0.05
12 60 28 44 17.979252730822783 2060.1664419103 114.585765757575 0.05
13 61 29 45 19.481419409578272 2215.46175116106 113.72178302736 0.05
14 62 30 46 17.11212962706909 1931.4176839355503 112.868341114031 0.05
15 63 31 47 19.064778011926393 2136.25022837422 112.052195259648 0.05
16 64 32 48 18.234865104043056 2025.20101884836 111.062023617566 0.05
17 65 33 49 17.336110909999174 1899.47559974187 109.56757311966 0.05
18 66 34 50 16.991556651861696 1831.99234964225 107.817805465253 0.05
19 67 35 51 17.841630094023465 1883.6710654131402 105.577296216007 0.05
20 68 36 52 17.157270569409594 1779.6220087568397 103.724074383358 0.05
21 69 37 53 14.449866772665596 1478.56788324124 102.323980317812 0.05
22 70 38 54 14.54187913449394 1474.20613677535 101.376591232867 0.05
23 71 39 55 14.564202990388535 1465.88588928349 100.649921609228 0.05
24 72 40 56 15.264694430850412 1531.58114890279 100.334871152574 0.05
1 52 18 35 16.82211373675903 2075.5530637746 123.382417706473 0.05
2 53 19 36 16.176234687414613 2000.84418003634 123.690353082787 0.05
3 54 20 37 16.747125595012392 2073.92805194082 123.837851467387 0.05
4 55 21 38 16.234654955732136 2006.56320873028 123.5975272774 0.05
5 56 22 39 16.546014416611705 2041.3688355068502 123.375260295759 0.05
6 57 23 40 15.761075609299207 1936.22690338406 122.848652679622 0.05
7 58 24 41 16.547044348997456 2029.4914212222 122.649784361348 0.05
8 59 25 42 16.448521674947052 2009.41011724723 122.16356928342 0.05
9 60 26 43 16.971828575976797 2067.59711052657 121.825241238484 0.05
10 61 27 44 19.12455590762106 2317.27659549078 121.167602881035 0.05
11 62 28 45 17.270368571381773 2080.38474734512 120.459777030611 0.05
12 63 29 46 20.691945067735432 2480.00050373946 119.853425843783 0.05
13 64 30 47 18.109256630701406 2157.44023979627 119.134665977325 0.05
14 65 31 48 17.73578191236486 2094.13815987058 118.074194316215 0.05
15 66 32 49 16.38213064312217 1920.9091147865201 117.25636650279 0.05
16 67 33 50 16.106509711151844 1868.61745958589 116.016287395406 0.05
17 68 34 51 15.507311024320211 1766.56290803657 113.918067759527 0.05
18 69 35 52 15.370190422288298 1721.22971983223 111.984931386164 0.05
19 70 36 53 16.849187826033596 1856.7195567810497 110.196383110659 0.05
20 71 37 54 14.946153212970895 1625.13358645085 108.732565717344 0.05
21 72 38 55 15.29589302979769 1645.10708212254 107.552208878405 0.05
1 55 19 37 15.473708940694596 2020.68418412102 130.588224960519 0.05
2 56 20 38 15.93901725917016 2074.04431594539 130.123726088077 0.05
3 57 21 39 17.387094884197836 2257.05338343327 129.811989781259 0.05
4 58 22 40 15.605923111826987 2023.64752110066 129.671760305357 0.05
5 59 23 41 18.277535669763065 2366.04363422596 129.450910504317 0.05
6 60 24 42 17.227240389729406 2223.27951594003 129.05604528892 0.05
7 61 25 43 16.318742942671822 2096.26630325032 128.457584669025 0.05
8 62 26 44 17.35047993103965 2219.17755198291 127.902949128966 0.05
9 63 27 45 18.149846144575445 2309.04085255326 127.220960120556 0.05
10 64 28 46 17.992191935588675 2275.42327446023 126.467263277657 0.05
11 65 29 47 15.928883564717554 2002.99929911854 125.74637079746 0.05
12 66 30 48 16.546623210165947 2070.41811815382 125.126322867 0.05
13 67 31 49 16.358560739369704 2036.2502854380298 124.476127079899 0.05
14 68 32 50 15.703052911793696 1941.52839494819 123.640186774765 0.05
15 69 33 51 16.041255147332972 1959.67238565401 122.164529374737 0.05
16 70 34 52 15.018347737278408 1805.27492027283 120.204629154497 0.05
17 71 35 53 13.36045740150234 1577.39405283344 118.064375000819 0.05
18 72 36 54 14.322092292966389 1669.52759927807 116.570090816827 0.05
1 58 20 39 15.752877262974234 2151.08476270119 136.551864576329 0.05
2 59 21 40 15.699006909339294 2137.58974250116 136.160825639838 0.05
3 60 22 41 16.271219371762534 2216.95227287893 136.2499160159 0.05
4 61 23 42 16.535615047523446 2244.63952569398 135.745753589623 0.05
5 62 24 43 16.54868412470609 2236.86770702792 135.168916765317 0.05
6 63 25 44 15.988089256149522 2151.82746948371 134.589408090529 0.05
7 64 26 45 15.091675039594572 2018.1025772082603 133.722901660257 0.05
8 65 27 46 16.941906443902216 2255.94203854393 133.157507746473 0.05
9 66 28 47 16.44901876355955 2178.82379736724 132.459195815018 0.05
10 67 29 48 16.670676667956556 2198.22486546127 131.861765976577 0.05
11 68 30 49 15.358740256519216 2016.72215492455 131.307784443358 0.05
12 69 31 50 14.758703750435762 1930.35283790234 130.794199175205 0.05
13 70 32 51 16.406291718054028 2130.08392229913 129.833356550348 0.05
14 71 33 52 14.670692866463021 1880.94878617562 128.211312396529 0.05
15 72 34 53 14.355601993624555 1813.05047657102 126.295677281678 0.05
1 61 21 41 14.622182988123237 2089.18471594979 142.877757558274 0.05
2 62 22 42 14.85607152976074 2113.25190781694 142.24836650682 0.05
3 63 23 43 16.012731336324528 2270.57394256399 141.798041500468 0.05
4 64 24 44 15.088647778878906 2129.99270545943 141.165247984713 0.05
5 65 25 45 15.804267143163514 2217.9089603911 140.336083938603 0.05
6 66 26 46 15.470569197288693 2160.27215465765 139.637535446094 0.05
7 67 27 47 15.185010343905427 2113.22763802192 139.165373625845 0.05
8 68 28 48 15.393838762243742 2134.60990650314 138.666510639222 0.05
9 69 29 49 15.90957596316862 2197.21026786949 138.106148960609 0.05
10 70 30 50 14.968785380500227 2059.36729039083 137.57744787186 0.05
11 71 31 51 16.566676174219236 2262.7719588358 136.585754139209 0.05
12 72 32 52 14.048045303291714 1907.26772525879 135.767481103715 0.05
1 64 22 43 14.312208428561602 2124.26465051297 148.423261239947 0.05
2 65 23 44 14.272942339306006 2106.71642839558 147.602111625851 0.05
3 66 24 45 16.01405045274146 2350.49449404966 146.77701316017 0.05
4 67 25 46 15.009186067454047 2197.05785959288 146.380879663887 0.05
5 68 26 47 15.818572139935231 2305.47359443782 145.744734356742 0.05
6 69 27 48 14.0337126515132 2039.24728093304 145.310605366653 0.05
7 70 28 49 15.329040185220801 2218.89188032077 144.750868515569 0.05
8 71 29 50 15.531568814153156 2240.80516888758 144.274232416602 0.05
9 72 30 51 15.093554303102287 2164.30287579806 143.392525864714 0.05
1 67 23 45 14.685346791408383 2255.93189801334 153.617883871368 0.05
2 68 24 46 13.855546272078525 2117.23154925572 152.807511712644 0.05
3 69 25 47 15.1001075919819 2299.88862329921 152.30941960443 0.05
4 70 26 48 16.226405463371695 2463.8907984043803 151.844523050172 0.05
5 71 27 49 14.592277495535136 2207.75427628936 151.296072663426 0.05
6 72 28 50 13.991721723781275 2110.11659510322 150.811789768283 0.05
1 70 24 47 14.471326914344008 2300.40452815786 158.962930059834 0.05
2 71 25 48 14.853686105001561 2349.72186001391 158.1911616688 0.05
3 72 26 49 13.659823807227518 2152.89839241328 157.608064554549 0.05
