72
# x y z
0.0 -8.727 0.0
0.953939201 -8.427 0.0
1.9538787 -8.438 0.0
2.948350921 -8.333 0.0
3.941245176 -8.214 0.0
4.924543706 -8.032 0.0
5.918475293 -7.922 0.0
6.916961648 -7.867 0.0
7.914911546 -7.803 0.0
8.908953296 -7.694 0.0
9.882143925 -7.4639999999999995 0.0
10.87954856 -7.3919999999999995 0.0
11.87853554 -7.3469999999999995 0.0
12.87352298 -7.247 0.0
13.85569201 -7.059 0.0
14.848465899999999 -6.939 0.0
15.84722511 -6.8892 0.0
16.84598432 -6.8393999999999995 0.0
17.84474353 -6.7896 0.0
18.843502739999998 -6.7398 0.0
19.84226195 -6.6899999999999995 0.0
20.83744837 -6.592 0.0
21.82973058 -6.468 0.0
22.82274418 -6.586 0.0
23.82022049 -6.515 0.0
24.81982842 -6.487 0.0
25.81723305 -6.415 0.0
26.81722505 -6.411 0.0
27.81711254 -6.426 0.0
28.81674798 -6.399 0.0
29.80940048 -6.278 0.0
30.80438792 -6.378 0.0
31.80005403 -6.285 0.0
32.78105556 -6.091 0.0
33.77573692 -5.9879999999999995 0.0
34.77497613 -5.949 0.0
35.77471159 -5.926 0.0
36.761005159999996 -5.761 0.0
37.7521212 -5.628 0.0
38.74489509 -5.508 0.0
39.74144463 -5.425 0.0
40.72872322 -5.266 0.0
41.71238983 -5.086 0.0
42.70643158 -4.977 0.0
43.67467741 -4.727 0.0
44.66792663 -4.611 0.0
45.64751787 -4.41 0.0
46.638633909999996 -4.277 0.0
47.62302407 -4.101 0.0
48.62289606 -4.117 0.0
49.61492631 -3.991 0.0
50.60464899 -3.848 0.0
51.58037385 -3.629 0.0
52.57066623 -3.4899999999999998 0.0
53.55245032 -3.3 0.0
54.54052117 -3.146 0.0
55.53216577 -3.017 0.0
56.498043089999996 -2.758 0.0
57.457457489999996 -2.476 0.0
58.43621946 -2.271 0.0
59.40674458 -2.03 0.0
60.38040571 -1.802 0.0
61.37055722 -1.662 0.0
62.32481033 -1.363 0.0
63.30810886 -1.181 0.0
64.29177547 -1.001 0.0
65.27470171 -0.817 0.0
66.26759597 -0.698 0.0
67.24899089 -0.506 0.0
68.24417731 -0.408 0.0
69.24011906999999 -0.318 0.0
70.18820978 0.0 0.0
877
# a b m n r rhoa k err
0 25 12 13 0.17539064608657345 165.3 942.467592703931 0.0232
0 23 11 12 0.2094335122587867 179.46 856.8829222433615 0.01
0 21 10 11 0.2230226153307763 151.57 679.6171759316818 0.01
0 19 9 10 0.3020299472439422 153.9 509.5521202594481 0.024700000000000003
0 17 8 9 0.314494024217899 134.51 427.70288031547443 0.01
0 15 7 8 0.4527384887852372 163.63 361.42277286617036 0.01
0 13 6 7 0.7157372789427604 196.66 274.7656239039178 0.01
0 11 5 6 1.280323650519298 244.6 191.04544378352338 0.011000000000000001
0 9 4 5 1.8661202613605403 222.02 118.97411147453644 0.01
0 7 3 4 3.188484698322151 229.34 71.92758369537844 0.0159
0 5 2 3 4.463278561025745 182.68 40.92955380271329 0.01
0 3 1 2 17.73234421222784 211.59 11.932432478616795 0.0124
1 36 18 19 0.17452291124351585 172.31 987.3202250194639 0.01
1 34 17 18 0.160528072218724 142.88 890.0623923603965 0.01
1 32 16 17 0.1531876604479174 122.72 801.1089120440208 0.01
1 30 15 16 0.155730563353095 110.62 710.3294152297276 0.0174
1 28 14 15 0.1968076863409289 111.93 568.7277874203768 0.01
1 26 13 14 0.32549962928285664 150.4 462.0588979820422 0.0229
1 24 12 13 0.3689679945674586 149.91 406.29540287292286 0.01
1 22 11 12 0.47663804810722815 176.27 369.8194063608303 0.0132
1 20 10 11 0.5279226004881995 149.87 283.8863118597439 0.01
1 18 9 10 0.757778300907286 158.38 209.00572081619654 0.0296
1 16 8 9 0.8093831847624244 137.46 169.83303160708508 0.01
1 14 7 8 1.2249004537123764 165.59 135.18649576635949 0.01
1 12 6 7 2.0332710915071988 201.23 98.9686032720972 0.01
1 10 5 6 3.8725290169993407 246.49 63.650911050111304 0.01
1 8 4 5 6.142205440861677 218.79 35.6207557865903 0.01
1 6 3 4 13.206260282286769 237.25 17.9649647158793 0.0178
1 4 2 3 31.211413459949018 206.37 6.612004299799407 0.01
2 37 19 20 0.21417529787335335 210.01 980.5519221184117 0.01
2 35 18 19 0.1916754630376125 167.81 875.4902549371728 0.015
2 33 17 18 0.18045922118035004 140.89 780.7304003556306 0.01
2 31 16 17 0.17519949238381657 122.19 697.4335275601909 0.01
2 29 15 16 0.20946128914562281 127.91 610.661762475231 0.01
2 27 14 15 0.20825094374078446 101.39 486.86454034130503 0.0129
2 25 13 14 0.39316511779500307 153.12 389.4546923662669 0.0358
2 23 12 13 0.44365414333905173 150.37 338.93518691897674 0.011399999999999999
2 21 11 12 0.5743616892331358 173.19 301.53473542296354 0.01
2 19 10 11 0.6719860708413412 152.32 226.67136509138058 0.0115
2 17 9 10 1.0191108968857627 165.87 162.75951960367783 0.0263
2 15 8 9 1.1313018393084544 145.38 128.506818382677 0.01
2 13 7 8 1.8282149499870395 175.18 95.82024258211098 0.01
2 11 6 7 3.1855536358103427 213.51 67.02445615726926 0.01
2 9 5 6 6.203599598804763 233.74 37.67812481724873 0.01
2 7 4 5 12.42464512323608 223.56 17.993270454212563 0.01
2 5 3 4 44.97916901670663 272.39 6.05591445895379 0.0192
3 38 20 21 0.2391581699989585 231.98 969.985679356094 0.01
3 36 19 20 0.23710337062908315 206.02 868.9037167771479 0.0105
3 34 18 19 0.20303075395220416 157.39 775.2027559186992 0.01
3 32 17 18 0.21287592243782305 144.16 677.2019979953644 0.01
3 30 16 17 0.2010327935472639 121.78 605.7718138974618 0.01
3 28 15 16 0.23594090386934768 123.47 523.3090065144937 0.0171
3 26 14 15 0.2602762054911992 107.49 412.984351747185 0.01
3 24 13 14 0.4775916108799098 154.68 323.8750356502686 0.0143
3 22 12 13 0.535915142547013 150.41 280.66010466723344 0.01
3 20 11 12 0.7382934170742214 178.49 241.7602485300993 0.0111
3 18 10 11 0.8964988865185977 159.03 177.39006973847586 0.0165
3 16 9 10 1.4372614683423872 177.95 123.81184907519443 0.026000000000000002
3 14 8 9 1.6209651142979349 150.0 92.53746343885219 0.01
3 12 7 8 2.861751713964008 184.62 64.51293419311706 0.01
3 10 6 7 5.285088819399898 215.61 40.795908520697616 0.01
3 8 5 6 11.835002375515653 224.02 18.92859780606841 0.01
3 6 4 5 41.491491563323855 261.59 6.304666092824458 0.015
4 39 21 22 0.2165610043972985 211.1 974.7830667275634 0.01
4 37 20 21 0.2645378474027221 225.94 854.0932884209863 0.01
4 35 19 20 0.2621009118380693 200.03 763.1793365281468 0.01
4 33 18 19 0.23727999817650455 159.59 672.5809222287941 0.01
4 31 17 18 0.2458427944427596 143.17 582.3640278923641 0.01
4 29 16 17 0.25733168664675826 132.11 513.3841141815882 0.01
4 27 15 16 0.2794320710148943 123.19 440.8584868321493 0.0108
4 25 14 15 0.38031360278374404 129.89 341.5339316008077 0.0125
4 23 13 14 0.6156817937577619 162.72 264.2923692884472 0.0129
4 21 12 13 0.7067136149517 157.37 222.6786022945877 0.01
4 19 11 12 1.0210112139078513 190.59 186.66788121800315 0.01
4 17 10 11 1.3467685228150803 178.33 132.4132521505968 0.011200000000000002
4 15 9 10 2.3212977534875923 205.88 88.69176721972839 0.0246
4 13 8 9 2.821654888980198 170.79 60.52830935030715 0.01
4 11 7 8 5.262309314697076 204.93 38.94297878455227 0.01
4 9 6 7 11.385842453209396 224.67 19.732400208705762 0.01
4 7 5 6 41.92619326162461 261.82 6.244783502432738 0.012199999999999999
5 38 21 22 0.22218858748784115 191.57 862.1954987246287 0.01
5 36 20 21 0.30030058575741037 224.33 747.0181899052933 0.01
5 34 19 20 0.29732631889057615 198.11 666.3049565851238 0.01
5 32 18 19 0.2731556590127331 156.77 573.9218457586201 0.01
5 30 17 18 0.3023532899354106 150.26 496.96829835090887 0.01
5 28 16 17 0.3035064798055315 130.86 431.1604815944857 0.01
5 26 15 16 0.3762064535853617 137.48 365.4376438515976 0.013500000000000002
5 24 14 15 0.4555171130575035 125.89 276.3672239556627 0.01
5 22 13 14 0.8099304840053265 171.84 212.16635673496873 0.016200000000000003
5 20 12 13 0.9695925791155287 166.52 171.74223853064254 0.01
5 18 11 12 1.531472109348719 213.24 139.23857881465662 0.0129
5 16 10 11 2.079224202541127 196.99 94.74206762274525 0.0123
5 14 9 10 3.7732630164621375 221.18 58.617700127191604 0.029900000000000003
5 12 8 9 5.1500618753538685 184.97 35.91607333597141 0.01
5 10 7 8 11.163585675244624 215.0 19.259045100246322 0.01
5 8 6 7 41.32995851688737 263.13 6.366568209655603 0.0126
6 39 22 23 0.23746754909596451 226.6 954.2356455130938 0.01
6 37 21 22 0.27046427435476883 204.6 756.4769893846518 0.01
6 35 20 21 0.38139660491730243 249.22 653.4405308983753 0.01
6 33 19 20 0.3359217012506862 193.17 575.0447181018657 0.01
6 31 18 19 0.3248980806993872 159.31 490.33838444678906 0.01
6 29 17 18 0.38255092608837 159.77 417.64374127561996 0.01
6 27 16 17 0.3907805520743507 140.52 359.58800726926756 0.01
6 25 15 16 0.5135436331083688 153.18 298.2803994138424 0.01
6 23 14 15 0.6138164321290246 136.2 221.89044292540325 0.01
6 21 13 14 1.1152310681896964 183.67 164.69232721264044 0.0172
6 19 12 13 1.4287470158785993 184.0 128.78417099394628 0.01
6 17 11 12 2.4089729435296077 240.42 99.80186811386041 0.01
6 15 10 11 3.5011486117406054 224.2 64.03612781479114 0.01
6 13 9 10 7.071557684418458 245.81 34.76037543208058 0.0271
6 11 8 9 11.436674412529916 210.35 18.392584453531565 0.01
6 9 7 8 33.90456570406407 212.46 6.266412667086099 0.014199999999999999
7 42 24 25 0.168890999128669 158.29 937.2317104916131 0.01
7 40 23 24 0.2813181018857477 253.73 901.9327170885288 0.01
7 38 22 23 0.275137455357183 231.98 843.1422021361793 0.01
7 36 21 22 0.3040634970861309 200.79 660.3554912845161 0.01
7 34 20 21 0.39865001428118946 226.9 569.170931572964 0.01
7 32 19 20 0.38376695776955067 187.5 488.57775846505376 0.01
7 30 18 19 0.37839743131481346 157.55 416.3611773276651 0.01
7 28 17 18 0.4625606017555511 161.1 348.2786890811257 0.01
7 26 16 17 0.5115528202839037 151.05 295.277425928704 0.01
7 24 15 16 0.6566610480197715 156.37 238.12894105954618 0.0113
7 22 14 15 0.7864240319961281 137.8 175.22353640469427 0.01
7 20 13 14 1.5207611202853346 188.45 123.91821272011599 0.0168
7 18 12 13 2.077158881607827 192.64 92.7420630678414 0.0113
7 16 11 12 3.6651172135279753 248.48 67.7959218010432 0.01
7 14 10 11 5.5450983537111265 215.2 38.809050132713104 0.01
7 12 9 10 13.885382525665273 244.25 17.59044085019167 0.028399999999999998
7 10 8 9 41.750016841730904 263.75 6.317362721070109 0.0131
8 43 25 26 0.3741465676002739 363.25 970.8762058939548 0.01
8 41 24 25 0.2453807646554944 203.83 830.668207779733 0.028300000000000002
8 39 23 24 0.31075782285319964 247.3 795.7965393419017 0.01
8 37 22 23 0.3129525920818514 229.8 734.2965222665317 0.01
8 35 21 22 0.32020131929482987 183.44 572.8895821041107 0.01
8 33 20 21 0.4365739405389175 212.32 486.3322802499549 0.01
8 31 19 20 0.4340246322594129 179.06 412.5572299154149 0.01
8 29 18 19 0.4713537069825285 162.56 344.8790103734679 0.01
8 27 17 18 0.5803157962662664 165.74 285.6031165554444 0.01
8 25 16 17 0.6721568526493044 158.58 235.92707472215358 0.01
8 23 15 16 0.8394265944602044 156.32 186.22235825220906 0.01
8 21 14 15 1.0301856618753706 135.26 131.29672155771414 0.01
8 19 13 14 2.184709075011764 193.58 88.60676335084004 0.0169
8 17 12 13 3.1979500966806884 198.73 62.14293343922776 0.01
8 15 11 12 5.985204980633947 248.03 41.440518879894555 0.0128
8 13 10 11 11.422496416036337 219.05 19.177068831684647 0.01
8 11 9 10 56.06855274774451 344.02 6.135703226508535 0.024700000000000003
9 44 26 27 0.3111779639932932 306.63 985.3846849085006 0.01
9 42 25 26 0.3426894253865222 294.82 860.3125108616063 0.01
9 40 24 25 0.2742613502291618 199.98 729.1585191748844 0.01
9 38 23 24 0.3478353520511396 241.22 693.4890274308152 0.01
9 36 22 23 0.34858663904740533 219.98 631.0626264998191 0.01
9 34 21 22 0.3715292532896393 182.26 490.567023689821 0.01
9 32 20 21 0.4866458688360541 197.01 404.83236911309444 0.01
9 30 19 20 0.5049487890553703 172.96 342.52978470066995 0.01
9 28 18 19 0.5832724700432758 163.36 280.07493648359497 0.01
9 26 17 18 0.7583416372144197 172.37 227.29860994202895 0.01
9 24 16 17 0.8510027007398387 154.21 181.20976568691734 0.01
9 22 15 16 1.1058001422513115 155.28 140.4232049417751 0.0118
9 20 14 15 1.4535479435359628 134.95 92.84179486485658 0.01
9 18 13 14 3.472454987949274 203.59 58.62998964897571 0.020499999999999997
9 16 12 13 5.388034333480281 201.23 37.3475719613724 0.01
9 14 11 12 11.782651409011072 241.48 20.494538250985023 0.0121
9 12 10 11 44.561692548123446 280.41 6.292624538378502 0.01
10 45 27 28 0.26421606553090254 263.07 995.6623927140854 0.0184
10 43 26 27 0.33981771101095337 295.75 870.3195578598522 0.01
10 41 25 26 0.36782267923694834 276.87 752.7268317831013 0.01
10 39 24 25 0.31563451250085867 200.22 634.3412778710481 0.015300000000000001
10 37 23 24 0.39605232385922146 235.41 594.3911594965859 0.01
10 35 22 23 0.41835854428219466 225.05 537.9357086781463 0.01
10 33 21 22 0.4203353291917775 172.66 410.7672803330411 0.01
10 31 20 21 0.5692249997186517 190.15 334.0506831112207 0.01
10 29 19 20 0.656933337934195 181.36 276.07062928227714 0.01
10 27 18 19 0.78681181376372 175.07 222.5055558870569 0.01
10 25 17 18 1.0784034912631941 188.37 174.67487960313605 0.01
10 23 16 17 1.2120156342154413 163.75 135.10551793005394 0.01
10 21 15 16 1.7333235194651901 171.2 98.76978998867047 0.01
10 19 14 15 2.6590392061700077 161.9 60.88665395543205 0.01
10 17 13 14 7.165971954172511 247.77 34.57590981161064 0.018799999999999997
10 15 12 13 12.952577456485615 240.21 18.545343643532664 0.0231
10 13 11 12 59.957999644163465 387.92 6.469862275296264 0.01
11 46 28 29 0.22409480685477878 212.07 946.3405376342733 0.0106
11 44 27 28 0.3047993818052196 270.0 885.828568289361 0.0146
11 42 26 27 0.3592559032719345 276.05 768.3937758179222 0.01
11 40 25 26 0.424169700205004 279.01 657.7791857012716 0.01
11 38 24 25 0.3912792358781874 215.13 549.8119508364967 0.01
11 36 23 24 0.45257971877672043 229.6 507.31393934440274 0.01
11 34 22 23 0.4546051835589391 207.73 456.9459555514901 0.01
11 32 21 22 0.4989241886999169 168.7 338.12752281983734 0.01
11 30 20 21 0.6720170343836341 183.99 273.7877026714857 0.01
11 28 19 20 0.8362551583601125 184.34 220.4351126054502 0.01
11 26 18 19 1.0903116530770238 188.9 173.2532156901155 0.01
11 24 17 18 1.449568655847057 188.67 130.15596000849678 0.01
11 22 16 17 1.7520184164091641 171.53 97.90422200672867 0.01
11 20 15 16 2.888858405006897 189.76 65.68684698118562 0.0144
11 18 14 15 5.167713669616883 188.99 36.57129865982128 0.01
11 16 13 14 15.272258919189197 268.19 17.560598037204976 0.0187
11 14 12 13 40.196830817318755 249.45 6.2057131104108025 0.018799999999999997
12 47 29 30 0.2660204634429475 242.27 910.719411824342 0.0242
12 45 28 29 0.2641212266453333 223.57 846.467369698437 0.0286
12 43 27 28 0.33481480128542007 262.47 783.9259166330936 0.0165
12 41 26 27 0.4131862751215829 278.18 673.2556639693407 0.01
12 39 25 26 0.47259416836261553 270.73 572.8593751759381 0.01
12 37 24 25 0.45318712289913266 213.55 471.21815517147985 0.01
12 35 23 24 0.5196348988719646 224.54 432.111085085772 0.01
12 33 22 23 0.513119210195165 195.81 381.6072290989137 0.01
12 31 21 22 0.5852608589995539 162.52 277.68814110995226 0.01
12 29 20 21 0.8855177717123902 193.81 218.86630194356854 0.01
12 27 19 20 1.1260930752964677 194.97 173.1384414637929 0.01
12 25 18 19 1.5778508456098512 206.28 130.73479066411454 0.01
12 23 17 18 2.1101183635679743 199.22 94.41176544387834 0.01
12 21 16 17 2.8779017793101698 189.23 65.75276521263288 0.01
12 19 15 16 5.901605337860473 234.88 39.79934044270601 0.01
12 17 14 15 11.967508891287363 222.46 18.588663858186585 0.01
12 15 13 14 50.19381139646865 310.01 6.17625941077291 0.0213
13 48 30 31 0.12584211224538072 123.3 979.7991928137392 0.011399999999999999
13 46 29 30 0.3059908287566192 248.0 810.4818076010235 0.0296
13 44 28 29 0.27483648949575756 205.23 746.7349054579158 0.0206
13 42 27 28 0.35962720148678545 246.53 685.5154420488373 0.0103
13 40 26 27 0.4603023439477943 267.84 581.8784186560157 0.01
13 38 25 26 0.5388341834720989 264.21 490.33637453641785 0.01
13 36 24 25 0.5024041678701668 199.07 396.23477019291846 0.01
13 34 23 24 0.588313212672849 212.33 360.91319288127755 0.01
13 32 22 23 0.5963260567659258 183.3 307.382174433391 0.01
13 30 21 22 0.697442621627138 154.83 221.99675672069003 0.01
13 28 20 21 1.1342663295181297 192.08 169.34294442258667 0.01
13 26 19 20 1.5981348265343156 207.0 129.52599277802875 0.01
13 24 18 19 2.223469318303653 205.04 92.2162488648284 0.01
13 22 17 18 3.2888426581556884 209.14 63.59075873738549 0.01
13 20 16 17 5.71993298694795 223.03 38.99171555137478 0.01
13 18 15 16 14.238682136050844 280.74 19.716712355646727 0.01
13 16 14 15 40.996597677815565 257.01 6.269056813440777 0.01
14 51 32 33 0.10954517513156567 102.21 933.0397242712332 0.0139
14 49 31 32 0.137296765251226 127.76 930.5390390387159 0.01
14 47 30 31 0.136139806445804 118.57 870.9429159296006 0.0184
14 45 29 30 0.33039121965975643 236.06 714.4862997361109 0.01
14 43 28 29 0.32615654013638506 212.06 650.1785918851277 0.0352
14 41 27 28 0.41397096312217646 244.18 589.8481336912861 0.01
14 39 26 27 0.5211532743531329 258.87 496.72526824534543 0.01
14 37 25 26 0.6221319080500968 255.51 410.7006837196738 0.01
14 35 24 25 0.6952083874069925 228.69 328.95172748558787 0.01
14 33 23 24 0.6771943697412427 198.04 292.4418879555532 0.01
14 31 22 23 0.7171303908336136 174.78 243.72136815569976 0.01
14 29 21 22 0.9413675478659552 160.03 169.9973622022365 0.01
14 27 20 21 1.585168683374211 200.17 126.27678183366297 0.01
14 25 19 20 2.441999003075574 223.03 91.33091361589625 0.01
14 23 18 19 3.536093365279587 216.07 61.10415582392748 0.01
14 21 17 18 6.390873815601009 238.47 37.31414621547709 0.01
14 19 16 17 16.600617838772575 315.2 18.987245117095316 0.01
14 17 15 16 57.889898615218655 368.46 6.364840996683585 0.01
15 50 32 33 0.12834632120749256 106.91 832.9806339144128 0.01
15 48 31 32 0.1384636955550784 115.19 831.9148173694343 0.0149
15 46 30 31 0.157078389090189 121.0 770.3160231069467 0.01
15 44 29 30 0.35509404363591707 222.23 625.8342092267128 0.0278
15 42 28 29 0.34010325027202276 191.78 563.8875836870413 0.01
15 40 27 28 0.46450953796860195 234.5 504.83355202030486 0.01
15 38 26 27 0.5887696687279534 247.48 420.33415297137265 0.01
15 36 25 26 0.7089373634191968 241.42 340.53784220884353 0.01
15 34 24 25 0.6730276937922564 181.92 270.30091284201046 0.01
15 32 23 24 0.7968451879419699 183.64 230.458817821679 0.01
15 30 22 23 0.860722157789977 163.37 189.8057329202202 0.01
15 28 21 22 1.2388760119853521 157.38 127.03450424210877 0.01
15 26 20 21 2.3171560713567496 208.85 90.1320383989989 0.01
15 24 19 20 3.6440522103017523 218.97 60.08969887450317 0.01
15 22 18 19 6.270262304903443 232.96 37.15315064536003 0.01
15 20 17 18 16.196894744370862 298.1 18.404762437787834 0.01
15 18 16 17 65.16316681579815 406.87 6.243864745710279 0.01
16 51 33 34 0.10043972928749169 93.23 928.2183520541453 0.01
16 49 32 33 0.14994318060123943 111.84 745.8825373154418 0.0256
16 47 31 32 0.15542764991911062 115.04 740.1514470550793 0.01
16 45 30 31 0.17065146625931593 115.94 679.3964478677357 0.016200000000000003
16 43 29 30 0.39866725340216846 217.17 544.7400009574469 0.0241
16 41 28 29 0.40364221026244057 195.6 484.5875753995712 0.0296
16 39 27 28 0.5210973101791853 224.1 430.05403333005245 0.01
16 37 26 27 0.6895445395819301 241.78 350.6372483880315 0.01
16 35 25 26 0.7441866062791429 209.25 281.17947600028526 0.01
16 33 24 25 0.7887533143334495 171.24 217.10209882884553 0.01
16 31 23 24 0.9592587037158478 173.01 180.3580195100832 0.01
16 29 22 23 1.2068862556619517 171.85 142.39121474272144 0.01
16 27 21 22 1.7919950232453468 164.79 91.95896074619743 0.01
16 25 20 21 3.7284063313341385 225.78 60.55670437594418 0.01
16 23 19 20 6.643447999580356 244.45 36.79565189874912 0.01
16 21 18 19 15.536418154689093 291.15 18.73984061841996 0.01
17 50 33 34 0.1137762761823813 93.94 825.6554279331123 0.012
17 48 32 33 0.15458554616936668 102.71 664.4217557537306 0.01
17 46 31 32 0.17263837807945337 112.5 651.6511638462226 0.01
17 44 30 31 0.18847897271835728 111.54 591.7901524573427 0.01
17 42 29 30 0.4376994662547773 205.4 469.27176255782825 0.015300000000000001
17 40 28 29 0.4607782054560956 189.5 411.2607709221528 0.01
17 38 27 28 0.6086860127407329 219.24 360.18570397704264 0.01
17 36 26 27 0.8119434590387119 232.9 286.8426334461003 0.01
17 34 25 26 0.9668937074977061 219.86 227.38797273693254 0.01
17 32 24 25 0.9726163440913639 162.56 167.13681708882504 0.01
17 30 23 24 1.2320004192540417 168.09 136.4366418818072 0.01
17 28 22 23 1.7191129457356862 175.47 102.0700823847897 0.01
17 26 21 22 2.9847514983643877 184.33 61.75723510014516 0.01
17 24 20 21 6.601058057496489 237.96 36.048766414008554 0.01
17 22 19 20 17.29136649399225 328.46 18.995606860459574 0.01
17 20 18 19 68.94369650688716 432.63 6.275120452190755 0.01
18 53 35 36 0.22143815349057205 218.16 985.1960764714756 0.01
18 51 34 35 0.1618744812997788 145.33 897.7943826171112 0.0143
18 49 33 34 0.1437386139912524 105.23 732.0927694934087 0.01
18 47 32 33 0.18580132842939884 108.64 584.7105664870488 0.0134
18 45 31 32 0.19584668055423055 111.18 567.688968152891 0.01
18 43 30 31 0.22440786257091738 113.95 507.78078225307064 0.0163
18 41 29 30 0.5142205951049791 203.96 396.63911158276574 0.0174
18 39 28 29 0.5395683042107992 185.5 343.7933595290072 0.0132
18 37 27 28 0.7444324215091871 218.61 293.6599665511776 0.01
18 35 26 27 1.0238020841006188 236.13 230.64028064314164 0.01
18 33 25 26 1.2164632260660584 214.87 176.6350148494598 0.01
18 31 24 25 1.2861714068880956 161.35 125.44984217180502 0.01
18 29 23 24 1.890229069235728 182.87 96.7448882129082 0.01
18 27 22 23 2.8123724420027116 192.62 68.49021741332163 0.01
18 25 21 22 5.72357731094024 211.5 36.952414287430294 0.01
18 23 20 21 15.418094219467124 281.39 18.250634351728934 0.01
18 21 19 20 70.25934057160933 445.05 6.334389084486193 0.01
19 54 36 37 0.18893810553950824 171.56 908.0222304024618 0.01
19 52 35 36 0.24351350791029422 213.48 876.6659469200451 0.01
19 50 34 35 0.19110674561139557 151.1 790.6575956625469 0.01
19 48 33 34 0.1647477614812382 106.32 645.3501950137752 0.01
19 46 32 33 0.2115145222910542 107.58 508.6175589020064 0.01
19 44 31 32 0.23003892737792533 112.19 487.70006571838076 0.01
19 42 30 31 0.2543225000162328 109.5 430.5556920563886 0.01
19 40 29 30 0.6163026999869702 203.64 330.42204748462945 0.0154
19 38 28 29 0.6633733088951127 186.9 281.7418148934767 0.01
19 36 27 28 0.9350907206283264 218.72 233.90243874202164 0.01
19 34 26 27 1.296280990345874 234.26 180.71699094923446 0.01
19 32 25 26 1.6685498893973514 217.32 130.2448319831131 0.01
19 30 24 25 1.8069281457916708 162.49 89.92609937392288 0.01
19 28 23 24 2.952087623384785 189.73 64.26977251524148 0.01
19 26 22 23 5.255989277774092 215.85 41.067435375631575 0.01
19 24 21 22 12.405125919146952 223.76 18.037704853493903 0.01
19 22 20 21 57.14164073440167 358.91 6.2810587058260845 0.01
20 55 37 38 0.24344600268720978 221.13 908.3328440767935 0.028900000000000002
20 53 36 37 0.1975523343980179 159.74 808.5958613790126 0.0121
20 51 35 36 0.3080864280495152 237.88 772.1209970397276 0.01
20 49 34 35 0.25985010706026745 180.5 694.6312319899731 0.029900000000000003
20 47 33 34 0.1947804232495642 109.48 562.0688063693534 0.01
20 45 32 33 0.2468882540776426 108.1 437.849910696862 0.01
20 43 31 32 0.27500695931677127 113.47 412.6077401164882 0.01
20 41 30 31 0.3137603891726693 112.29 357.88456374652293 0.0137
20 39 29 30 0.7606072766578993 206.05 270.90195732202517 0.016
20 37 28 29 0.8535536321641076 191.35 224.18040623276298 0.01
20 35 27 28 1.2282586113451666 224.36 182.66511460016144 0.01
20 33 26 27 1.7356237407779493 234.48 135.09840554203313 0.01
20 31 25 26 2.398837878352841 222.93 92.93249952892799 0.01
20 29 24 25 3.058701222389037 181.17 59.231022197877465 0.01
20 27 23 24 5.2232387192016185 202.08 38.688639532617096 0.01
20 25 22 23 11.880017917132863 242.32 20.397275634621415 0.01
20 23 21 22 48.8982111746039 297.25 6.078954482375456 0.01
21 56 38 39 0.21374022559107597 205.96 963.599619259498 0.0148
21 54 37 38 0.2667235284911932 215.41 807.6152907039565 0.024700000000000003
21 52 36 37 0.22649675773606337 161.55 713.2552430982443 0.01
21 50 35 36 0.40489123248442305 272.58 673.2178376089847 0.01
21 48 34 35 0.2736861903491994 165.81 605.8398481430178 0.01
21 46 33 34 0.22674535014770805 109.49 482.87649527840483 0.01
21 44 32 33 0.2911354501822316 107.94 370.7552616228518 0.01
21 42 31 32 0.3321834115637425 114.27 343.9967079092774 0.01
21 40 30 31 0.39394990114618333 115.09 292.14374636254433 0.01
21 38 29 30 0.9734034529042587 210.9 216.66247368524955 0.0158
21 36 28 29 1.1144143555527755 192.93 173.122321189323 0.01
21 34 27 28 1.6432847682872522 226.41 137.77891961840584 0.011200000000000002
21 32 26 27 2.5369107804639635 239.3 94.327321970793 0.01
21 30 25 26 3.6639495911533535 226.9 61.92770788873639 0.01
21 28 24 25 5.083670613275378 178.54 35.12029271404108 0.01
21 26 23 24 11.495150250327896 220.2 19.155904464469167 0.01
21 24 22 23 42.79017769481245 278.15 6.500323555181701 0.01
22 57 39 40 0.2007731247452985 195.91 975.7780093751697 0.01
22 55 38 39 0.23769312179101362 203.94 857.9970613508526 0.013300000000000001
22 53 37 38 0.29516440473087163 210.67 713.7378241529059 0.0259
22 51 36 37 0.30103846569802095 187.45 622.6779011956421 0.0138
22 49 35 36 0.553869731347287 324.46 585.8056175244524 0.01
22 47 34 35 0.3402170582745625 177.55 521.8727153202099 0.01
22 45 33 34 0.2691929901574745 110.48 410.41187564122896 0.01
22 43 32 33 0.36828698871899884 113.75 308.86239124453755 0.01
22 41 31 32 0.4081399464827695 114.54 280.639033221502 0.01
22 39 30 31 0.48868849068372383 114.47 234.23919773482916 0.01
22 37 29 30 1.255006275625252 210.22 167.50513848647256 0.0182
22 35 28 29 1.4870053708357323 193.97 130.44337552794732 0.01
22 33 27 28 2.1814713076845584 213.85 98.03016855948619 0.01
22 31 26 27 3.693953559146263 231.84 62.76202347643544 0.01
22 29 25 26 6.378577798429827 232.98 36.5253834573204 0.01
22 27 24 25 10.395451452383297 182.33 17.539401808105065 0.01
22 25 23 24 45.50807066097472 285.87 6.281742905113901 0.0151
23 58 40 41 0.2584897071807735 246.52 953.6936796775334 0.01
23 56 39 40 0.22385797322638723 194.87 870.5073006398046 0.01
23 54 38 39 0.26176725930281564 199.52 762.2038009313945 0.01
23 52 37 38 0.33215081864627805 208.83 628.7204133685794 0.0264
23 50 36 37 0.3604888743391342 195.27 541.6810722882323 0.01
23 48 35 36 0.589095979827244 300.29 509.7471554432639 0.01
23 46 34 35 0.38337708570974854 171.25 446.68814695318514 0.05
23 44 33 34 0.32701353835206104 113.06 345.73492146456704 0.01
23 42 32 33 0.4370435299183236 111.76 255.71823479662572 0.01
23 40 31 32 0.516116142858129 117.07 226.82878964353654 0.01
23 38 30 31 0.6243398000020772 115.39 184.81922824656715 0.01
23 36 29 30 1.6226670143136568 205.61 126.71114787340849 0.0199
23 34 28 29 1.9353890210947047 185.13 95.655187655909 0.01
23 32 27 28 3.1979255248670246 208.16 65.09219754536205 0.011200000000000002
23 30 26 27 5.875430129849866 227.29 38.684827319324775 0.01
23 28 25 26 12.224403977512413 228.21 18.668394828885496 0.01
23 26 24 25 45.96101374525087 279.66 6.084722185417356 0.01
24 59 41 42 0.19899908244656594 186.89 939.1500588962896 0.01
24 57 40 41 0.3114580315767814 263.87 847.208847574541 0.018600000000000002
24 55 39 40 0.2584601091614037 199.32 771.182836093009 0.01
24 53 38 39 0.30131498138903173 201.77 669.6314901763617 0.0181
24 51 37 38 0.5188503777116482 282.73 544.9162458876103 0.027200000000000002
24 49 36 37 0.6085526367994903 284.58 467.63415815050547 0.021099999999999997
24 47 35 36 0.7540568647362298 328.0 434.9804574947208 0.01
24 45 34 35 0.46837562424827367 175.79 375.31842158126125 0.01
24 43 33 34 0.4154363022092669 117.92 283.84616215026966 0.01
24 41 32 33 0.5534085626973984 113.34 204.80348089947043 0.01
24 39 31 32 0.6623385135740717 117.75 177.77918328288726 0.01
24 37 30 31 0.8442559987709204 116.9 138.4651103103616 0.01
24 35 29 30 2.2201964496904134 203.4 91.61351466369669 0.0218
24 33 28 29 2.7295586454450746 174.58 63.959058103158455 0.01
24 31 27 28 5.092386313007691 200.25 39.3234110084094 0.0111
24 29 26 27 13.103692756390767 250.89 19.146511190720577 0.01
24 27 25 26 54.25139312579668 346.13 6.380112658073185 0.01
25 60 42 43 0.2708329194789415 266.33 983.3738103639515 0.045899999999999996
25 58 41 42 0.2201713604950525 183.8 834.8043069122525 0.0455
25 56 40 41 0.29590698049622366 220.18 744.085183900587 0.018500000000000003
25 54 39 40 0.26964184199680385 181.63 673.5972379322083 0.013000000000000001
25 52 38 39 0.33179298093827386 192.08 578.9152002457045 0.024300000000000002
25 50 37 38 0.5001650913779802 232.14 464.12675334946414 0.057699999999999994
25 48 36 37 0.5184831924754247 206.23 397.7563843784096 0.0209
25 46 35 36 0.9005190057562188 326.53 362.6020083005283 0.01
25 44 34 35 0.4833244082504701 148.2 306.6263517219252 0.01
25 42 33 34 0.5020827865932256 113.84 226.7355166115866 0.01
25 40 32 33 0.7153702213426693 113.41 158.53329732839902 0.01
25 38 31 32 0.881460102541102 117.28 133.05196646099057 0.01
25 36 30 31 1.1363178050397031 111.13 97.79834436028844 0.01
25 34 29 30 3.0857340641622297 189.53 61.42136556782543 0.022799999999999997
25 32 28 29 4.462071286304009 165.05 36.989547994584605 0.01
25 30 27 28 9.964511015990151 195.07 19.576474920542434 0.013999999999999999
25 28 26 27 52.14017891166175 325.07 6.2345394048368785 0.01
26 61 43 44 0.25516593279130045 244.74 959.1405769678988 0.015600000000000001
26 59 42 43 0.34030883536005635 298.41 876.8799660586944 0.0327
26 57 41 42 0.2274739938724535 166.99 734.105895611226 0.0246
26 55 40 41 0.3446767102096643 224.74 652.0312900262171 0.0152
26 53 39 40 0.29287342411878947 171.21 584.5870123420868 0.01
26 51 38 39 0.3771641763185058 186.57 494.66521932466424 0.01
26 49 37 38 0.6066917993027504 239.33 394.48365755900045 0.0405
26 47 36 37 0.6298370298447944 209.96 333.35607474800065 0.011899999999999999
26 45 35 36 1.0081082398535393 300.68 298.2616232198277 0.01
26 43 34 35 0.7656248679526083 187.79 245.27677699677864 0.01
26 41 33 34 0.6757462845690798 118.82 175.83522501462355 0.01
26 39 32 33 0.9828403666062286 117.36 119.4090149199375 0.01
26 37 31 32 1.2915090899468817 121.98 94.44765116211214 0.01
26 35 30 31 1.8071311865025195 118.83 65.75615588261795 0.01
26 33 29 30 5.116611324881922 187.85 36.713752144215306 0.0216
26 31 28 29 9.697789467181881 179.49 18.508341576955136 0.01
26 29 27 28 48.28461799981189 308.03 6.379464366917017 0.021
27 62 44 45 0.24573459875064144 242.63 987.3660495248704 0.01
27 60 43 44 0.24377249004453 208.59 855.6748957271462 0.051699999999999996
27 58 42 43 0.29151969962840796 226.25 776.1053551042849 0.0116
27 56 41 42 0.2693123660906182 172.71 641.2999243483924 0.0231
27 54 40 41 0.38407363352434076 217.41 566.0633301093853 0.01
27 52 39 40 0.3418175524586018 171.49 501.70039182165607 0.01
27 50 38 39 0.5480835915410848 228.8 417.45456994373274 0.01
27 48 37 38 0.8639448710585523 287.0 332.1971223098436 0.0271
27 46 36 37 0.7993510897941765 219.29 274.3350234957015 0.01
27 44 35 36 1.2495266191846874 299.51 239.69877504124676 0.01
27 42 34 35 0.9631860128019013 184.74 191.80095801286882 0.01
27 40 33 34 0.9653359100237643 127.67 132.25448123737266 0.01
27 38 32 33 1.462556071428061 125.66 85.91807347071743 0.01
27 36 31 32 2.0232152091778 127.15 62.84551412188701 0.01
27 34 30 31 3.269942024767842 131.8 40.306525009218625 0.01
27 32 29 30 11.844084135706622 211.1 17.823243872744214 0.023399999999999997
27 30 28 29 36.30862421090282 228.33 6.28858859189263 0.0181
28 61 44 45 0.26874329542189 237.44 883.519715821196 0.0144
28 59 43 44 0.20700961355291478 157.09 758.8536459918826 0.0174
28 57 42 43 0.27617937678373666 187.22 677.8927600615282 0.036000000000000004
28 55 41 42 0.32050356135734864 178.78 557.8097143222301 0.01
28 53 40 41 0.4488390168559256 218.59 487.01202834638144 0.0104
28 51 39 40 0.4681042635514113 198.53 424.1149151127005 0.01
28 49 38 39 0.7380361429093879 258.71 350.53838824227205 0.0147
28 47 37 38 1.0646873737009588 292.12 274.37162045470865 0.026000000000000002
28 45 36 37 0.9957220267933069 220.66 221.60803322853965 0.01
28 43 35 36 1.6488350924725623 308.73 187.24128410988286 0.01
28 41 34 35 1.3093783314649041 188.67 144.09128016416773 0.01
28 39 33 34 1.3779130910997823 131.6 95.50674919197071 0.01
28 37 32 33 2.3538813777364047 134.71 57.228882166332035 0.01
28 35 31 32 3.6386767381248246 139.91 38.45079133688088 0.01
28 33 30 31 7.161425221183009 145.96 20.38141787311557 0.01
28 31 29 30 35.378524927316576 214.98 6.076567647793844 0.019299999999999998
29 62 45 46 0.19535337243376327 177.22 907.1765580094524 0.0187
29 60 44 45 0.257158045428422 200.78 780.764994793389 0.01
29 58 43 44 0.29189772872438846 193.98 664.5478224435142 0.022799999999999997
29 56 42 43 0.27731398159255144 162.22 584.9687025097229 0.01
29 54 41 42 0.3689591143264058 176.25 477.69520566465127 0.0134
29 52 40 41 0.517528903286153 212.93 411.43595777541793 0.01
29 50 39 40 0.6190516417303569 217.47 351.2954095269557 0.01
29 48 38 39 0.9234387561128471 267.01 289.14749162571485 0.01
29 46 37 38 1.286275392261074 283.12 220.10838557854916 0.0274
29 44 36 37 1.2775218077940729 220.46 172.5684827100318 0.01
29 42 35 36 2.0558541368008783 289.26 140.70064350485413 0.01
29 40 34 35 1.9127624317010552 196.57 102.7675976598864 0.01
29 38 33 34 2.1698418009210934 138.55 63.852581299330595 0.01
29 36 32 33 4.099622021870188 139.25 33.966546002813246 0.01
29 34 31 32 8.027267740189213 157.68 19.64304731117431 0.0141
29 32 30 31 30.714277371343634 199.55 6.496978508964688 0.01
30 63 46 47 0.2288572468577327 204.81 894.9246869482727 0.0126
30 61 45 46 0.21707004546803943 174.0 801.5845743470815 0.01
30 59 44 45 0.31333453015664836 213.94 682.7846260450226 0.0139
30 57 43 44 0.391097896224879 223.4 571.2124819805891 0.01
30 55 42 43 0.3230662789111743 161.53 499.9902823173074 0.013500000000000002
30 53 41 42 0.411495790798736 165.8 402.92028182882035 0.0115
30 51 40 41 0.744068401285847 252.87 339.8477875999139 0.01
30 49 39 40 0.8788254070097563 252.58 287.4063471371578 0.01
30 47 38 39 1.164544478109797 269.67 231.56693889245736 0.01
30 45 37 38 1.6303564882802353 279.27 171.29382561882835 0.0282
30 43 36 37 1.7690220880960812 227.46 128.57951380630016 0.01
30 41 35 36 2.840738340283742 282.32 99.38261331446704 0.01
30 39 34 35 2.9214658792603556 199.61 68.32528882744865 0.01
30 37 33 34 3.9490669684468584 148.15 37.51519059659462 0.01
30 35 32 33 9.619155633470605 163.17 16.96302734017913 0.01
30 33 31 32 28.070409263223393 181.17 6.454127487102972 0.01
31 64 47 48 0.2588724648050618 237.03 915.6246114413528 0.01
31 62 46 47 0.2598830876822368 205.89 792.2408565952741 0.01
31 60 45 46 0.2576102966848273 181.4 704.1644000042955 0.0236
31 58 44 45 0.34130823736527693 202.67 593.8034240383636 0.01
31 56 43 44 0.45249527753628693 221.14 488.71228270943914 0.0194
31 54 42 43 0.35332146116523583 149.8 423.97650996338405 0.01
31 52 41 42 0.47135106403670046 158.54 336.35226924544656 0.01
31 50 40 41 0.9409830127680934 260.92 277.28449553244394 0.01
31 48 39 40 1.0433205814880937 243.13 233.0347970833877 0.01
31 46 38 39 1.4153385604487625 257.06 181.62438810293827 0.01
31 44 37 38 2.0661546602743397 267.53 129.4820785412443 0.0278
31 42 36 37 2.2786893291171366 211.41 92.77701760332087 0.01
31 40 35 36 4.326082463339931 288.86 66.77172764223894 0.01
31 38 34 35 4.930580065768174 205.29 41.636074713658715 0.01
31 36 33 34 8.266076394603601 155.38 18.79730994277258 0.01
31 34 32 33 37.86758536723461 227.02 5.99510102897746 0.01
32 67 49 50 0.37143901442125815 370.4 997.2027321285109 0.01
32 65 48 49 0.2622230334675133 247.76 944.8445345313072 0.0158
32 63 47 48 0.29847440500084144 241.4 808.7795668754895 0.01
32 61 46 47 0.2883488449957956 200.54 695.4770358207055 0.0101
32 59 45 46 0.2855999195609443 174.53 611.0996118917217 0.01
32 57 44 45 0.37742467612643554 190.81 505.5578293351427 0.01
32 55 43 44 0.5101349542025588 210.8 413.2239876201422 0.026600000000000002
32 53 42 43 0.3946023715191524 139.29 352.9882485595742 0.0104
32 51 41 42 0.6554477067948861 179.13 273.29411353949007 0.01
32 49 40 41 1.396393034265041 310.72 222.5161486597792 0.01
32 47 39 40 1.3222269209576327 240.8 182.11699987593568 0.01
32 45 38 39 1.7999468432833357 246.42 136.9040429830128 0.016200000000000003
32 43 37 38 2.9403851361421776 271.28 92.26002290159947 0.028999999999999998
32 41 36 37 3.381208898869736 207.52 61.37449835452917 0.01
32 39 35 36 7.207172784768069 289.62 40.18496692796025 0.01
32 37 34 35 11.307306001441411 231.43 20.467297866573897 0.01
32 35 33 34 36.83135421850316 234.63 6.37038754013904 0.01
33 70 51 52 0.31790160708032617 316.94 996.9751424374423 0.01
33 68 50 51 0.3123575056937008 279.49 894.7760015540308 0.01
33 66 49 50 0.43285708784327276 382.71 884.1486272221333 0.016
33 64 48 49 0.2689724591654247 223.76 831.9067338503309 0.01
33 62 47 48 0.3276120774378932 230.17 702.5687264036665 0.01
33 60 46 47 0.3294712077789689 197.15 598.3830918914812 0.01
33 58 45 46 0.3228296933686398 167.66 519.3450399512933 0.01
33 56 44 45 0.4291132237413614 180.83 421.4039325644071 0.01
33 54 43 44 0.5779490001010646 196.68 340.3068436239305 0.0225
33 52 42 43 0.4701580533092174 133.95 284.90419138243 0.01
33 50 41 42 0.9158812925723985 196.25 214.27449342130421 0.01
33 48 40 41 1.6973656797528913 292.52 172.33764267142843 0.01
33 46 39 40 1.7331120397542423 233.77 134.88452831540476 0.01
33 44 38 39 2.6005122614292953 250.11 96.17720466448961 0.0239
33 42 37 38 4.236697204532789 255.67 60.34653591162046 0.0276
33 40 36 37 6.682899953217829 238.84 35.73897584461041 0.01
33 38 35 36 16.102557738456042 313.81 19.488208339136126 0.01
33 36 34 35 43.36125620408554 277.04 6.3891137908015 0.01
34 69 51 52 0.34393732316197356 308.0 895.5119995946201 0.01
34 67 50 51 0.33384460789359427 266.21 797.4069183853604 0.01
34 65 49 50 0.48394784835266397 378.63 782.3776906723295 0.01
34 63 48 49 0.2962435792362694 215.79 728.4208506942742 0.0155
34 61 47 48 0.3609263636347588 220.44 610.7617015837484 0.01
34 59 46 47 0.3606893595376664 185.2 513.461223911319 0.0115
34 57 45 46 0.36265933439752696 158.18 436.1669065068429 0.01
34 55 44 45 0.4991395199529912 175.11 350.82375368011697 0.01
34 53 43 44 0.6450978597828865 179.41 278.1128433140083 0.01
34 51 42 43 0.726926276113473 164.41 226.17149139115125 0.01
34 49 41 42 1.3822570085945105 231.16 167.23373335255883 0.0147
34 47 40 41 2.3023717334450864 299.23 129.96598058136163 0.01
34 45 39 40 2.419049935644212 234.5 96.93888354460562 0.01
34 43 38 39 4.3885273727752585 280.71 63.96450931157846 0.01
34 41 37 38 7.395264298759819 265.2 35.860787293900216 0.0298
34 39 36 37 15.032749740219764 269.36 17.91821221365335 0.01
34 37 35 36 58.064482802101935 368.23 6.3417425288195295 0.022799999999999997
35 70 52 53 0.09936668831276868 92.33 929.1846348887078 0.01
35 68 51 52 0.3756530009651271 301.17 801.7239293343446 0.0121
35 66 50 51 0.3696347426952544 262.24 709.4571199877819 0.01
35 64 49 50 0.5454954355142579 377.03 691.1698530429688 0.013000000000000001
35 62 48 49 0.3105950171581112 197.05 634.4274348087495 0.01
35 60 47 48 0.42294973513956713 222.72 526.5873967896107 0.01
35 58 46 47 0.41372877634144106 180.75 436.8804161952493 0.01
35 56 45 46 0.43946871286302847 159.67 363.3250680345137 0.0129
35 54 44 45 0.5974109717192619 172.23 288.29400220814006 0.01
35 52 43 44 0.8627720699936985 192.73 223.38460724789996 0.016200000000000003
35 50 42 43 1.0560342658822057 185.49 175.6477095419272 0.01
35 48 41 42 1.9450392127191678 248.72 127.87402864350949 0.011399999999999999
35 46 40 41 3.3089028566731367 311.44 94.12183236866932 0.01
35 44 39 40 4.072929033960632 266.87 65.52287009540356 0.01
35 42 38 39 7.841138563453812 306.33 39.067030574839094 0.0138
35 40 37 38 18.49685728475952 336.77 18.206876704264864 0.028999999999999998
35 38 36 37 57.96107212490295 358.34 6.1824253220816345 0.016399999999999998
36 71 53 54 0.07595329541242724 71.8 945.3177720614385 0.013000000000000001
36 69 52 53 0.11664345258612537 96.96 831.2511148313978 0.0273
36 67 51 52 0.43329131642537466 308.12 711.115105056732 0.01
36 65 50 51 0.43241846877848633 269.99 624.3720365660583 0.01
36 63 49 50 0.677592281731516 407.38 601.2170017034184 0.01
36 61 48 49 0.359604463134429 196.81 547.2957656991804 0.022400000000000003
36 59 47 48 0.5399174567520916 241.68 447.623978401887 0.01
36 57 46 47 0.506224725623515 183.48 362.4477247214829 0.0127
36 55 45 46 0.5856430960903872 174.59 298.11672188321 0.01
36 53 44 45 0.7974077383263876 184.47 231.3371078981108 0.01
36 51 43 44 1.5429092961040332 266.97 173.0302621639005 0.0129
36 49 42 43 1.9046828502848883 253.22 132.94601773839946 0.019
36 47 41 42 3.05791848550711 282.79 92.47793927152493 0.0131
36 45 40 41 5.6122868610257655 357.33 63.66923303252006 0.01
36 43 39 40 8.617940509821349 340.86 39.55237328588453 0.01
36 41 38 39 19.08603657261786 373.07 19.546750766224132 0.01
36 39 37 38 63.22630552128483 395.25 6.251353716483418 0.029500000000000002
37 70 53 54 0.08150717678148414 68.24 837.2268884118922 0.0277
37 68 52 53 0.1335642635620996 98.0 733.7291981132041 0.01
37 66 51 52 0.5014415378977533 312.36 622.9240627123554 0.011200000000000002
37 64 50 51 0.4936690281023281 267.64 542.1446045112706 0.01
37 62 49 50 0.847001847959774 434.89 513.4463414071015 0.01
37 60 48 49 0.39774696562809986 183.57 461.52457683773014 0.01
37 58 47 48 0.6335677267749178 235.28 371.35729939663725 0.01
37 56 46 47 0.6507431255261038 190.74 293.1110487656603 0.01
37 54 45 46 0.7434985515519523 175.98 236.69178592569634 0.01
37 52 44 45 1.1169791220745002 199.11 178.25758428698703 0.01
37 50 43 44 2.463714954729192 314.17 127.51881032216778 0.0151
37 48 42 43 2.698052927135196 257.24 95.3428294207477 0.01
37 46 41 42 4.755476080841367 291.41 61.27882782840999 0.012199999999999999
37 44 40 41 10.514444738333115 397.31 37.78706435647563 0.01
37 42 39 40 18.737290538254875 366.86 19.579138149723544 0.01
38 71 54 55 0.20871871906646378 172.12 824.6505189847903 0.0138
38 69 53 54 0.10005282717001936 74.02 739.8091797467963 0.01
38 67 52 53 0.15576642148685904 99.99 641.9226881220704 0.0196
38 65 51 52 0.6093818997264199 329.01 539.9077329794469 0.01
38 63 50 51 0.5603341003469138 259.69 463.45564162384704 0.01
38 61 49 50 0.9369474275230878 406.99 434.3786940916396 0.01
38 59 48 49 0.5567424171737559 213.55 383.57055868684125 0.016
38 57 47 48 0.7937796638746728 238.07 299.9195001266599 0.01
38 55 46 47 0.8632390431827524 201.28 233.1683229454995 0.01
38 53 45 46 0.9837294086313819 179.96 182.93648479043662 0.01
38 51 44 45 2.016448547833397 265.44 131.63737814446392 0.01
38 49 43 44 4.354788867018284 395.82 90.89304030278217 0.0155
38 47 42 43 4.359444133788595 276.85 63.50580291974111 0.018500000000000003
38 45 41 42 8.442911736472878 310.06 36.72429721852465 0.015700000000000002
38 41 39 40 61.05322059153364 387.24 6.342662946329473 0.01
39 70 54 55 0.23836150330955913 173.34 727.2147456415562 0.01
39 68 53 54 0.12316957647914656 80.05 649.9169867126482 0.0165
39 66 52 53 0.18326103705472965 102.48 559.202335897483 0.01
39 64 51 52 0.6839821884029018 318.59 465.78698305566627 0.01
39 62 50 51 0.6873654355976588 269.81 392.527738560788 0.01
39 60 49 50 1.1529448071363724 418.06 362.6019193740565 0.0109
39 58 48 49 0.7084504227586573 222.56 314.1504230223572 0.01
39 56 47 48 1.0306591360824047 245.76 238.4493489614307 0.01
39 54 46 47 1.1401485241044373 206.52 181.13429578152295 0.01
39 52 45 46 1.4623949645973668 200.15 136.86453033917974 0.01
39 50 44 45 3.396319169072157 315.72 92.95946119405846 0.01
39 48 43 44 6.932123042900894 426.17 61.47755851454998 0.01
39 46 42 43 7.9100486128934495 302.87 38.289271636879604 0.0126
39 44 41 42 20.060103849692016 369.65 18.427122948602044 0.0127
40 71 55 56 0.36720392689099346 270.45 736.5117314779823 0.01
40 69 54 55 0.2749248894049722 175.9 639.8111148856162 0.01
40 67 53 54 0.13053493221224707 73.83 565.5957278926223 0.01
40 65 52 53 0.21078925102761628 101.52 481.6184862609502 0.0147
40 63 51 52 0.8041175608667047 317.68 395.0666114760557 0.01
40 61 50 51 0.8320460695428258 273.7 328.9481316225514 0.01
40 59 49 50 1.403594235691747 417.87 297.71424630712954 0.01
40 57 48 49 0.8925507868787107 222.71 249.52081525671682 0.0138
40 55 47 48 1.3506158974558575 250.84 185.72267694501815 0.01
40 53 46 47 1.5262312033509648 207.63 136.0409874625361 0.01
40 51 45 46 2.684630076333339 260.19 96.91838078316057 0.01
40 49 44 45 6.432322275756568 401.6 62.434682651649936 0.01
40 47 43 44 11.976846034922168 446.58 37.28694505196602 0.0187
40 45 42 43 17.22395480752473 335.68 19.489136133436062 0.0195
41 70 55 56 0.40492219383333045 260.22 642.6419790343941 0.0138
41 68 54 55 0.30514406721911896 169.53 555.5736395106227 0.01
41 66 53 54 0.16899805790110226 82.18 486.2777775120456 0.0322
41 64 52 53 0.25296844151589165 103.54 409.300066757519 0.01
41 62 51 52 0.9971571320424711 327.7 328.6342638183553 0.01
41 60 50 51 1.065217006839581 286.33 268.7996888535601 0.01
41 58 49 50 1.852463127020315 440.18 237.6187647567534 0.01
41 56 48 49 1.1721626823970037 225.08 192.02112759614957 0.01
41 54 47 48 1.8758279804225655 259.78 138.4881783997484 0.01
41 52 46 47 2.4070882835391196 231.98 96.37369829199697 0.01
41 50 45 46 4.95085386883949 313.19 63.259794834827886 0.01
41 48 44 45 11.138098282859378 420.41 37.74522268733942 0.01
42 71 56 57 0.4272732506653282 257.31 602.2141559279219 0.0144
42 69 55 56 0.4896391005047091 273.22 558.0028223202986 0.01
42 67 54 55 0.3554110344664598 169.27 476.26546050858207 0.01
42 65 53 54 0.19308822987850086 79.49 411.6770869463064 0.01
42 63 52 53 0.3097314615645778 105.38 340.23020931642964 0.01
42 61 51 52 1.2036490442215675 323.87 269.07344923740254 0.01
42 59 50 51 1.3231480655178967 283.89 214.55648645707834 0.01
42 57 49 50 2.3239378354701152 423.23 182.1176081133787 0.01
42 55 48 49 1.6593978357621648 237.52 143.13625996197987 0.011899999999999999
42 53 47 48 2.578586600919499 253.2 98.19332804634574 0.01
42 51 46 47 4.802787726204738 302.03 62.88639374005195 0.01
42 49 45 46 10.472609167682027 395.2 37.7365366808081 0.01
42 47 44 45 23.07317346735062 433.45 18.785885721933635 0.010700000000000001
43 70 56 57 0.44700920968495084 233.03 521.3091698138345 0.01
43 68 55 56 0.5352106144786537 257.05 480.27821767023676 0.0128
43 66 54 55 0.412572802761405 167.2 405.26180805159237 0.01
43 64 53 54 0.22860729578740724 79.01 345.61451649152593 0.028999999999999998
43 62 52 53 0.35925633109617067 100.12 278.68680753519834 0.01
43 60 51 52 1.4815348379607092 319.64 215.74922965697886 0.01
43 58 50 51 1.627675427858077 272.05 167.1402021212555 0.01
43 56 49 50 3.0899354664580088 419.03 135.6112464317366 0.0111
43 54 48 49 2.1151384009171728 215.88 102.06424312772603 0.01
43 52 47 48 4.002568665156232 260.81 65.16065602332891 0.01
43 50 46 47 9.062373777658363 334.67 36.9296178033473 0.01
43 48 45 46 19.90725105453663 381.59 19.168392409108645 0.01
44 71 57 58 0.34368411770777774 177.14 515.4151468547516 0.0116
44 69 56 57 0.5520666372997747 247.5 448.31544469079444 0.0121
44 67 55 56 0.6222513064821341 253.27 407.02204617592366 0.01
44 65 54 55 0.4973781028696944 168.33 338.4346818422361 0.01
44 63 53 54 0.2850923761432411 80.54 282.5049238059375 0.01
44 61 52 53 0.4801000180943719 107.35 223.5992417290401 0.01
44 59 51 52 1.9661847969527027 329.98 167.82756153512148 0.01
44 57 50 51 2.305665188475739 285.04 123.62592861474316 0.01
44 55 49 50 4.628376257183553 446.29 96.42474492157541 0.01
44 53 48 49 3.5592165021787854 240.49 67.56824145223628 0.01
44 51 47 48 9.810450891403283 373.9 38.11241747590232 0.01
45 70 57 58 0.39764131910559375 175.45 441.2267829576564 0.0258
45 68 56 57 0.6209964302371161 236.67 381.11330190679496 0.01
45 66 55 56 0.7594968592187819 259.26 341.35756699069793 0.01
45 64 54 55 0.5971317739941443 166.76 279.26834119806074 0.01
45 62 53 54 0.35879753307629186 81.24 226.42296144975379 0.01
45 60 52 53 0.6367425702215066 111.11 174.49752097044123 0.01
45 58 51 52 2.6400984712253304 333.31 126.24907882519366 0.01
45 56 50 51 3.301081952941206 289.42 87.67428501498786 0.01
45 54 49 50 7.064003404470691 453.29 64.16899512153692 0.014499999999999999
45 52 48 49 6.510607194706941 262.34 40.29424478461545 0.01
45 50 47 48 22.69854434363591 419.68 18.489291368046143 0.011200000000000002
45 48 46 47 73.0394686838014 451.97 6.188024203142065 0.01
46 71 58 59 0.4766859251677869 229.78 482.03646860167015 0.0126
46 69 57 58 0.46323802460843055 174.32 376.30762316489574 0.01
46 67 56 57 0.719189751200101 229.92 319.6930985408732 0.01
46 65 55 56 0.884148812296893 248.89 281.5023857278269 0.01
46 63 54 55 0.738917621719357 165.95 224.5852516196024 0.01
46 61 53 54 0.46273811799287345 82.36 177.98404064319683 0.01
46 59 52 53 0.8447896809158192 111.54 132.0328627583161 0.01
46 57 51 52 3.62916568865111 325.29 89.63217111228228 0.01
46 55 50 51 4.930341154109466 289.78 58.77483746910024 0.01
46 53 49 50 11.480772575353868 443.82 38.657677180433154 0.01
46 51 48 49 16.452303257413966 326.21 19.82761895985589 0.01
47 70 58 59 0.5364190854802574 218.67 407.6476880091322 0.01
47 68 57 58 0.5311471210067875 167.59 315.5246322004603 0.0182
47 66 56 57 0.8734948382380837 230.41 263.7794637284375 0.01
47 64 55 56 1.0618572186363517 241.83 227.74248341086823 0.01
47 62 54 55 0.9462857408623466 165.99 175.41213275467297 0.01
47 60 53 54 0.668571540043275 89.82 134.34613144643603 0.0109
47 58 52 53 1.219182371571696 115.75 94.94067721040135 0.01
47 56 51 52 5.5356766484862545 329.07 59.445307393448466 0.01
47 54 50 51 8.201399384766438 289.38 35.284222414226576 0.01
47 50 48 49 51.93327721020772 330.28 6.359698785484732 0.01
48 71 59 60 0.5055101845535775 210.97 417.34075088182504 0.01
48 69 58 59 0.6543618788173733 224.34 342.8378199620204 0.01
48 67 57 58 0.6180014577737023 160.82 260.2259233810554 0.01
48 65 56 57 1.0521883081596486 224.24 213.117745427348 0.01
48 63 55 56 1.3477592141875294 240.5 178.44433743677337 0.01
48 61 54 55 1.2707476755689535 169.56 133.43325607428923 0.01
48 59 53 54 0.9707068235658618 94.37 97.21781871619558 0.01
48 57 52 53 1.9488875112013093 122.84 63.03083133016768 0.01
48 55 51 52 9.525920968318287 343.41 36.0500576418939 0.01
48 53 50 51 16.284247151777215 290.45 17.83625594065619 0.01
49 70 59 60 0.5638402173014158 196.81 349.0527882915986 0.0254
49 68 58 59 0.7398578103253124 209.96 283.7842583667279 0.01
49 66 57 58 0.7535298707273844 159.26 211.3519399652543 0.028300000000000002
49 64 56 57 1.2574916120946618 212.59 169.0587817487538 0.01
49 62 55 56 1.7177963672193544 232.98 135.6272515450311 0.01
49 60 54 55 1.83527914013321 178.05 97.0152148010992 0.01
49 58 53 54 1.5831953770892524 104.76 66.16997593348466 0.01
49 56 52 53 3.1423018838818586 119.97 38.179017940757 0.01
49 54 51 52 16.45887505836802 304.08 18.475138727382202 0.01
49 52 50 51 44.031496415667625 271.39 6.163542511433518 0.01
50 71 60 61 0.7022547965883326 244.14 347.6515948144058 0.01
50 69 59 60 0.7424448731566696 213.71 287.846286945675 0.01
50 67 58 59 0.930920569537364 212.71 228.49425285092764 0.01
50 65 57 58 0.9621750016321234 159.54 165.81183228557654 0.01
50 63 56 57 1.7238183700105956 219.87 127.54824047886702 0.01
50 61 55 56 2.4653824513684492 242.25 98.26061667046235 0.01
50 59 54 55 2.9757344009381743 195.0 65.53004190781321 0.01
50 57 53 54 3.066247668695497 120.76 39.38364184761895 0.01
50 55 52 53 8.037762872537215 155.54 19.35115559721681 0.01
50 53 51 52 56.87148774559321 359.18 6.315642762973644 0.0146
51 70 60 61 0.8505147569332425 239.45 281.5353855392242 0.01
51 68 59 60 0.8819611861266591 202.53 229.63595585136613 0.0126
51 66 58 59 1.1882137108172903 211.06 177.62797893892872 0.01
51 64 57 58 1.225646533476944 152.84 124.70153166135083 0.0138
51 62 56 57 2.326886254582803 210.45 90.44275352330553 0.01
51 60 55 56 3.7766859864618847 245.92 65.11528914014517 0.01
51 58 54 55 5.494050245249361 214.44 39.03131395374909 0.01
51 56 53 54 7.120956439944934 136.51 19.17017765117176 0.01
51 54 52 53 22.935462435415403 145.53 6.345195803651307 0.01
52 71 61 62 0.5801423517771358 169.48 292.13519661310033 0.01
52 69 60 61 1.066703042831608 240.17 225.15169672944648 0.01
52 67 59 60 1.0761232775579312 191.68 178.1208565945933 0.01
52 65 58 59 1.5232154792709112 202.66 133.0474924644302 0.01
52 63 57 58 1.6381150903431043 145.04 88.54078743003416 0.01
52 61 56 57 3.3890077234508156 204.69 60.398209949069376 0.01
52 59 55 56 6.366209754517274 248.23 38.99180353331326 0.01
52 57 54 55 11.162265220590095 211.02 18.904764922692312 0.01
52 55 53 54 35.24738013987648 223.2 6.332385530903238 0.01
53 70 61 62 0.6827039554736334 158.5 232.1650529914374 0.01
53 68 60 61 1.2258812465012623 215.14 175.49823901297316 0.01
53 66 59 60 1.3925488064615417 187.08 134.34358575579782 0.0141
53 64 58 59 1.9107879791256734 183.55 96.05984651629831 0.01
53 62 57 58 2.2565588262266343 133.24 59.04565768524673 0.0134
53 60 56 57 5.4418846195714305 197.96 36.377103492427615 0.01
53 58 55 56 13.40459550381969 263.49 19.656691611836965 0.01
53 56 54 55 35.18896256629387 218.15 6.199387083066704 0.01
54 71 62 63 0.6417508196515757 142.18 221.55016502697026 0.01
54 69 61 62 0.8601730930528851 156.16 181.5448556357005 0.01
54 67 60 61 1.5519259751331491 204.97 132.0745984565497 0.01
54 65 59 60 1.8455686683483865 178.16 96.53393182028645 0.01
54 63 58 59 2.97801283729804 191.0 64.13672822622715 0.01
54 61 57 58 3.954752261549533 141.94 35.89099660679774 0.01
54 59 56 57 13.31643477212834 245.75 18.4546392638337 0.01
54 57 55 56 55.461471098608314 358.03 6.455472473195612 0.0118
55 70 62 63 0.8945100992229728 152.91 170.9427318180389 0.01
55 68 61 62 1.2082174858560586 164.81 136.40756066630433 0.01
55 66 60 61 2.447143915473856 232.17 94.87386439838518 0.01
55 64 59 60 3.195669631406781 208.09 65.11624291663581 0.0132
55 62 58 59 6.541739286063734 251.51 38.44696173322087 0.01
55 60 57 58 11.478341352666872 206.97 18.03135084076522 0.01
55 58 56 57 61.72996969838709 386.72 6.2647041929473755 0.01
56 71 63 64 1.052663686403664 183.92 174.71867071652014 0.01
56 69 62 63 1.369394185374107 176.49 128.88180911311846 0.01
56 67 61 62 1.8535013167622914 181.13 97.72315690414459 0.01
56 65 60 61 4.044126692006144 257.21 63.600875934083916 0.01
56 63 59 60 6.43691092861377 251.48 39.06842937380179 0.01
56 61 58 59 16.784135957411163 328.51 19.57264888902094 0.0118
56 59 57 58 48.44818043569415 299.82 6.188467705158807 0.0128
57 70 63 64 1.5664638049452722 201.64 128.72305083809115 0.01
57 68 62 63 2.017970254828406 184.23 91.294705439385 0.01
57 66 61 62 3.081168116443928 199.5 64.74817097297799 0.01
57 64 60 61 7.207995806004533 274.59 38.09519419687455 0.01
57 62 59 60 16.271669204928784 311.61 19.150463057939472 0.01
57 60 58 59 70.82559936186921 455.29 6.42832540920391 0.0137
58 71 64 65 1.3951665587915252 190.07 136.2346300535157 0.01
58 69 63 64 2.3252628282894023 212.19 91.25420035037467 0.01
58 67 62 63 2.9673758611503263 178.22 60.05979974876241 0.01
58 65 61 62 4.869387425836883 186.42 38.28407635236802 0.01
58 63 60 61 14.891709623529067 275.91 18.52775852975666 0.01
58 61 59 60 55.470575948520995 349.69 6.304062902186682 0.01
59 70 64 65 2.146377908564673 206.74 96.32040992177902 0.01
59 68 63 64 3.7038548860562512 225.6 60.90951372023427 0.01
59 66 62 63 5.877922722296204 212.87 36.215174995843185 0.01
59 64 61 62 11.321811815510515 220.2 19.449183892840644 0.01
59 62 60 61 66.67973755353246 409.54 6.141895799622925 0.01
60 71 65 66 1.9433553467809657 183.58 94.4654822413655 0.01
60 69 64 65 3.605575931963394 232.9 64.59439612277858 0.01
60 67 63 64 6.894859681130049 252.09 36.56202035407966 0.01
60 65 62 63 13.56341089141549 246.2 18.151776273018765 0.01
60 63 61 62 42.81879007654148 276.11 6.448337272175013 0.01
61 70 65 66 3.3137628963010575 205.73 62.08350037042279 0.01
61 68 64 65 6.373622603646563 246.43 38.66404011103656 0.01
61 66 63 64 17.425106009861988 319.14 18.314953138269466 0.01
61 64 62 63 51.92376879449984 319.84 6.159799402578802 0.01
62 71 66 67 3.487298390608251 223.74 64.15854766043564 0.0109
62 69 65 66 5.695449598160361 214.49 37.65988905762253 0.01
62 67 64 65 12.641110281346467 246.18 19.474555202897744 0.01
62 65 63 64 47.49114228123906 294.25 6.195892241493648 0.0281
63 70 66 67 6.251268119381342 234.52 37.51558812089623 0.023799999999999998
63 68 65 66 11.31592036220637 209.97 18.55527374523341 0.01
63 66 64 65 51.57151675082742 331.56 6.429130281390849 0.0904
64 71 67 68 5.4842611477706065 204.2 37.233821384127346 0.01
64 69 66 67 16.608854687141505 312.21 18.797804296626875 0.027000000000000003
64 67 65 66 49.82107724740362 305.44 6.130738572416511 0.1
65 70 67 68 14.037072756896139 258.35 18.40483443195646 0.025
65 68 66 67 53.35841272139461 338.3 6.340143620208461 0.01
66 71 68 69 12.858297536311342 244.53 19.01729208780996 0.01
66 69 67 68 45.45790290125524 281.93 6.202001896401055 0.01
67 70 68 69 45.80335523323766 285.15 6.225526460844904 0.0187
68 71 69 70 58.29969224859355 380.84 6.532453008089207 0.01
