56
# x y z
21.375 2965.981 0.0
22.875 2964.563 0.0
24.375 2963.821 0.0
25.875 2963.132 0.0
27.375 2962.38 0.0
28.875 2961.36 0.0
30.375 2960.586 0.0
31.875 2959.859 0.0
33.375 2959.2 0.0
34.875 2958.635 0.0
36.375 2958.012 0.0
37.875 2957.277 0.0
39.375 2956.528 0.0
40.875 2955.697 0.0
42.375 2954.975 0.0
43.875 2954.283 0.0
45.375 2953.512 0.0
46.875 2952.847 0.0
48.375 2951.95 0.0
49.875 2951.131 0.0
51.375 2950.357 0.0
52.875 2949.624 0.0
54.375 2948.811 0.0
55.875 2948.158 0.0
57.375 2947.454 0.0
58.875 2946.845 0.0
60.375 2946.19 0.0
61.875 2945.65 0.0
63.375 2945.17 0.0
64.875 2944.684 0.0
66.375 2944.204 0.0
67.875 2943.74 0.0
69.375 2943.484 0.0
70.875 2943.148 0.0
72.375 2942.711 0.0
73.875 2942.282 0.0
75.375 2941.835 0.0
76.875 2941.254 0.0
78.375 2940.771 0.0
79.875 2940.297 0.0
81.375 2939.781 0.0
82.875 2939.288 0.0
84.375 2939.127 0.0
85.875 2939.202 0.0
87.375 2939.147 0.0
88.875 2939.03 0.0
90.375 2938.745 0.0
91.875 2938.389 0.0
93.375 2938.393 0.0
94.875 2938.589 0.0
96.375 2938.645 0.0
97.875 2938.588 0.0
99.375 2938.778 0.0
100.875 2938.937 0.0
102.375 2939.046 0.0
103.875 2939.099 0.0
930
# a b m n r rhoa k
1 4 2 3 434.061322 4668.922875779797 10.756366990422144
1 7 3 5 189.157397 4141.458596371652 21.894246072606148
1 10 4 7 108.616228 3208.1364223797714 29.536437431612622
1 13 5 9 67.4879981 2714.5113932959352 40.22213533840079
1 16 6 11 54.4777774 2882.3836101444526 52.909346667737815
1 19 7 13 34.8661281 2224.334890452447 63.79644117846418
1 22 8 15 24.7948336 1871.7113787166809 75.48795885916657
1 25 9 17 20.4168594 1773.7506801772483 86.87676421855794
1 28 10 19 16.0963544 1544.0486163419962 95.9253616049853
1 31 11 21 12.2745814 1283.1160554093851 104.53440435935234
1 34 12 23 10.9741666 1215.1175248410507 110.72526681352282
1 37 13 25 9.88185492 1165.263050679212 117.91946553686219
1 40 14 27 9.15067826 1157.600860657308 126.5043779014156
1 43 15 29 8.09875892 1120.928713341896 138.40746766442777
1 46 16 31 7.24957476 1055.7778361723458 145.63307105923906
2 5 3 4 420.959041 4750.178843363274 11.284182974379386
2 8 4 6 160.62388 3210.84918646697 19.989861946224742
2 11 5 8 97.2712787 2856.975736567704 29.371215992534335
2 14 6 10 73.771863 3101.537479136896 42.04228215216547
2 17 7 12 48.9316455 2618.30794275315 53.509501182688616
2 20 8 14 31.2403657 2010.7402113057938 64.36352988357604
2 23 9 16 24.9794424 1886.1458907458461 75.50792609949717
2 26 10 18 18.8794026 1627.9164911971422 86.22711881768666
2 29 11 20 14.0634452 1333.0227076361011 94.78635488522407
2 32 12 22 12.5965113 1298.612902008416 103.09306053719938
2 35 13 24 11.5254056 1266.701184042051 109.90512854853898
2 38 14 26 10.1230512 1190.2854046392956 117.581683735759
2 41 15 28 8.87256691 1131.9669207795623 127.58054487070218
2 44 16 30 7.83657368 1083.4040412217398 138.2497103277079
2 47 17 32 6.98030793 1022.9173810235419 146.54330314386888
3 6 4 5 396.373334 4038.3015273532683 10.188126145118703
3 9 5 7 165.077091 3363.4828900330435 20.37522511244788
3 12 6 9 94.7022421 2916.403814440621 30.795509691957133
3 15 7 11 72.2381716 3149.033194935348 43.592371251757264
3 18 8 13 41.623572 2252.4881691797464 54.115686399517706
3 21 9 15 30.8640817 2005.3918324430654 64.9749392169042
3 24 10 17 22.6510048 1726.0389425679944 76.20142937623652
3 27 11 19 16.3491988 1402.8449137757993 85.80511687066888
3 30 12 21 14.4061536 1362.9763711341689 94.61070657570727
3 33 13 23 12.8384781 1317.1101407687447 102.59083128932119
3 36 14 25 11.47582 1256.6207823874774 109.50161142188335
3 39 15 27 9.89247051 1159.4576759502997 117.20607858049604
3 42 16 29 8.57508165 1111.2095961799012 129.5858910194635
3 45 17 31 7.61458457 1044.4779632772158 137.1680823392859
3 48 18 33 6.66377059 998.3560298603046 149.81848735286437
4 7 5 6 333.968287 3641.942793100333 10.905055763873571
4 10 6 8 170.999333 3563.838425237479 20.841241674536114
4 13 7 10 92.1768445 3047.9709878070885 33.06655813984919
4 16 8 12 59.1003545 2663.4260975109355 45.06616110925249
4 19 9 14 38.3202792 2087.4327054437285 54.47331671434503
4 22 10 16 27.5815236 1797.902548980962 65.18503383116087
4 25 11 18 19.1095315 1456.558406020185 76.22156545387756
4 28 12 20 16.2513422 1389.2222829887269 85.48354135258606
4 31 13 22 14.6279924 1386.834093394877 94.80686450143884
4 34 14 24 13.1912646 1346.4088238737977 102.06821443592283
4 37 15 26 10.9928925 1196.5305904243153 108.84583747401471
4 40 16 28 9.34728497 1103.0942608699931 118.01226392587378
4 43 17 30 8.19782455 1065.4839735893856 129.9715512439682
4 46 18 32 7.16949149 989.3190437442545 137.99012735061555
4 49 19 34 6.40100337 977.0929548144615 152.64684274247796
5 8 6 7 339.990037 3624.441473105662 10.660434361803556
5 11 7 9 129.618545 2712.1626270145075 20.924186635596836
5 14 8 11 91.3387116 3067.1631505713917 33.58010088869473
5 17 9 13 53.3675748 2307.2055363460895 43.23234745053638
5 20 10 15 33.9466714 1817.6266074486991 53.543588590211506
5 23 11 17 22.9583019 1489.7929072121083 64.89124995834767
5 26 12 19 18.7832753 1404.2774454550604 74.76211805589946
5 29 13 21 16.4028507 1390.2338069499945 84.75562159143439
5 32 14 23 14.4745877 1354.9959867062253 93.61206099889293
5 35 15 25 12.4429762 1246.644037807905 100.18857367965592
5 38 16 27 10.2747206 1105.9634279164663 107.63927029961927
5 41 17 29 8.801843 1039.9083357213983 118.14665811710097
5 44 18 31 7.64345597 983.9490849488814 128.73091554537748
5 47 19 33 6.84183896 959.2715350963649 140.2066813768392
5 50 20 35 6.26614005 961.0572964834497 153.37309552847447
6 9 7 8 369.234233 3778.6702594974154 10.23380261574342
6 12 8 10 120.558615 2596.028891142672 21.533333732663333
6 15 9 12 79.9538517 2626.3141316154047 32.847875065103395
6 18 10 14 42.0470353 1747.3909361985166 41.55800578402532
6 21 11 16 27.5793858 1444.6961557183288 52.38318816071418
6 24 12 18 22.039913 1407.6088029000666 63.86635023922584
6 27 13 20 18.2802645 1353.8871763029235 74.06277826575887
6 30 14 22 16.5851888 1381.7456100227387 83.31202174935378
6 33 15 24 13.8189194 1260.9846364058233 91.25059636760189
6 36 16 26 11.483726 1126.891718963677 98.12945022927897
6 39 17 28 9.50126385 1009.434833870965 106.24216418018587
6 42 18 30 8.11141605 965.2816663062938 119.00285478591543
6 45 19 32 7.26403795 933.7406661426621 128.54292234839744
6 48 20 34 6.59030368 939.5445589796128 142.5646836018963
6 51 21 36 6.26490536 966.6959218348821 154.3033559624087
7 10 8 9 255.933677 2638.1042620125368 10.307765249715601
7 13 9 11 147.050961 3169.568512083432 21.55421828275867
7 16 10 13 66.2938411 2071.056679910666 31.240559387509467
7 19 11 15 34.6261578 1426.57670345019 41.199393582449105
7 22 12 17 28.0333039 1476.7736508154264 52.67925807401626
7 25 13 19 22.3414795 1412.095777991441 63.20511486230986
7 28 14 21 18.9179213 1392.5053739413477 73.60773691036275
7 31 15 23 15.6468317 1287.3546798455063 82.27574147458276
7 34 16 25 13.1302053 1178.1787152165098 89.73041078165852
7 37 17 27 10.6910323 1028.4592003154646 96.19830634273406
7 40 18 29 8.79424753 934.6993314987894 106.2853107454879
7 43 19 31 7.83673825 933.887196629614 119.16784341107909
7 46 20 33 7.06224407 915.1711278607739 129.5864485551225
7 49 21 35 6.40728563 921.272767091244 143.785187720942
7 52 22 37 6.10974394 949.2466888366739 155.36603467487933
8 11 9 10 340.102379 3536.0608437748774 10.397048248153764
8 14 10 12 130.543917 2737.205913231371 20.96770172164645
8 17 11 14 50.132182 1501.494723269323 29.95071555571475
8 20 12 16 39.9603907 1632.3982753417145 40.8504082854654
8 23 13 18 30.4955288 1609.4026424070532 52.77503639835402
8 26 14 20 23.8028126 1497.8542760110067 62.927617050222324
8 29 15 22 19.3073639 1391.6391458126793 72.07815385986895
8 32 16 24 15.2716203 1239.4743290751717 81.16193990726522
8 35 17 26 12.6651792 1108.8887893825383 87.5541334134884
8 38 18 28 9.77817757 937.4216226437416 95.86874608616272
8 41 19 30 8.47203396 913.2131373316212 107.79148686646923
8 44 20 32 7.68373841 918.348745569059 119.5184813129341
8 47 21 34 6.81944288 896.8216565097622 131.50951951514287
8 50 22 36 6.35174647 922.5494676698573 145.24343375907088
8 53 23 38 6.07254561 942.2929399462125 155.17264100816075
9 12 10 11 373.439533 3820.8026248101996 10.231382291307117
9 15 11 13 82.1191941 1666.3911376953256 20.29234646002603
9 18 12 15 51.3436579 1552.2521300998155 30.232597239625495
9 21 13 17 39.6438135 1674.770007539066 42.24543149813441
9 24 14 19 29.9059152 1584.0814125498089 52.96883248534755
9 27 15 21 22.3368285 1406.8983885651492 62.98559298895764
9 30 16 23 17.7876542 1277.458563060986 71.81714624635474
9 33 17 25 14.2277314 1132.9464774636454 79.62945360801831
9 36 18 27 11.2307027 972.3773646053033 86.58205907323175
9 39 19 29 9.23380864 892.3942722852992 96.64422418497284
9 42 20 31 8.28777441 908.1256446460721 109.5741268669585
9 45 21 33 7.31082577 882.5187866954503 120.71396781426105
9 48 22 35 6.49760452 876.7024143280827 134.92701989318405
9 51 23 37 6.42350746 940.834096132436 146.46734700490813
9 54 24 39 5.94526425 923.1704230359936 155.27828271653252
10 13 11 12 210.275122 2243.3849901971084 10.668808410902304
10 16 12 14 84.2078264 1712.094020547451 20.331768360992285
10 19 13 16 60.8827571 1908.8572307601821 31.353002421110496
10 22 14 18 43.7027086 1893.1502054183943 43.31883002369318
10 25 15 20 29.2509703 1546.8518586899563 52.88206999033999
10 28 16 22 22.1571623 1389.2258258403488 62.69872500055428
10 31 17 24 17.4108525 1241.6319310442548 71.31367812370215
10 34 18 26 13.4947733 1064.9161767087317 78.91323203693474
10 37 19 28 10.5610221 921.1494626144457 87.22162058674658
10 40 20 30 9.1146792 893.0047249370317 97.97434504738595
10 43 21 32 8.07099482 898.2309683832082 111.29123341243927
10 46 22 34 6.9817795 857.701226575003 122.84851255686362
10 49 23 36 6.78679144 933.9306733715893 137.61004469169148
10 52 24 38 6.14945343 909.050350237308 147.82620286260268
10 55 25 40 5.87815853 908.849541430498 154.61467001817965
11 14 12 13 297.259981 3081.534277500486 10.36646193387359
11 17 13 15 103.081959 2148.1242039425806 20.838992824559927
11 20 14 17 69.7287093 2294.252759422096 32.90255595512788
11 23 15 19 44.0953227 1894.063306866354 42.95383707139429
11 26 16 21 28.6854995 1528.1099466322034 53.27116394233273
11 29 17 23 21.7104337 1341.1557598427437 61.774710647201104
11 32 18 25 15.9659609 1135.6786246571344 71.13124175677609
11 35 19 27 13.133796 1031.9916609424001 78.57527716605314
11 38 20 29 10.3416026 910.5035131468228 88.04278682559537
11 41 21 31 8.92579072 887.2319460859794 99.40093532531081
11 44 22 33 7.65161166 868.1039838150704 113.45374313142682
11 47 23 35 7.02376431 881.7051597652087 125.53171217745613
11 50 24 37 6.58313649 911.9858999168193 138.5336459759198
11 53 25 39 6.26902931 928.0606959610313 148.03897861518075
12 15 13 14 185.633897 1949.2981839608108 10.500766376524492
12 18 14 16 108.124021 2295.9058837750085 21.23400390164003
12 21 15 18 60.0358011 1961.8825325376572 32.678543412284995
12 24 16 20 35.7044684 1530.3579471656979 42.86180457921893
12 27 17 22 25.6979151 1339.9540865230308 52.14252134108074
12 30 18 24 18.8557761 1157.575141810403 61.39101014306184
12 33 19 26 14.3902894 1013.6099038924068 70.4370757055384
12 36 20 28 11.584584 908.3537584120472 78.41056341876819
12 39 21 30 9.3371193 825.4758790420203 88.40798243222837
12 42 22 32 8.03928765 823.3624529621429 102.41733954651353
12 45 23 34 7.21606486 827.4978445609861 114.67439118347754
12 48 24 36 6.74418542 869.1369411694279 128.87204117964893
12 51 25 38 6.41492048 892.4199434690426 139.1162908802016
12 54 26 40 6.04877266 891.5466419218534 147.39298235120864
13 16 14 15 219.088933 2354.0188872931008 10.744581458585591
13 19 15 17 93.284138 2029.9671472477128 21.761118136158505
13 22 16 19 49.9268973 1607.2977934465125 32.193023808161065
13 25 17 21 31.168284 1303.6240454926703 41.82533903671663
13 28 18 23 21.1014271 1087.0411498919693 51.5150536852538
13 31 19 25 16.463986 1013.469226691213 61.556735209275146
13 34 20 27 13.4192321 932.0458275284456 69.45597338080512
13 37 21 29 10.0412505 785.360614022109 78.21342710473252
13 40 22 31 8.38114379 745.4735323732577 88.94651506429504
13 43 23 33 7.59673667 794.3834159684611 104.56903410980824
13 46 24 35 6.56509746 758.9611544749266 115.60546649903453
13 49 25 37 6.63725049 860.9654702935179 129.71718810231584
13 52 26 39 6.19849935 865.8923691312414 139.69387108691743
13 55 27 41 5.85252225 845.7933555821184 144.51775139891495
14 17 15 16 270.920732 2733.865588356771 10.091016542642336
14 20 16 18 89.751664 1945.0496979183126 21.671461132111293
14 23 17 20 47.4924641 1476.5798363116057 31.09082386634063
14 26 18 22 28.0336903 1153.7115967801067 41.15446751511365
14 29 19 24 20.2879413 1039.5544401730713 51.24001616532039
14 32 20 26 15.0817979 920.6329028187924 61.042649485363576
14 35 21 28 11.9438869 822.2800110472988 68.84526100521755
14 38 22 30 8.8019016 693.8563201064278 78.83027459730154
14 41 23 32 7.96654771 725.8069225779445 91.10683184221394
14 44 24 34 6.69939614 708.5230570412897 105.75924191300169
14 47 25 36 6.77329054 797.8506517139152 117.79365538834766
14 50 26 38 6.35995499 824.7489596613757 129.6784271206573
14 53 27 40 5.98420569 830.9729164606862 138.86102174751386
15 18 16 17 226.196914 2496.594371994098 11.037260976929588
15 21 17 19 94.6856794 1960.8838414519798 20.709402455340886
15 24 18 21 43.3554052 1361.0489141427572 31.392831132916207
15 27 19 23 25.7564739 1073.5304652467323 41.68002458002344
15 30 20 25 19.7078286 1015.1342782013528 51.50918951067764
15 33 21 27 14.2180774 854.5165255888295 60.10070852398296
15 36 22 29 10.4737236 723.9584659595597 69.12140262700457
15 39 23 31 8.65900582 684.1244250068468 79.00727164620923
15 42 24 33 7.20951703 683.0968324974351 94.74931949740261
15 45 25 35 6.72429363 716.6704568590214 106.57929238271849
15 48 26 37 6.74501321 810.8165189665178 120.20977479546224
15 51 27 39 6.32087089 824.0606701196112 130.3713814853148
15 54 28 41 6.08749119 827.3002926651881 135.90168212878976
16 19 17 18 293.921743 3062.3581446442495 10.41895748639545
16 22 18 20 89.3328315 1846.9514399917693 20.674945694425563
16 25 19 22 47.6517733 1485.2210467993295 31.168221955746805
16 28 20 24 28.4185156 1181.8673608389465 41.58793434091071
16 31 21 26 19.3103527 989.9511758045726 51.265307847255045
16 34 22 28 13.5200304 812.6018414600858 60.103551354447085
16 37 23 30 10.0587956 696.9330636767512 69.28593555243843
16 40 24 32 7.93446816 637.9871131670047 80.40704182080992
16 43 25 34 7.218633 698.235120088806 96.72677916841124
16 46 26 36 7.06782136 762.3645494628659 107.86415086513531
16 49 27 38 6.70325508 811.182769925494 121.013262996027
16 52 28 40 6.34380796 823.4222187439324 129.79936087849865
16 55 29 42 6.10499692 808.8097489664468 132.4832362022628
17 20 18 19 299.264509 3188.3794642697626 10.654051410652784
17 23 19 21 102.825993 2225.6600396657277 21.644916569546066
17 26 20 23 45.1834717 1440.6993675760016 31.885539410111367
17 29 21 25 27.0253004 1128.679598470567 41.76381323297213
17 32 22 27 17.3965109 898.944082223329 51.673814789109755
17 35 23 29 13.4347997 811.5149319544718 60.403947217350165
17 38 24 31 8.84650944 616.9591859113189 69.74040892577388
17 41 25 33 7.87753083 660.5955538661441 83.85819974837776
17 44 26 35 7.01962045 690.1947603455217 98.32365799001593
17 47 27 37 7.175969 788.550133295874 109.88761703065802
17 50 28 39 6.77341005 818.6721432088821 120.8655813195426
17 53 29 41 6.40355174 813.8790967943644 127.09807460607234
18 21 19 20 257.333907 2732.75134055982 10.619476354353178
18 24 20 22 111.382526 2371.932383753616 21.29537252327727
18 27 21 24 43.1851915 1363.9293289373975 31.583264576640754
18 30 22 26 25.5659454 1065.1925783069535 41.66450962955406
18 33 23 28 16.7405877 855.9819275556088 51.13213125460397
18 36 24 30 11.1747454 671.1123775047632 60.05616714137963
18 39 25 32 8.48693065 597.7648334503267 70.4335711109324
18 42 26 34 7.3417107 639.0437750768461 87.0428979279783
18 45 27 36 7.41999993 735.9104028784349 99.17930051495766
18 48 28 38 7.24892922 804.1952740325311 110.93987120383707
18 51 29 40 6.78369353 812.1580957159025 119.72210892550486
18 54 30 42 6.46872636 800.0783513375909 123.68406187112095
19 22 20 21 296.390172 3235.15113096818 10.915176806092544
19 25 21 23 90.9470466 1894.652125265362 20.83247555688479
19 28 22 25 38.1847204 1208.5302350071552 31.6495766460334
19 31 23 27 25.6073958 1059.758922433254 41.384876881281855
19 34 24 29 15.2556688 773.1439587793537 50.67912583284148
19 37 25 31 10.0314073 595.0226915610189 59.315973698029275
19 40 26 33 8.03467506 581.6048130720194 72.3868493409887
19 43 27 35 7.33559036 650.2525638894556 88.64352178594874
19 46 28 37 7.69216692 757.2418454748988 98.44324146243291
19 49 29 39 7.27062795 803.321958192159 110.48866256348036
19 52 30 41 6.70179853 783.5008895046279 116.90904851844718
19 55 31 43 6.17602152 755.4834456950634 122.32526121364023
20 23 21 22 382.702445 3914.4298075352503 10.228389859216213
20 26 22 24 84.7931769 1778.0430120552573 20.96917555232274
20 29 23 26 43.182707 1340.1593696679683 31.03463082265705
20 32 24 28 20.6236316 852.0890227967998 41.31614835462828
20 35 25 30 14.7375552 738.1401260779081 50.08565641049529
20 38 26 32 9.09875913 546.5752162363582 60.07140187217575
20 41 27 34 7.58148724 568.9911788967844 75.05007406657383
20 44 28 36 7.93590681 706.0793069017794 88.97273163692549
20 47 29 38 7.69374556 757.1336023033211 98.40897341857523
20 50 30 40 7.03952063 764.3618818477046 108.58152451322592
20 53 31 42 6.53635915 744.7832481759656 113.94466416001109
21 24 22 23 252.343208 2708.234364359426 10.732344990872216
21 27 23 25 93.4660284 1983.3706683770658 21.220230519360186
21 30 24 27 41.1163345 1267.1721237363995 30.819189967831385
21 33 25 29 20.4695218 835.6218250250176 40.82273309506515
21 36 26 31 13.4934437 666.0294859704916 49.35948900653816
21 39 27 33 8.71362236 538.6704865315132 61.81935184663123
21 42 28 35 7.91979301 613.0775458188867 77.41080417692466
21 45 29 37 8.33110383 733.2477427889307 88.01327624180273
21 48 30 39 7.7256403 766.0889332898105 99.16186924853471
21 51 31 41 6.92180214 735.2652996147334 106.22454741457453
21 54 32 43 6.4092071 718.4749117136063 112.10043621676796
22 25 23 24 384.482641 3932.1498101389484 10.227119226792214
22 28 24 26 91.4737023 1884.2641757769004 20.598971380836964
22 31 25 28 40.146158 1234.554302489383 30.751493143861563
22 34 26 30 22.4917946 904.3207121886454 40.206694408842125
22 37 27 32 12.0954081 600.5415585269542 49.65037587503593
22 40 28 34 9.07373403 569.9362841630867 62.81165860479676
22 43 29 36 9.34269907 730.4603792845837 78.18515546863094
22 46 30 38 8.51408596 736.0824055850525 86.45465984760301
22 49 31 40 7.56535471 743.5622414304364 98.28517894178638
22 52 32 42 6.92103073 712.3795388004894 102.92968874023326
22 55 33 44 6.62765802 731.3292106101226 110.34504321182862
23 26 24 25 271.023677 2850.1137806317993 10.516106239056741
23 29 25 27 80.9650354 1628.1411582653184 20.10918849379418
23 32 26 29 35.0789709 1085.8862960551935 30.95547754666866
23 35 27 31 21.8544488 863.2571258099656 39.50029276464596
23 38 28 33 11.1732921 568.2857956239847 50.86108825741562
23 41 29 35 9.44050541 609.4763664915574 64.55971794115601
23 44 30 37 9.36168389 724.5703882481118 77.39744225097007
23 47 31 39 8.28747485 720.3346238195202 86.91846875644156
23 50 32 41 7.33167839 692.1980920864903 94.41195525305771
23 53 33 43 6.75859173 678.6067363124212 100.4065289667114
24 27 25 26 257.254063 2606.44208880462 10.131782015060422
24 30 26 28 83.4271514 1686.1351897584746 20.210868541754795
24 33 27 30 34.27535 1043.116905230311 30.433442845377535
24 36 28 32 20.0590633 785.1644819351491 39.14262945344757
24 39 29 34 11.7017776 602.353312679975 51.47536838163589
24 42 30 36 10.8113676 719.7806123425435 66.5762777636516
24 45 31 38 9.31479006 710.8271423291263 76.31166539990987
24 48 32 40 8.20003214 707.34665047217 86.26144854014805
24 51 33 42 7.47856575 675.5400773866526 90.330164896478
24 54 34 44 7.21794369 715.384936827758 99.1120141071311
25 28 26 27 207.457999 2091.7762481163127 10.082890311288082
25 31 27 29 76.19431 1585.739822523598 20.81178794746744
25 34 28 31 37.5621789 1102.331617598313 29.346849673790167
25 37 29 33 18.022616 721.0073553802099 40.00569924922164
25 40 30 35 11.9857668 628.145740369645 52.407639064831876
25 43 31 37 10.9517498 736.8040017306334 67.27728583889247
25 46 32 39 9.21020438 688.0169793752516 74.7015973792377
25 49 33 41 8.18612684 675.0306738072753 82.46032427800438
25 52 34 43 7.42940546 659.7244520137023 88.79909106666285
25 55 35 45 7.08850807 696.4322286167222 98.24806880931183
26 29 27 28 213.092542 2154.084317502199 10.108680000176633
26 32 28 30 66.8268024 1361.880694484073 20.379258704200293
26 35 29 32 41.3825975 1198.724671920172 28.966878454649255
26 38 30 34 17.0569288 693.5745734841591 40.66233620463721
26 41 31 36 13.2331337 722.7941423656986 54.620028690989386
26 44 32 38 10.585275 693.8435048113058 65.54799046895862
26 47 33 40 9.21907969 668.8822692994672 72.55412598559144
26 50 34 42 8.28560682 648.0133799418152 78.20952574983701
26 53 35 44 7.56471563 665.0187025780838 87.9106016808835
27 30 28 29 210.81992 2103.266941474493 9.976604399975548
27 33 29 31 72.6814178 1384.1849864058154 19.044551252628636
27 36 30 33 37.5736719 1102.9208691125023 29.353555650559198
27 39 31 35 16.5745116 689.3884362581845 41.59328810980979
27 42 32 37 13.1501367 726.3462847469771 55.234884725341075
27 45 33 39 10.9020292 683.8863086120964 62.730185001898214
27 48 34 41 9.59684971 670.2773497209649 69.84347676326848
27 51 35 43 8.07807778 618.859449644735 76.60974138884005
27 54 36 45 7.1180007 618.4993250700328 86.89228213619491
28 31 29 30 232.41579 2341.8878208093083 10.07628535397405
28 34 30 32 86.4031192 1639.8132293406047 18.978634620179367
28 37 31 34 29.1822829 890.9767564049896 30.531427560281433
28 40 32 36 17.3303984 735.9001016828921 42.46296505698866
28 43 33 38 13.5801573 730.9623115202118 53.82576176199459
28 46 34 40 11.2743168 677.283056817065 60.07309079846551
28 49 35 42 9.4842438 635.9439298770473 67.05267634274092
28 52 36 44 7.61120251 582.6157907756804 76.54714087691255
28 55 37 46 6.69352439 577.5788906795376 86.28920386731235
29 32 30 31 208.301188 1995.1609173210654 9.578250304175247
29 35 31 33 90.0274217 1815.1876651395448 20.1626085792874
29 38 32 35 25.175008 783.1655100469891 31.108848507495573
29 41 33 37 18.4312262 779.574825399471 42.29641679507308
29 44 34 39 14.5640975 757.064739287601 51.981575877777594
29 47 35 41 11.3621899 654.0561514495544 57.564268614235566
29 50 36 43 8.18722958 534.8161422639917 65.32321306470456
29 53 37 45 7.14833149 549.8463342234749 76.91953499815588
30 33 31 32 225.187338 2201.1007653319157 9.77453166275235
30 36 32 34 61.9675947 1254.5433163603443 20.24515107345847
30 39 33 36 27.8912945 859.062922182573 30.80039623770682
30 42 34 38 20.3116404 854.072334710658 42.048417453799445
30 45 35 40 14.5562295 720.6848305465903 49.51040587444642
30 48 36 42 10.2333227 569.0499934200697 55.607548994821556
30 51 37 44 7.9687101 524.6902445332162 65.84381135075
30 54 38 46 7.13974519 548.9677237837296 76.8889798129798
31 34 32 33 217.27005 2150.684883791156 9.898671647524159
31 37 33 35 52.4428306 1021.9324064433171 19.486598925941976
31 40 34 37 33.4801769 997.0210646280398 29.779444344215513
31 43 35 39 22.0023618 900.3215621151726 40.91931449446362
31 46 36 41 12.9804131 593.0328211190281 45.68674483241432
31 49 37 43 8.8909084 489.58917695048217 55.06627162534732
31 52 38 45 7.77111207 519.773873102226 66.88539148840586
31 55 39 47 7.31879881 546.195843671965 74.62916495609544
32 35 33 34 179.178637 1721.5961071058757 9.608266565315349
32 38 34 36 64.3382466 1272.4761166011901 19.777911022542384
32 41 35 38 34.2020727 1023.9708496599413 29.938853666606622
32 44 36 40 17.50088 683.2835017484294 39.04280823298197
32 47 37 42 11.2164791 497.9052022195721 44.39050773246411
32 50 38 44 8.78008492 490.33561670171184 55.84634102852297
32 53 39 46 7.78803902 525.2770601845574 67.44663949880382
33 36 34 35 213.519641 2061.146462825263 9.653193744482095
33 39 35 37 67.1723164 1328.3722068721263 19.775590273854636
33 42 36 39 28.1885774 861.2618287402478 30.553575532344805
33 45 37 41 14.5641737 538.6959105143463 36.987742772825236
33 48 38 43 10.0471826 461.080791446857 45.891550875850214
33 51 39 45 8.84954632 510.7153685328769 57.71090969699302
33 54 40 47 8.3463782 558.2688608711483 66.88755859052112
34 37 35 36 221.024397 2231.0971178969044 10.094347719889512
34 40 36 38 48.0820899 931.6237289857288 19.37569125891362
34 43 37 40 21.8222025 664.3098114645311 30.441923149807227
34 46 38 42 13.1220382 462.7457427532907 35.26477637851189
34 49 39 44 10.5433469 501.6546948266174 47.58021334066296
34 52 40 46 9.06378523 540.9086677332452 59.67801023604409
34 55 41 48 8.35903055 558.0213029476722 66.75670098462221
35 38 36 37 115.566325 1126.8428993405294 9.75061636112881
35 41 37 39 36.1875442 731.7289827180855 20.220465325693073
35 44 38 41 17.8944988 513.1079797535793 28.67406265402523
35 47 39 43 12.3517314 444.1655922421235 35.95978392487741
35 50 40 45 10.7718044 530.1768252189702 49.21894285594066
35 53 41 47 9.70933003 586.226111389532 60.377606856312816
36 39 37 38 122.384683 1209.9019624724983 9.886057085039788
36 42 38 40 29.8399261 630.273863867426 21.121830588830647
36 45 39 42 18.4361101 494.3613986548183 26.81484304299193
36 48 40 44 14.797666 573.251140258328 38.739294444024345
36 51 41 46 11.9688639 626.2976892927007 52.32724630553287
36 54 42 48 10.7638008 649.9132435361101 60.37953094933809
37 40 38 39 58.2849158 588.1529649896279 10.090997935174641
37 43 39 41 28.6964082 562.6565472808182 19.607211584090102
37 46 40 43 17.4997489 463.9210013818655 26.510151890343153
37 49 41 45 14.8658715 624.239783416575 41.99146907845766
37 52 42 47 12.6954048 676.7992682154675 53.31057015334142
37 55 43 49 11.6183858 694.495545626766 59.77556242165465
38 41 39 40 45.4416276 462.5870639116595 10.179808434318923
38 44 40 42 27.1534299 487.6489312589918 17.95901781303112
38 47 41 44 19.1512222 560.2712408480517 29.2551167229448
38 50 42 46 14.7718134 653.791004249353 44.25935980543547
38 53 43 48 13.325275 682.934805713633 51.25108530320259
39 42 40 41 52.1857022 511.5050747942787 9.801632501445553
39 45 41 43 24.1916582 446.67644929618405 18.464069126777925
39 48 42 45 19.7148529 659.5000696638738 33.45193966239909
39 51 43 47 17.2718824 744.1206604367121 43.08277715211355
39 54 44 49 13.9870847 690.7744331416226 49.386591127286344
40 43 41 42 56.5118809 544.2068285860986 9.629954266592081
40 46 42 44 27.731747 556.6331571191647 20.07205521957072
40 49 43 46 21.7069776 750.746373959468 34.58548618760578
40 52 44 48 16.1962977 649.9475921062198 40.129392787477585
40 55 45 50 15.0067367 719.2229341005129 47.92667109968771
41 44 42 43 41.1567554 397.1270979108789 9.649135216107897
41 47 43 45 32.813797 697.6423150086521 21.260639693987624
41 50 44 47 21.0625763 641.8920554525841 30.4754768034993
41 53 45 49 17.398174 649.4689897645945 37.32972148482907
42 45 43 44 62.7370204 598.5201939206529 9.540143763675664
42 48 44 46 29.3581808 614.4333605939905 20.928863568889476
42 51 45 48 21.5679334 577.5075297187027 26.77621072952231
42 54 46 50 20.0771606 716.9882597480573 35.71163642273486
43 46 44 45 53.462207 503.7668795885294 9.422859770613835
43 49 45 47 29.9251913 563.9874126756487 18.846576685899034
43 52 46 49 23.3249219 608.3837057834152 26.082990047800124
43 55 47 51 18.7244696 672.6859699162189 35.925501992121525
44 47 45 46 59.1883574 581.7429156359809 9.828671400770803
44 50 46 48 30.8580543 525.57643236503 17.032066482721497
44 53 47 50 27.6909532 773.6243778852661 27.93780236807688
45 48 46 47 69.7486463 655.6099524237507 9.399608267719895
45 51 47 49 39.2498159 714.5329184037928 18.204745729872144
45 54 48 51 27.6310836 817.9216567229681 29.601504905257066
46 49 47 48 66.4376792 628.7023132728946 9.463038457142472
46 52 48 50 48.2588311 1013.0695007686307 20.99241688364538
46 55 49 52 27.3499263 804.3158565765435 29.4083372567093
47 50 48 49 87.9049856 843.0407317809338 9.590363117935985
47 53 49 51 45.0837725 912.9130583661079 20.249260604047894
48 51 49 50 133.411323 1323.4201478253553 9.919848765950363
48 54 50 52 44.0627221 796.8658735120526 18.084808099317417
49 52 50 51 110.253811 1029.330808432751 9.336011146433306
49 55 51 53 50.715265 920.376095500945 18.147910604449073
50 53 51 52 158.907243 1473.0120195213258 9.269634232602764
51 54 52 53 146.555843 1409.9594233249666 9.620629204971149
52 55 53 54 122.7535 1156.53654160255 9.421617645138834
3 2 4 1 434.418318 4672.76285576991 10.756366990422144
5 3 7 1 189.16254 4141.571198479203 21.894246072606148
7 4 10 1 110.180544 3254.3407440370415 29.536437431612622
9 5 13 1 67.5970483 2718.8976251990134 40.22213533840077
11 6 16 1 54.5779152 2887.6818357191983 52.909346667737836
13 7 19 1 35.0534347 2236.284384941685 63.79644117846418
15 8 22 1 24.8331692 1874.605254912323 75.4879588591666
17 9 25 1 20.2711555 1761.092396811224 86.87676421855795
19 10 28 1 16.1700482 1551.1177207550415 95.9253616049853
21 11 31 1 12.2960863 1285.364057321693 104.53440435935238
23 12 34 1 11.2310163 1243.5572764045235 110.72526681352278
25 13 37 1 9.88344369 1165.4503975884732 117.91946553686219
27 14 40 1 9.14783018 1157.2405660686948 126.50437790141562
29 15 43 1 8.13214298 1125.549316546853 138.40746766442777
31 16 46 1 7.39002183 1076.2315742977175 145.633071059239
4 3 5 2 420.630484 4746.47134605776 11.284182974379382
6 4 8 2 160.829241 3214.9543245061077 19.98986194622474
8 5 11 2 97.4146936 2861.188006572153 29.371215992534342
10 6 14 2 73.794393 3102.4846917537843 42.04228215216547
12 7 17 2 48.7367392 2607.8786038627877 53.50950118268864
14 8 20 2 31.2316971 2010.1822696106456 64.36352988357605
16 9 23 2 24.9921516 1887.1055360802293 75.50792609949714
18 10 26 2 18.7985994 1620.9490640698932 86.22711881768666
20 11 29 2 14.0568794 1332.4003593871955 94.78635488522407
22 12 32 2 12.5631724 1295.1758927724718 103.09306053719934
24 13 35 2 11.5014332 1264.0664943384338 109.90512854853897
26 14 38 2 10.1322996 1191.3728470831575 117.581683735759
28 15 41 2 8.8493922 1129.0102786505413 127.5805448707021
30 16 44 2 7.77312077 1074.6316947947903 138.24971032770796
32 17 47 2 7.06870285 1035.8710645814797 146.54330314386885
5 4 6 3 396.331877 4037.8791582076715 10.188126145118707
7 5 9 3 165.231909 3366.6373416345014 20.375225112447872
9 6 12 3 94.7880709 2919.046956082868 30.795509691957115
11 7 15 3 72.1406466 3144.781848929021 43.59237125175728
13 8 18 3 41.5518355 2248.606099242347 54.115686399517706
15 9 21 3 30.8318101 2003.2949871946334 64.97493921690422
17 10 24 3 22.687298 1728.8045362846321 76.20142937623653
19 11 27 3 16.3298454 1401.1842930269547 85.80511687066888
21 12 30 3 14.3297758 1355.7502135094705 94.61070657570724
23 13 33 3 12.821234 1315.3410542149081 102.59083128932114
25 14 36 3 11.4911866 1258.3034498495535 109.5016114218834
27 15 39 3 9.86477692 1156.2118188645834 117.206078580496
29 16 42 3 8.55364439 1108.4316297417854 129.5858910194635
31 17 45 3 7.60519772 1043.1903870635088 137.16808233928583
33 18 48 3 6.65750134 997.4167803084675 149.81848735286437
6 5 7 4 334.088461 3643.253297271701 10.905055763873571
8 6 10 4 171.239021 3568.833820771965 20.841241674536114
10 7 13 4 92.1565314 3047.299303504939 33.06655813984921
12 8 16 4 59.141956 2665.3009174123226 45.066161109252505
14 9 19 4 38.3041486 2086.554018161134 54.47331671434499
16 10 22 4 27.575138 1797.4863034289287 65.18503383116084
18 11 25 4 19.111374 1456.6988442545337 76.22156545387755
20 12 28 4 16.2238115 1386.8688612568112 85.48354135258606
22 13 31 4 14.6244138 1386.4948175495722 94.80686450143884
24 14 34 4 13.2336963 1350.7397517282786 102.06821443592284
26 15 37 4 10.9873863 1195.9312634740165 108.84583747401476
28 16 40 4 9.31587457 1099.3874484551761 118.0122639258738
30 17 43 4 8.18152871 1063.3659779857626 129.97155124396826
32 18 46 4 7.1577428 987.6978405149514 137.99012735061552
34 19 49 4 6.39877048 976.75211120577 152.64684274247793
7 6 8 5 340.181631 3626.483948366778 10.660434361803556
9 7 11 5 129.64839 2712.7871093646477 20.924186635596843
11 8 14 5 91.2819793 3065.2580742137434 33.58010088869472
13 9 17 5 53.4439031 2310.5053879319985 43.23234745053638
15 10 20 5 33.8982083 1815.031719160493 53.543588590211506
17 11 23 5 23.0174909 1493.6337554058932 64.89124995834769
19 12 26 5 18.7125406 1398.9891694630119 74.76211805589946
21 13 29 5 16.3967568 1389.7173146675775 84.75562159143433
23 14 32 5 14.4585648 1353.4960500140457 93.6120609988929
25 15 35 5 12.4587294 1248.2223284467948 100.18857367965587
27 16 38 5 10.2410784 1102.3422060571913 107.63927029961917
29 17 41 5 8.7941206 1038.995959968755 118.14665811710098
31 18 44 5 7.64962838 984.743664939303 128.7309155453775
33 19 47 5 6.83096136 957.7464228990201 140.20668137683919
35 20 50 5 6.28594666 964.0950975710749 153.37309552847447
8 7 9 6 369.313816 3779.4846962109837 10.23380261574342
10 8 12 6 120.305978 2590.5887743084527 21.533333732663333
12 9 15 6 79.9928892 2627.5964305382577 32.84787506510339
14 10 18 6 42.0031262 1745.5661615667448 41.558005784025305
16 11 21 6 27.7296323 1452.5665463983173 52.38318816071418
18 12 24 6 21.956184 1402.2613372608866 63.86635023922584
20 13 27 6 18.2531027 1351.8754979322239 74.06277826575884
22 14 30 6 16.5386236 1377.8661690675754 83.31202174935375
24 15 33 6 13.7928387 1258.6047569771388 91.25059636760189
26 16 36 6 11.4484791 1123.4329600443907 98.12945022927899
28 17 39 6 9.45159919 1004.1583529092921 106.24216418018591
30 18 42 6 8.09418542 963.2311721465339 119.00285478591543
32 19 45 6 7.23272574 929.7157031640752 128.5429223483974
34 20 48 6 6.58411027 938.6615974425456 142.56468360189623
36 21 51 6 6.25317 964.8851164034551 154.3033559624087
9 8 10 7 256.090733 2639.7231583915964 10.307765249715601
11 9 13 7 147.021488 3168.9332446079843 21.55421828275867
13 10 16 7 66.3833803 2073.8539346057755 31.24055938750946
15 11 19 7 34.6203415 1426.3370754172963 41.1993935824491
17 12 22 7 28.1831579 1484.66784835485 52.67925807401625
19 13 25 7 22.3515889 1412.7347437796304 63.20511486230988
21 14 28 7 18.899867 1391.176437776847 73.60773691036276
23 15 31 7 15.6348222 1286.3665893282673 82.27574147458276
25 16 34 7 13.0863043 1174.239460452784 89.73041078165849
27 17 37 7 10.7130217 1030.5745433529576 96.19830634273406
29 18 40 7 8.77879579 933.057038511331 106.2853107454879
31 19 43 7 7.81896539 931.7692432321671 119.16784341107912
33 20 46 7 7.05893814 914.7427241329016 129.58644855512242
35 21 49 7 6.4064574 921.1536798852176 143.78518772094193
37 22 52 7 6.10999281 949.2853547817233 155.36603467487933
10 9 11 8 340.107768 3536.1168734678877 10.397048248153766
12 10 14 8 130.394851 2734.080341806532 20.96770172164645
14 11 17 8 50.2114311 1503.8682905214691 29.950715555714744
16 12 20 8 40.0363991 1635.5032495148398 40.85040828546541
18 13 23 8 30.4667609 1607.884415437449 52.77503639835402
20 14 26 8 23.6664329 1489.272226475983 62.92761705022234
22 15 29 8 19.2793021 1389.6165030746943 72.07815385986893
24 16 32 8 15.2055527 1234.112154494155 81.16193990726525
26 17 35 8 12.4896937 1093.524308503406 87.55413341348843
28 18 38 8 9.74650064 934.3847950847827 95.86874608616274
30 19 41 8 8.44885968 910.7151472333614 107.79148686646923
32 20 44 8 7.64099063 913.2395958239591 119.51848131293404
34 21 47 8 6.79984669 894.244570978535 131.50951951514293
36 22 50 8 6.34978374 922.2643940251148 145.2434337590708
38 23 53 8 6.04724312 938.3666857488295 155.17264100816067
11 10 12 9 373.845506 3824.956289773148 10.231382291307115
13 11 15 9 82.1404284 1666.8220314677615 20.292346460026028
15 12 18 9 51.3303964 1551.8512005115224 30.232597239625495
17 13 21 9 39.698009 1677.0595198218234 42.245431498134415
19 14 24 9 29.8768871 1582.5438279835412 52.96883248534755
21 15 27 9 22.251254 1401.508427937916 62.985592988957656
23 16 30 9 17.6728883 1269.2164036365918 71.81714624635475
25 17 33 9 14.106823 1123.3186076350255 79.6294536080183
27 18 36 9 11.2301285 972.3276491869836 86.58205907323178
29 19 39 9 9.20350461 889.465562816271 96.64422418497284
31 20 42 9 8.26080533 905.1705312526666 109.57412686695845
33 21 45 9 7.29645876 880.7844879127229 120.71396781426101
35 22 48 9 6.49349464 876.1478804675638 134.92701989318402
37 23 51 9 6.40819277 938.5909941179339 146.4673470049082
39 24 54 9 5.94464193 923.0737902550932 155.27828271653246
12 11 13 10 210.395941 2244.6739849605046 10.668808410902303
14 12 16 10 84.2495436 1712.94220499452 20.331768360992285
16 13 19 10 60.9271095 1910.2478116647644 31.353002421110496
18 14 22 10 43.6444638 1890.62710882743 43.31883002369318
20 15 25 10 29.2638715 1547.5341008513162 52.88206999034001
22 16 28 10 22.1170114 1386.7084156027233 62.698725000554255
24 17 31 10 17.4182188 1242.1572489914179 71.31367812370218
26 18 34 10 13.4410476 1060.6765080782848 78.91323203693474
28 19 37 10 10.5257358 918.0717343439353 87.22162058674657
30 20 40 10 9.09716626 891.2889061106773 97.97434504738592
32 21 43 10 8.04211996 895.0174495991972 111.29123341243931
34 22 46 10 6.90153369 847.8431481775825 122.84851255686365
36 23 49 10 6.76778466 931.315149526344 137.61004469169148
38 24 52 10 6.11742715 904.316026873093 147.82620286260263
40 25 55 10 5.84811296 904.2040555394403 154.61467001817974
13 12 14 11 297.354095 3082.50990669893 10.366461933873587
15 13 17 11 103.159872 2149.74783239052 20.838992824559927
17 14 20 11 69.7660668 2295.4819166561897 32.90255595512788
19 15 23 11 44.1140538 1894.8678794839216 42.953837071394275
21 16 26 11 28.5400689 1520.362689297372 53.27116394233274
23 17 29 11 21.6270816 1336.0067079834068 61.77471064720109
25 18 32 11 15.97355 1136.2184467639504 71.13124175677608
27 19 35 11 13.1082778 1029.9865613046209 78.57527716605311
29 20 38 11 10.3241628 908.968064553142 88.04278682559539
31 21 41 11 8.90796165 885.4597198519986 99.40093532531075
33 22 44 11 7.63278585 865.9681252030894 113.45374313142682
35 23 47 11 7.02025284 881.2643589238494 125.53171217745619
37 24 50 11 6.5765008 911.0666335875535 138.53364597591982
39 25 53 11 6.23626772 923.210703639622 148.03897861518075
14 13 15 12 185.688852 1949.8752535770323 10.50076637652449
16 14 18 12 108.163556 2296.7453701192608 21.234003901640037
18 15 21 12 60.0088348 1961.001313132439 32.678543412285
20 16 24 12 35.6404747 1527.615061701996 42.86180457921892
22 17 27 12 25.4879066 1329.0037138299724 52.14252134108073
24 18 30 12 18.8653512 1158.1629668716237 61.391010143061834
26 19 33 12 14.4102757 1015.0176804185802 70.43707570553839
28 20 36 12 11.5589338 906.3425117782438 78.41056341876823
30 21 39 12 9.3122177 823.2743788266858 88.40798243222835
32 22 42 12 8.00132681 819.4746047223915 102.41733954651347
34 23 45 12 7.17409088 822.6845039589391 114.67439118347761
36 24 48 12 6.70928615 864.6394010088484 128.87204117964896
38 25 51 12 6.36739315 885.8081176040033 139.11629088020163
40 26 54 12 6.04264656 890.6436977726718 147.39298235120867
15 14 16 13 219.132073 2354.482408537225 10.744581458585596
17 15 19 13 93.3551315 2031.5120451881123 21.761118136158508
19 16 22 13 49.8810901 1605.8231211663276 32.19302380816107
21 17 25 13 31.1244374 1301.7901465820626 41.82533903671661
23 18 28 13 21.1027367 1087.1086140062755 51.5150536852538
25 19 31 13 16.4739199 1014.0807251431089 61.556735209275175
27 20 34 13 13.434624 933.1148869251256 69.45597338080512
29 21 37 13 10.038033 785.1089623203995 78.21342710473252
31 22 40 13 8.36400721 743.9492933021373 88.94651506429504
33 23 43 13 7.58617623 793.2791209578862 104.5690341098082
35 24 46 13 6.55920746 758.2802382772477 115.60546649903458
37 25 49 13 6.62057396 858.8022377146137 129.7171881023158
39 26 52 13 6.16054394 860.5902309796502 139.6938710869174
41 27 55 13 5.83279681 842.9426793479643 144.51775139891498
16 15 17 14 271.400678 2738.7087313823467 10.091016542642338
18 16 20 14 89.7340889 1944.6688198217691 21.67146113211129
20 17 23 14 47.4782819 1476.1389000293686 31.09082386634064
22 18 26 14 28.0226911 1153.2589305610147 41.154467515113666
24 19 29 14 20.283798 1039.342137414094 51.24001616532042
26 20 32 14 15.0949014 921.4327751763235 61.04264948536355
28 21 35 14 11.9507583 822.75307437377 68.84526100521755
30 22 38 14 8.7857832 692.585702208358 78.83027459730148
32 23 41 14 7.94136819 723.5128962834369 91.10683184221394
34 24 44 14 6.75030458 713.9070950626632 105.75924191300169
36 25 47 14 6.75937468 796.2114516966428 117.79365538834767
38 26 50 14 6.33543465 821.5692005377124 129.67842712065737
40 27 53 14 5.95980096 827.5840507174145 138.86102174751395
17 16 18 15 226.052377 2494.999079404274 11.037260976929582
19 17 21 15 94.5973894 1959.0554083091974 20.709402455340882
21 18 24 15 43.3751183 1361.6677641621634 31.392831132916207
23 19 27 15 25.7500665 1073.2634046572382 41.68002458002344
25 20 30 15 19.7154808 1015.5284368213267 51.50918951067765
27 21 33 15 14.2125122 854.1820531257524 60.100708523983
29 22 36 15 10.4787425 724.3053793672044 69.12140262700457
31 23 39 15 8.63189788 681.9827006274974 79.0072716462092
33 24 42 15 7.18703516 680.9666906139059 94.7493194974026
35 25 45 15 6.7199834 716.2110755956147 106.57929238271849
37 26 48 15 6.70845099 806.4213827342958 120.20977479546224
39 27 51 15 6.28932615 819.9481387872162 130.3713814853148
41 28 54 15 6.09319501 828.0754513977482 135.90168212878982
18 17 19 16 293.542409 3058.405879825106 10.41895748639545
20 18 22 16 89.2195512 1844.609375941021 20.674945694425563
22 19 25 16 47.6134344 1484.0260914545897 31.16822195574679
24 20 28 16 28.3995421 1181.0782921667296 41.587934340910714
26 21 31 16 19.327326 990.821317254256 51.26530784725502
28 22 34 16 13.5069218 811.8139680468013 60.10355135444711
30 23 37 16 10.0228498 694.4425252945704 69.28593555243843
32 24 40 16 7.84251287 630.59326031833 80.40704182080991
34 25 43 16 7.1691803 693.4517196966242 96.72677916841124
36 26 46 16 6.96257361 751.0120902786498 107.86415086513531
38 27 49 16 6.64142781 803.7008502406576 121.013262996027
40 28 52 16 6.29488251 817.0717266032393 129.79936087849865
42 29 55 16 6.04580109 800.9672938383678 132.4832362022628
19 18 20 17 299.115437 3186.7912435178737 10.654051410652784
21 19 23 17 102.813545 2225.3906037442703 21.644916569546066
23 20 26 17 45.1176414 1438.6003329509724 31.885539410111374
25 21 29 17 26.9840448 1126.9566072973525 41.763813232972126
27 22 32 17 17.2797355 892.9098518318046 51.67381478910974
29 23 35 17 13.3936109 809.0269658533257 60.40394721735015
31 24 38 17 8.73999276 609.5306690907028 69.74040892577385
33 25 41 17 7.7824734 652.6242089136365 83.85819974837774
35 26 44 17 6.96796719 685.1160228752127 98.32365799001597
37 27 47 17 7.10566119 780.8241755963302 109.88761703065808
39 28 50 17 6.70448058 810.3409427472845 120.86558131954266
41 29 53 17 6.31529754 802.6621578984654 127.09807460607237
20 19 21 18 257.501283 2734.5287860341073 10.619476354353184
22 20 24 18 111.413433 2372.5905598321915 21.29537252327726
24 21 27 18 43.2173456 1364.9448603849212 31.583264576640754
26 22 30 18 25.60217 1066.7018585024798 41.66450962955405
28 23 33 18 16.7335459 855.62186531374 51.13213125460397
30 24 36 18 11.1679459 670.7040255962853 60.05616714137963
32 25 39 18 8.44392332 594.7356736144809 70.43357111093246
34 26 42 18 7.31597367 636.8035494015867 87.04289792797829
36 27 45 18 7.40771468 734.6919603767834 99.17930051495766
38 28 48 18 7.23873821 803.0646846956945 110.93987120383713
40 29 51 18 6.76736306 810.2029774077577 119.72210892550483
42 30 54 18 6.47926193 801.3814334293181 123.68406187112089
21 20 22 19 296.346907 3234.6788858436635 10.915176806092543
23 21 25 19 90.988749 1895.5208894940254 20.83247555688479
25 22 28 19 38.1960718 1208.8895020114949 31.6495766460334
27 23 31 19 25.6002164 1059.4618038481722 41.38487688128184
29 24 34 19 15.2621415 773.4719895571324 50.6791258328415
31 25 37 19 9.99914615 593.1090900361506 59.315973698029275
33 26 40 19 7.9819295 577.7867281668931 72.38684934098869
35 27 43 19 7.32769989 649.5531248401094 88.64352178594876
37 28 46 19 7.6770468 755.753371850798 98.44324146243292
39 29 49 19 7.24513936 800.50575797243 110.48866256348036
41 30 52 19 6.67731418 780.6384474425352 116.90904851844715
43 31 55 19 6.14994389 752.2934927934808 122.32526121364023
22 21 23 20 382.686253 3914.2641894466497 10.228389859216211
24 22 26 20 84.8546388 1779.3318174261365 20.96917555232274
26 23 29 20 43.2097644 1340.9990860879896 31.034630822657057
28 24 32 20 20.5970997 850.9928268802697 41.31614835462828
30 25 35 20 14.6825168 735.3834916861246 50.085656410495275
32 26 38 20 9.06334466 544.447819376898 60.07140187217574
34 27 41 20 7.58377293 569.1627201005776 75.05007406657383
36 28 44 20 7.93113812 705.6550235261496 88.97273163692547
38 29 47 20 7.67285763 755.0780425551824 98.40897341857526
40 30 50 20 7.01959498 762.1983243937879 108.58152451322596
42 31 53 20 6.50918678 741.6871016018838 113.94466416001106
23 22 24 21 252.531184 2710.251787641431 10.73234499087222
25 23 27 21 93.4957687 1984.0017643987817 21.220230519360197
27 24 30 21 41.1113033 1267.0170662278333 30.819189967831385
29 25 33 21 20.4368936 834.2898527250458 40.822733095065175
31 26 36 21 13.483244 665.5260339904717 49.35948900653817
33 27 39 21 8.69891762 537.7614490356399 61.81935184663122
35 28 42 21 7.92068631 613.1466968902582 77.4108041769247
37 29 45 21 8.3177402 732.0715659301477 88.01327624180276
39 30 48 21 7.71215429 764.7516353295063 99.16186924853474
41 31 51 21 6.90387178 733.3606552387525 106.22454741457446
43 32 54 21 6.42254386 719.9699683273244 112.10043621676792
24 23 25 22 384.674422 3934.111177291381 10.227119226792212
26 24 28 22 91.4884468 1884.567897310426 20.59897138083697
28 25 31 22 40.1525438 1234.7506753743012 30.75149314386157
30 26 34 22 22.5256716 905.6827943751338 40.206694408842125
32 27 37 22 12.0801768 599.7853187568888 49.65037587503594
34 28 40 22 9.06571561 569.432633903497 62.81165860479679
36 29 43 22 9.3283358 729.3373847865953 78.1851554686309
38 30 46 22 8.50332605 735.1521612260117 86.45465984760301
40 31 49 22 7.55059913 742.1119866097467 98.2851789417864
42 32 52 22 6.91157318 711.4060761227443 102.92968874023326
44 33 55 22 6.61298878 729.7105326884379 110.34504321182862
25 24 26 23 271.098853 2850.904339434426 10.51610623905674
27 25 29 23 80.9501223 1627.841267926391 20.10918849379417
29 26 32 23 35.0450803 1084.83719634785 30.955477546668654
31 27 35 23 21.8708142 863.9035639011762 39.50029276464596
33 28 38 23 11.1660327 567.916574639889 50.861088257415624
35 29 41 23 9.43397928 609.0550413795103 64.55971794115602
37 30 44 23 9.33363988 722.3998536036509 77.39744225097003
39 31 47 23 8.26334377 718.2371872964806 86.9184687564415
41 32 50 23 7.3203091 691.1246951877515 94.41195525305776
43 33 53 23 6.74196789 676.9375942399238 100.4065289667115
26 25 27 24 257.42412 2608.165069258755 10.131782015060418
28 26 30 24 83.3294047 1684.1596440543851 20.210868541754806
30 27 33 24 34.2698559 1042.9497008519743 30.433442845377535
32 28 36 24 20.0444841 784.5938137118213 39.14262945344756
34 29 39 24 11.8122794 608.0414335418089 51.47536838163589
36 30 42 24 10.7838072 717.9457434968663 66.57627776365162
38 31 45 24 9.28673431 708.686161322583 76.31166539990988
40 32 48 24 8.17861342 705.4990406590942 86.26144854014805
42 33 51 24 7.45387954 673.3101679666836 90.330164896478
44 34 54 24 7.18173727 711.7964456179492 99.1120141071311
27 26 28 25 207.110741 2088.2748837925956 10.082890311288084
29 27 31 25 76.1987376 1585.831968795914 20.81178794746744
31 28 34 25 37.599738 1103.4338588598953 29.346849673790153
33 29 37 25 18.0225706 721.0055391214638 40.00569924922163
35 30 40 25 11.9735646 627.5062518762479 52.40763906483187
37 31 43 25 10.9144352 734.2935767204694 67.27728583889247
39 32 46 25 9.18277458 685.9679294994586 74.7015973792377
41 33 49 25 8.15600441 672.5467684614341 82.46032427800442
43 34 52 25 7.31461885 649.5315053790788 88.79909106666287
45 35 55 25 7.01762141 689.4677511673801 98.24806880931186
28 27 29 26 213.21454 2155.3175562448623 10.10868000017664
30 28 32 26 66.8263076 1361.870610826866 20.379258704200286
32 29 35 26 41.3877672 1198.8744219917198 28.966878454649272
34 30 38 26 17.1020297 695.408481443091 40.66233620463722
36 31 41 26 13.196149 720.7740369905706 54.620028690989365
38 32 44 26 10.5271828 690.0356778393852 65.54799046895863
40 33 47 26 9.18673166 666.535286255462 72.55412598559148
42 34 50 26 8.25599757 645.6976545415067 78.209525749837
44 35 53 26 7.53152998 662.1013321194124 87.91060168088349
29 28 30 27 210.841735 2103.4845810994775 9.976604399975544
31 29 33 27 72.6820384 1384.1968054543227 19.044551252628636
33 30 36 27 37.5706628 1102.8325413281946 29.353555650559205
35 31 39 27 16.6100962 690.868516778257 41.5932881098098
37 32 42 27 13.1384728 725.7020305750298 55.23488472534112
39 33 45 27 10.8803642 682.5272591540302 62.7301850018982
41 34 48 27 9.53381645 665.874887690842 69.8434767632685
43 35 51 27 8.03304379 615.4094073171276 76.60974138884005
45 36 54 27 7.13991012 620.403084574113 86.89228213619488
30 29 31 28 232.33993 2341.123433802356 10.07628535397405
32 30 34 28 86.4725858 1641.1316105603103 18.97863462017936
34 31 37 28 29.4493669 899.1312122034996 30.531427560281426
36 32 40 28 17.3249512 735.6687974196337 42.46296505698866
38 33 43 28 13.5583347 729.7876934515845 53.8257617619946
40 34 46 28 11.217449 673.8668323041558 60.07309079846548
42 35 49 28 9.43988566 632.9695978724611 67.05267634274091
44 36 52 28 7.5865963 580.7322557523635 76.54714087691255
46 37 55 28 6.67500552 575.9809121307151 86.28920386731231
31 30 32 29 208.304126 1995.1890582204594 9.57825030417525
33 31 35 29 90.05605 1815.7648863467346 20.162608579287394
35 32 38 29 25.195363 783.7987306583593 31.10884850749558
37 33 41 29 18.4094706 778.654641474244 42.29641679507308
39 34 44 29 14.2122946 738.7774701472288 51.981575877777594
41 35 47 29 11.3077051 650.9197737869614 57.564268614235566
43 36 50 29 8.16640179 533.4556041001548 65.32321306470458
45 37 53 29 7.12388646 547.9660338828587 76.91953499815587
32 31 33 30 225.275519 2201.9626933084683 9.774531662752349
34 32 36 30 62.1132023 1257.4911642197885 20.245151073458477
36 33 39 30 27.9033827 859.4352435323736 30.80039623770682
38 34 42 30 20.2080479 849.716434025575 42.04841745379944
40 35 45 30 14.4992096 717.86175215467 49.51040587444642
42 36 48 30 10.2008561 567.2446053698742 55.60754899482155
44 37 51 30 7.95109589 523.5304578128838 65.84381135075002
46 38 54 30 7.15454844 550.1059305741461 76.8889798129798
33 32 34 31 217.471831 2152.6822476548655 9.898671647524159
35 33 37 31 52.4655855 1022.375822053217 19.486598925941976
37 34 40 31 33.3756555 993.9084754139607 29.77944434421552
39 35 43 31 21.9230164 897.0748027388837 40.91931449446362
41 36 46 31 12.9413412 591.2477531936105 45.68674483241432
43 37 49 31 8.86188758 487.9911085935716 55.0662716253473
45 38 52 31 7.76459497 519.3379743173572 66.88539148840589
47 39 55 31 7.31945328 546.2446862215537 74.62916495609542
34 33 35 32 179.330206 1723.0524224609144 9.60826656531535
36 34 38 32 64.2771133 1271.2670276332756 19.777911022542384
38 35 41 32 34.126687 1021.7138882190856 29.938853666606597
40 36 44 32 17.3699603 678.1720290074103 39.04280823298199
42 37 47 32 11.1954614 496.97221584520327 44.390507732464094
44 38 50 32 8.76697911 489.6037051669964 55.84634102852293
46 39 53 32 7.78693662 525.2027070091738 67.4466394988038
35 34 36 33 213.477923 2060.7437508886305 9.653193744482095
37 35 39 33 67.1040901 1327.0229915174255 19.775590273854643
39 36 42 33 28.1602221 860.3954729399557 30.553575532344812
41 37 45 33 14.5508555 538.2033003585493 36.987742772825236
43 38 48 33 10.0414276 460.8166855715663 45.89155087585019
45 39 51 33 8.8461255 510.5179498987672 57.71090969699302
47 40 54 33 8.34367506 558.0880544360197 66.8875585905211
36 35 37 34 220.792119 2228.7524229972237 10.09434771988951
38 36 40 34 47.8957581 928.0134215572107 19.37569125891361
40 37 43 34 21.6321502 658.5242539534869 30.44192314980722
42 38 46 34 13.0654116 460.7488183672152 35.26477637851189
44 39 49 34 10.5837787 503.5784484963643 47.580213340662944
46 40 52 34 9.06020986 540.6952967657876 59.67801023604409
48 41 55 34 8.3517056 557.532313450795 66.75670098462221
37 36 38 35 115.55803 1126.762017977814 9.75061636112881
39 37 41 35 36.1352271 730.6711066115947 20.220465325693073
41 38 44 35 17.8425132 511.61734140207227 28.674062654025235
43 39 47 35 12.3404201 443.7588403382141 35.959783924877414
45 40 50 35 10.7730168 530.2364982652888 49.21894285594067
47 41 53 35 9.70454475 585.9371876349944 60.3776068563128
38 37 39 36 122.494991 1210.9924736574349 9.886057085039786
40 38 42 36 29.8344326 630.1578310910862 21.121830588830647
42 39 45 36 18.4253497 494.0728602177385 26.814843042991928
44 40 48 36 14.8007887 573.3721114530883 38.739294444024345
46 41 51 36 11.9690644 626.3081809055856 52.32724630553292
48 42 54 36 10.7116442 646.7640524921978 60.37953094933809
39 38 40 37 58.2727498 588.0301979087486 10.090997935174643
41 39 43 37 28.6914202 562.5587465094366 19.607211584090095
43 40 46 37 17.5064297 464.0981104046146 26.510151890343156
45 41 49 37 14.8688123 624.3632719288411 41.99146907845767
47 42 52 37 12.6945733 676.7549404763844 53.31057015334138
49 43 55 37 11.6095103 693.9650076224926 59.77556242165465
40 39 41 38 45.4252586 462.4204306273981 10.179808434318922
42 40 44 38 27.094937 486.5984562259561 17.959017813031124
44 41 47 38 19.1456192 560.1073244290533 29.255116722944813
46 42 50 38 14.7811598 654.2046699298387 44.25935980543548
48 43 53 38 13.322392 682.7870488347037 51.25108530320258
41 40 42 39 52.1811283 511.4602431073804 9.801632501445555
43 41 45 39 24.1920781 446.68420235881035 18.464069126777925
45 42 48 39 19.7143816 659.4843037647108 33.45193966239909
47 43 51 39 17.2701365 744.045442216082 43.082777152113536
49 44 54 39 14.0571142 694.2329514249708 49.386591127286344
42 41 43 40 56.5237625 544.3212478507124 9.629954266592081
44 42 46 40 27.6690002 555.3736998847137 20.072055219570736
46 43 49 40 21.7119686 750.9189901210306 34.58548618760579
48 44 52 40 16.2316926 651.3679679509933 40.129392787477585
50 45 55 40 15.0168138 719.7058959578513 47.926671099687695
43 42 44 41 40.9714545 395.3391044711123 9.649135216107895
45 43 47 41 32.909685 699.6809552276293 21.260639693987628
47 44 50 41 21.1199032 643.6391200637509 30.47547680349931
49 45 53 41 17.3996695 649.5248163630752 37.32972148482907
44 43 45 42 62.509954 596.3539478207528 9.540143763675665
46 44 48 42 29.477238 616.9250924896845 20.928863568889476
48 45 51 42 21.5637828 577.3963923784484 26.776210729522298
50 46 54 42 20.092574 717.5386974848955 35.71163642273486
45 44 46 43 53.9172236 508.05443720363075 9.422859770613833
47 45 49 43 29.9176116 563.8445612783426 18.846576685899034
49 46 52 43 23.3296739 608.5076521521223 26.082990047800124
51 47 55 43 18.7282832 672.8229754106162 35.92550199212153
46 45 47 44 59.3198805 583.0356129674916 9.828671400770803
48 46 50 44 30.8791173 525.9351787813553 17.032066482721486
50 47 53 44 27.7022072 773.9387899131161 27.93780236807687
47 46 48 45 69.8531436 656.592186108785 9.399608267719895
49 47 51 45 39.202577 713.6729462407342 18.20474572987215
51 48 54 45 27.6536846 818.5906803353319 29.60150490525707
48 47 49 46 66.4595174 628.9089689993292 9.463038457142472
50 48 52 46 48.2999186 1013.9320266973373 20.992416883645376
52 49 55 46 27.3626336 804.6895571405654 29.408337256709288
49 48 50 47 87.9381514 843.3588038460308 9.590363117935986
51 49 53 47 45.0930413 913.1007447127947 20.249260604047894
50 49 51 48 133.384573 1323.154791870865 9.919848765950356
52 50 54 48 44.1133289 797.7810877785734 18.084808099317424
51 50 52 49 110.208075 1028.903816626958 9.336011146433307
53 51 55 49 50.7173917 920.4146906624269 18.147910604449063
52 51 53 50 158.938329 1473.3001753710807 9.269634232602764
53 52 54 51 146.540148 1409.808427549595 9.620629204971154
54 53 55 52 122.888538 1157.8088180061143 9.421617645138836
