1.25400000000000e+03
1.25500000000000e+03
1.25600000000000e+03
1.25700000000000e+03
1.25800000000000e+03
1.25900000000000e+03
1.26000000000000e+03
1.26100000000000e+03
1.26200000000000e+03
1.26300000000000e+03
1.26400000000000e+03
1.26500000000000e+03
1.26600000000000e+03
1.26700000000000e+03
1.26800000000000e+03
1.26900000000000e+03
1.27000000000000e+03
1.27100000000000e+03
1.27200000000000e+03
1.27300000000000e+03
1.27400000000000e+03
1.27500000000000e+03
1.27600000000000e+03
1.27700000000000e+03
1.27800000000000e+03
1.27900000000000e+03
1.28000000000000e+03
1.28100000000000e+03
1.28200000000000e+03
1.28300000000000e+03
1.28400000000000e+03
1.28500000000000e+03
1.28600000000000e+03
1.28700000000000e+03
1.28800000000000e+03
1.28900000000000e+03
1.29000000000000e+03
1.29100000000000e+03
1.29200000000000e+03
1.29300000000000e+03
1.29400000000000e+03
1.29500000000000e+03
1.29600000000000e+03
1.29700000000000e+03
1.29800000000000e+03
1.29900000000000e+03
1.30000000000000e+03
1.30100000000000e+03
1.30200000000000e+03
1.30300000000000e+03
1.30400000000000e+03
1.30500000000000e+03
1.30600000000000e+03
1.30700000000000e+03
1.30800000000000e+03
1.30900000000000e+03
1.31000000000000e+03
1.31100000000000e+03
1.31200000000000e+03
1.31300000000000e+03
1.31400000000000e+03
1.31500000000000e+03
1.31600000000000e+03
1.31700000000000e+03
1.31800000000000e+03
1.31900000000000e+03
1.32000000000000e+03
1.32100000000000e+03
1.32200000000000e+03
1.32300000000000e+03
1.32400000000000e+03
1.32500000000000e+03
1.32600000000000e+03
1.32700000000000e+03
1.32800000000000e+03
1.32900000000000e+03
1.33000000000000e+03
1.33100000000000e+03
1.33200000000000e+03
1.33300000000000e+03
1.33400000000000e+03
1.33500000000000e+03
1.33600000000000e+03
1.33700000000000e+03
1.33800000000000e+03
1.33900000000000e+03
1.34000000000000e+03
1.34100000000000e+03
1.34200000000000e+03
1.34300000000000e+03
1.34400000000000e+03
1.34500000000000e+03
1.34600000000000e+03
1.34700000000000e+03
1.34800000000000e+03
1.34900000000000e+03
1.35000000000000e+03
1.35100000000000e+03
1.35200000000000e+03
1.35300000000000e+03
1.35400000000000e+03
1.35500000000000e+03
1.35600000000000e+03
1.35700000000000e+03
1.35800000000000e+03
1.35900000000000e+03
1.36000000000000e+03
1.36100000000000e+03
1.36200000000000e+03
1.36300000000000e+03
1.36400000000000e+03
1.36500000000000e+03
1.36600000000000e+03
1.36700000000000e+03
1.36800000000000e+03
1.36900000000000e+03
1.37000000000000e+03
1.37100000000000e+03
1.37200000000000e+03
1.37300000000000e+03
1.37400000000000e+03
1.37500000000000e+03
1.37600000000000e+03
1.37700000000000e+03
1.37800000000000e+03
1.37900000000000e+03
1.38000000000000e+03
1.38100000000000e+03
1.38200000000000e+03
1.38300000000000e+03
1.38400000000000e+03
1.38500000000000e+03
1.38600000000000e+03
1.38700000000000e+03
1.38800000000000e+03
1.38900000000000e+03
1.39000000000000e+03
1.39100000000000e+03
1.39200000000000e+03
1.39300000000000e+03
1.39400000000000e+03
1.39500000000000e+03
1.39600000000000e+03
1.39700000000000e+03
1.39800000000000e+03
1.39900000000000e+03
1.40000000000000e+03
1.40100000000000e+03
1.40200000000000e+03
1.40300000000000e+03
1.40400000000000e+03
1.40500000000000e+03
1.40600000000000e+03
1.40700000000000e+03
1.40800000000000e+03
1.40900000000000e+03
1.41000000000000e+03
1.41100000000000e+03
1.41200000000000e+03
1.41300000000000e+03
1.41400000000000e+03
1.41500000000000e+03
1.41600000000000e+03
1.41700000000000e+03
1.41800000000000e+03
1.41900000000000e+03
1.42000000000000e+03
1.42100000000000e+03
1.42200000000000e+03
1.42300000000000e+03
1.42400000000000e+03
1.42500000000000e+03
1.42600000000000e+03
1.42700000000000e+03
1.42800000000000e+03
1.42900000000000e+03
1.43000000000000e+03
1.43100000000000e+03
1.43200000000000e+03
1.43300000000000e+03
1.43400000000000e+03
1.43500000000000e+03
1.43600000000000e+03
1.43700000000000e+03
1.43800000000000e+03
1.43900000000000e+03
1.44000000000000e+03
1.44100000000000e+03
1.44200000000000e+03
1.44300000000000e+03
1.44400000000000e+03
1.44500000000000e+03
1.44600000000000e+03
1.44700000000000e+03
1.44800000000000e+03
1.44900000000000e+03
1.45000000000000e+03
1.45100000000000e+03
1.45200000000000e+03
1.45300000000000e+03
1.45400000000000e+03
1.45500000000000e+03
1.45600000000000e+03
1.45700000000000e+03
1.45800000000000e+03
1.45900000000000e+03
1.46000000000000e+03
1.46100000000000e+03
1.46200000000000e+03
1.46300000000000e+03
1.46400000000000e+03
1.46500000000000e+03
1.46600000000000e+03
1.46700000000000e+03
1.46800000000000e+03
1.46900000000000e+03
1.47000000000000e+03
1.47100000000000e+03
1.47200000000000e+03
1.47300000000000e+03
1.47400000000000e+03
1.47500000000000e+03
1.47600000000000e+03
1.47700000000000e+03
1.47800000000000e+03
1.47900000000000e+03
1.48000000000000e+03
1.48100000000000e+03
1.48200000000000e+03
1.48300000000000e+03
1.48400000000000e+03
1.48500000000000e+03
1.48600000000000e+03
1.48700000000000e+03
