72
# x y z
0.0 0.0 0.0
1.0 0.0 0.0
2.0 0.0 0.0
3.0 0.0 0.0
4.0 0.0 0.0
5.0 0.0 0.0
6.0 0.0 0.0
7.0 0.0 0.0
8.0 0.0 0.0
9.0 0.0 0.0
10.0 0.0 0.0
11.0 0.0 0.0
12.0 0.0 0.0
13.0 0.0 0.0
14.0 0.0 0.0
15.0 0.0 0.0
16.0 0.0 0.0
17.0 0.0 0.0
18.0 0.0 0.0
19.0 0.0 0.0
20.0 0.0 0.0
21.0 0.0 0.0
22.0 0.0 0.0
23.0 0.0 0.0
24.0 0.0 0.0
25.0 0.0 0.0
26.0 0.0 0.0
27.0 0.0 0.0
28.0 0.0 0.0
29.0 0.0 0.0
30.0 0.0 0.0
31.0 0.0 0.0
32.0 0.0 0.0
33.0 0.0 0.0
34.0 0.0 0.0
35.0 0.0 0.0
36.0 0.0 0.0
37.0 0.0 0.0
38.0 0.0 0.0
39.0 0.0 0.0
40.0 0.0 0.0
41.0 0.0 0.0
42.0 0.0 0.0
43.0 0.0 0.0
44.0 0.0 0.0
45.0 0.0 0.0
46.0 0.0 0.0
47.0 0.0 0.0
48.0 0.0 0.0
49.0 0.0 0.0
50.0 0.0 0.0
51.0 0.0 0.0
52.0 0.0 0.0
53.0 0.0 0.0
54.0 0.0 0.0
55.0 0.0 0.0
56.0 0.0 0.0
57.0 0.0 0.0
58.0 0.0 0.0
59.0 0.0 0.0
60.0 0.0 0.0
61.0 0.0 0.0
62.0 0.0 0.0
63.0 0.0 0.0
64.0 0.0 0.0
65.0 0.0 0.0
66.0 0.0 0.0
67.0 0.0 0.0
68.0 0.0 0.0
69.0 0.0 0.0
70.0 0.0 0.0
71.0 0.0 0.0
936
# a b m n r rhoa k err
0 37 18 19 173.23 372238.9197405782 2148.8132525577453 0.05
0 35 17 18 163.88 315081.3784440375 1922.6347232367434 0.05
0 33 16 17 131.34 224460.95451613583 1709.0068106908468 0.05
0 31 15 16 116.12 175103.63263668335 1507.9541219142554 0.05
0 29 14 15 119.69 157927.09917668602 1319.4677849167517 0.05
0 27 13 14 146.01 166969.6319435071 1143.549290757531 0.05
0 25 12 13 165.3 162023.7683513362 980.1800868199407 0.05
0 23 11 12 179.46 148844.27728513745 829.4008541465365 0.05
0 21 10 11 151.57 104762.07480039328 691.1794867084072 0.05
0 19 9 10 153.9 87037.95159698681 565.5487433202521 0.05
0 17 8 9 134.51 60867.174255511985 452.51040261327773 0.05
0 15 7 8 163.63 57607.12870363187 352.05725541546093 0.05
0 13 6 7 196.66 51948.821820194695 264.1555060520426 0.05
0 11 5 6 244.6 46180.32363231484 188.79936072082927 0.05
0 9 4 5 222.02 27948.871216286258 125.88447534585288 0.05
0 7 3 4 229.34 17310.253341620362 75.47856170585315 0.05
0 5 2 3 182.68 6886.743012864034 37.69839617289268 0.05
0 3 1 2 211.59 2658.166120496926 12.56281544731285 0.05
1 38 19 20 211.71 227461.28933839776 1074.4003086221612 0.05
1 36 18 19 172.31 165642.26771423037 961.3038576648504 0.05
1 34 17 18 142.88 122090.9027978575 854.4995996490587 0.05
1 32 16 17 122.72 92527.03969243144 753.9687067505821 0.05
1 30 15 16 110.62 72978.85935709719 659.7257219046934 0.05
1 28 14 15 111.93 63997.765871115174 571.7659775852334 0.05
1 26 13 14 150.4 73709.69876896814 490.09108224047964 0.05
1 24 12 13 149.91 62166.70419385794 414.6935107321589 0.05
1 22 11 12 176.27 60917.679933078936 345.5930103425366 0.05
1 20 10 11 149.87 42379.4586055617 282.7747955265343 0.05
1 18 9 10 158.38 35833.984929125705 226.2532196560532 0.05
1 16 8 9 137.46 24196.586397790656 176.02638147672525 0.05
1 14 7 8 165.59 21871.837074576728 132.08428694109986 0.05
1 12 6 7 201.23 18994.552597122292 94.39225064414994 0.05
1 10 5 6 246.49 15515.65951546716 62.94640559644269 0.05
1 8 4 5 218.79 8255.95079280988 37.734589299373276 0.05
1 6 3 4 237.25 4471.15947224889 18.845772275021666 0.05
1 4 2 3 206.37 1297.3443720919918 6.286496933139467 0.05
2 39 20 21 230.87 248046.10483609283 1074.3973008017188 0.05
2 37 19 20 210.01 201884.57716676217 961.30935272969 0.05
2 35 18 19 167.81 143392.77651248733 854.4948245783168 0.05
2 33 17 18 140.89 106227.22934760342 753.9728110412623 0.05
2 31 16 17 122.19 80611.75042514357 659.7246126945214 0.05
2 29 15 16 127.91 73134.38990758818 571.764443027036 0.05
2 27 14 15 101.39 49690.06665099087 490.0884372323786 0.05
2 25 13 14 153.12 63498.53380921859 414.6978435816261 0.05
2 23 12 13 150.37 51966.04987293422 345.58788237636645 0.05
2 21 11 12 173.19 48974.35169118584 282.77817247638916 0.05
2 19 10 11 152.32 34462.92482139868 226.25344551863628 0.05
2 17 9 10 165.87 29197.256270720045 176.024936822331 0.05
2 15 8 9 145.38 19201.904835550085 132.0807871478201 0.05
2 13 7 8 175.18 16536.97411928852 94.39989792949262 0.05
2 11 6 7 213.51 13438.543279596304 62.94104856726292 0.05
2 9 5 6 233.74 8820.916940516056 37.73815752766345 0.05
2 7 4 5 223.56 4213.471383113967 18.847161312909137 0.05
2 5 3 4 272.39 1711.9611110545895 6.284963144956091 0.05
3 40 21 22 205.77 221079.0742001324 1074.3989609764901 0.05
3 38 20 21 231.98 223003.82865472444 961.3062706040367 0.05
3 36 19 20 206.02 176044.1102629471 854.5000983542718 0.05
3 34 18 19 157.39 118667.06303606223 753.9682510709845 0.05
3 32 17 18 144.16 95106.44190774886 659.7283706142401 0.05
3 30 16 17 121.78 69629.35035376235 571.763428754823 0.05
3 28 15 16 123.47 60511.04079647647 490.08699114340703 0.05
3 26 14 15 107.49 44575.68003099511 414.6960650385627 0.05
3 24 13 14 154.68 53456.2871425727 345.59275370165955 0.05
3 22 12 13 150.41 42531.85847489691 282.7728108164145 0.05
3 20 11 12 178.49 40384.4804579738 226.25626342077314 0.05
3 18 10 11 159.03 27993.13376949217 176.0242329717171 0.05
3 16 9 10 177.95 23503.579940425512 132.07968497007874 0.05
3 14 8 9 150.0 14159.41977931209 94.3961318620806 0.05
3 12 7 8 184.62 11621.321708376643 62.9472522390675 0.05
3 10 6 7 215.61 8135.710508397235 37.73345627938052 0.05
3 8 5 6 224.02 4222.590461100064 18.849167311401054 0.05
3 6 4 5 261.59 1642.670251573427 6.279560577902164 0.05
4 41 22 23 240.17 258038.166212028 1074.397993971054 0.05
4 39 21 22 211.1 202932.11394963766 961.3079770233901 0.05
4 37 20 21 225.94 193065.16396666676 854.4974947626217 0.05
4 35 19 20 200.03 150817.3160585113 753.973484269916 0.05
4 33 18 19 159.59 105285.38390961055 659.7241926788054 0.05
4 31 17 18 143.17 81859.95130583804 571.7674883413987 0.05
4 29 16 17 132.11 64745.27282151824 490.08608600044084 0.05
4 27 15 16 123.19 51086.24170376452 414.69471307544865 0.05
4 25 14 15 129.89 44888.714317530146 345.59022494056626 0.05
4 23 13 14 162.72 46013.564191153026 282.7775577135756 0.05
4 21 12 13 157.37 35605.146435559356 226.25116880955298 0.05
4 19 11 12 190.59 33549.17219265265 176.02797729499267 0.05
4 17 10 11 178.33 23553.852333133244 132.0801454221569 0.05
4 15 9 10 205.88 19434.01880628508 94.39488442920673 0.05
4 13 8 9 170.79 10750.237123872304 62.94418363998071 0.05
4 11 7 8 204.93 7734.289372194075 37.74112805442871 0.05
4 9 6 7 224.67 4233.451939414392 18.84297832115722 0.05
4 7 5 6 261.82 1648.676005452073 6.296982680666385 0.05
5 42 23 24 322.87 346891.19096760143 1074.3989561359106 0.05
5 40 22 23 180.48 173496.64951186607 961.3067902918111 0.05
5 38 21 22 191.57 163696.38329414718 854.4990514910851 0.05
5 36 20 21 224.33 169138.21478031817 753.9705557897657 0.05
5 34 19 20 198.11 130699.02444854731 659.7295666475559 0.05
5 32 18 19 156.77 89635.26170102018 571.7628481279593 0.05
5 30 17 18 150.26 73640.95271455879 490.0901950922321 0.05
5 28 16 17 130.86 54266.829688743084 414.69379251675895 0.05
5 26 15 16 137.48 47511.663499250775 345.589638487422 0.05
5 24 14 15 125.89 35598.60495339185 282.77547822219276 0.05
5 22 13 14 171.84 38879.76209995288 226.25559881257496 0.05
5 20 12 13 166.52 29311.18317589355 176.02199841396558 0.05
5 18 11 12 213.24 28165.251064667118 132.08240041580902 0.05
5 16 10 11 196.99 18594.878831603382 94.39503950252998 0.05
5 14 9 10 221.18 13921.561998661215 62.942228043499476 0.05
5 12 8 9 184.97 6979.717824848757 37.7343235381346 0.05
5 10 7 8 215.0 4052.9786688214435 18.85106357591369 0.05
5 8 6 7 263.13 1650.7126742700364 6.273373139778955 0.05
6 43 24 25 193.63 208036.87043481707 1074.4041235078091 0.05
6 41 23 24 248.79 239163.80489173398 961.3079500451545 0.05
6 39 22 23 226.6 193629.2901813875 854.4981914447816 0.05
6 37 21 22 204.6 154262.87071263528 753.9729751350699 0.05
6 35 20 21 249.22 164417.15239140723 659.7269576735705 0.05
6 33 19 20 193.17 110448.62365337885 571.7690306640724 0.05
6 31 18 19 159.31 78075.65201974068 490.0863223886804 0.05
6 29 17 18 159.77 66256.38939591151 414.69856290862805 0.05
6 27 16 17 140.52 48562.21667480395 345.589358630828 0.05
6 25 15 16 153.18 43315.42449641567 282.77467356323064 0.05
6 23 14 15 136.2 30815.82713970051 226.25423744273502 0.05
6 21 13 14 183.67 32331.02314676521 176.02778432387004 0.05
6 19 12 13 184.0 24302.45728220645 132.07857218590462 0.05
6 17 11 12 240.42 22695.659518659144 94.40004791056961 0.05
6 15 10 11 224.2 14112.029004581784 62.943929547644 0.05
6 13 9 10 245.81 9276.03589705168 37.7366091576896 0.05
6 11 8 9 210.35 3964.9173479476176 18.84914356048309 0.05
6 9 7 8 212.46 1337.8117209477657 6.296769843489436 0.05
7 44 25 26 376.76 404791.42866973096 1074.4012864150413 0.05
7 42 24 25 158.29 152166.10392250496 961.3121733685322 0.05
7 40 23 24 253.73 216811.84008703174 854.4982465101949 0.05
7 38 22 23 231.98 174906.21010616305 753.9710755503193 0.05
7 36 21 22 200.79 132466.81409407232 659.7281443003752 0.05
7 34 20 21 226.9 129733.61520526155 571.7656024912365 0.05
7 32 19 20 187.5 91892.05703697776 490.09097086388135 0.05
7 30 18 19 157.55 65334.97901328424 414.69361480980155 0.05
7 28 17 18 161.1 55675.022898450705 345.5929416415314 0.05
7 26 16 17 151.05 42712.99265873342 282.7738673203139 0.05
7 24 15 16 156.37 35379.11082236346 226.2525473067945 0.05
7 22 14 15 137.8 24256.1937372271 176.02462799148836 0.05
7 20 13 14 188.45 24890.801267049905 132.08172601246966 0.05
7 18 12 13 192.64 18183.755099148355 94.39241641999769 0.05
7 16 11 12 248.48 15640.894272211945 62.94629053530242 0.05
7 14 10 11 215.2 8120.394921638857 37.73417714516198 0.05
7 12 9 10 244.25 4602.505833224121 18.84342203981216 0.05
7 10 8 9 263.75 1656.4967714170787 6.280556479306459 0.05
8 45 26 27 269.64 289702.8641516858 1074.4061124153902 0.05
8 43 25 26 363.25 349195.7231171124 961.3096300539914 0.05
8 41 24 25 203.83 174173.32733123982 854.5029060061808 0.05
8 39 23 24 247.3 186457.20271670815 753.9717052838987 0.05
8 37 22 23 229.8 151605.36443913518 659.7274344609885 0.05
8 35 21 22 183.44 104885.02607630663 571.7674775202063 0.05
8 33 20 21 212.32 104055.64374831079 490.0887516404992 0.05
8 31 19 20 179.06 74256.08665480024 414.6994675237364 0.05
8 29 18 19 162.56 56178.962706814564 345.5890914543219 0.05
8 27 17 18 165.74 46867.72604995593 282.7786053454563 0.05
8 25 16 17 158.58 35879.03372140913 226.25194678653756 0.05
8 23 15 16 156.32 27516.144192764652 176.0244638738783 0.05
8 21 14 15 135.26 17865.255986817163 132.0808515955727 0.05
8 19 13 14 193.58 18273.75906137116 94.39900331320985 0.05
8 17 12 13 198.73 12508.61877888837 62.94278055094033 0.05
8 15 11 12 248.03 9360.62891583374 37.73990612358884 0.05
8 13 10 11 219.05 4128.659155317068 18.848021708820216 0.05
8 11 9 10 344.02 2164.085813997368 6.290581402236405 0.05
9 46 27 28 244.45 262638.33198609966 1074.4051216449159 0.05
9 44 26 27 306.63 294767.705420662 961.3139791300981 0.05
9 42 25 26 294.82 251923.58812995785 854.4996544669896 0.05
9 40 24 25 199.98 150780.0148178624 753.9754716364756 0.05
9 38 23 24 241.22 159139.39952688498 659.7272180038347 0.05
9 36 22 23 219.98 125777.03187287356 571.765759945784 0.05
9 34 21 22 182.26 89323.83225299971 490.09015830681284 0.05
9 32 20 21 197.01 81699.25918160989 414.6960011248662 0.05
9 30 19 20 172.96 59773.97664706656 345.59422205750786 0.05
9 28 18 19 163.36 46193.94222170628 282.773887253344 0.05
9 26 17 18 172.37 38999.85191712021 226.256610298313 0.05
9 24 16 17 154.21 27144.58488658895 176.02350617073438 0.05
9 22 15 16 155.28 20509.307814885356 132.07951967339875 0.05
9 20 14 15 134.95 12738.712775150878 94.39579677770196 0.05
9 18 13 14 203.59 12815.15938879672 62.945917720893554 0.05
9 16 12 13 201.23 7593.188419483184 37.733878743145574 0.05
9 14 11 12 241.48 4551.950714249818 18.850218296545545 0.05
9 12 10 11 280.41 1761.367044341964 6.281398824371327 0.05
10 47 28 29 193.71 208122.74002201122 1074.4036963605968 0.05
10 45 27 28 263.07 252892.70029560546 961.3133397787869 0.05
10 43 26 27 295.75 252719.42934534833 854.5035649884982 0.05
10 41 25 26 276.87 208752.17917740255 753.971824962627 0.05
10 39 24 25 200.22 132091.274398327 659.7306682565527 0.05
10 37 23 24 235.41 134599.3792432259 571.765767143392 0.05
10 35 22 23 225.05 110294.32642025844 490.0880978460717 0.05
10 33 21 22 172.66 71601.69311427065 414.6976318444958 0.05
10 31 20 21 190.15 65714.10019965767 345.59085037947756 0.05
10 29 19 20 181.36 51284.77770429089 282.77888015158186 0.05
10 27 18 19 175.07 39609.861845368694 226.2515670609967 0.05
10 25 17 18 188.37 33158.15057747318 176.0267058314656 0.05
10 23 16 17 163.75 21627.852339089153 132.07848756695665 0.05
10 21 15 16 171.2 16160.441781186504 94.39510386207071 0.05
10 19 14 15 161.9 10190.641453557184 62.94404850869169 0.05
10 17 13 14 247.77 9350.713090943409 37.73948860210441 0.05
10 15 12 13 240.21 4526.308875883721 18.84313257517889 0.05
10 13 11 12 387.92 2442.4642291716673 6.2963091079904805 0.05
11 48 29 30 259.96 279301.89334485354 1074.4033441485365 0.05
11 46 28 29 212.07 203865.40012829052 961.3118316041426 0.05
11 44 27 28 270.0 230715.85154327078 854.5031538639658 0.05
11 42 26 27 276.05 208135.01598285642 753.9757869330064 0.05
11 40 25 26 279.01 184070.39539771926 659.7268750142263 0.05
11 38 24 25 215.13 123004.6912475373 571.7691221472472 0.05
11 36 23 24 229.6 112524.16508135357 490.0878270093797 0.05
11 34 22 23 207.73 86144.79827758833 414.69599132329625 0.05
11 32 21 22 168.7 58301.40837027693 345.5922250757376 0.05
11 30 20 21 183.99 52027.927787176886 282.7758453566872 0.05
11 28 19 20 184.34 41708.178928537185 226.25680225961366 0.05
11 26 18 19 188.9 33250.68940570613 176.0227072827217 0.05
11 24 17 18 188.67 24920.059494579433 132.08278737785253 0.05
11 22 16 17 171.53 16191.45745970898 94.39431854316435 0.05
11 20 15 16 189.76 11943.964000756065 62.94247470887471 0.05
11 18 14 15 188.99 7131.4672412644995 37.73462744729615 0.05
11 16 13 14 268.19 5055.122068062315 18.849032656185223 0.05
11 14 12 13 249.45 1565.1635467513809 6.27445799459363 0.05
12 49 30 31 136.73 146903.09003319024 1074.4027648152583 0.05
12 47 29 30 242.27 232897.1440240775 961.312354084606 0.05
12 45 28 29 223.57 191041.18862493016 854.502789394508 0.05
12 43 27 28 262.47 197896.01442522134 753.9757474195958 0.05
12 41 26 27 278.18 183524.0642630428 659.731340366104 0.05
12 39 25 26 270.73 154794.1839979167 571.765906984511 0.05
12 37 24 25 213.55 104659.2120872706 490.0923066601292 0.05
12 35 23 24 224.54 93115.88891344052 414.69621855099547 0.05
12 33 22 23 195.81 67670.32980897935 345.5917971961562 0.05
12 31 21 22 162.52 45957.15524275692 282.7784595296389 0.05
12 29 20 21 193.81 43850.4257424829 226.25471205037354 0.05
12 27 19 20 194.97 34320.30992750135 176.02867070575655 0.05
12 25 18 19 206.28 27245.0652753037 132.0780748269522 0.05
12 23 17 18 199.22 18806.338363807165 94.39985123886741 0.05
12 21 16 17 189.23 11910.838141998258 62.943709464663414 0.05
12 19 15 16 234.88 8863.614846877861 37.736779831734765 0.05
12 17 14 15 222.46 4193.187435710323 18.84917484361379 0.05
12 15 13 14 310.01 1950.8274076049036 6.2927886442531005 0.05
13 50 31 32 118.95 127800.27126671477 1074.403289337661 0.05
13 48 30 31 123.3 118529.69706615478 961.3114117287492 0.05
13 46 29 30 248.0 211916.62160784364 854.5025064832405 0.05
13 44 28 29 205.23 154738.26456538783 753.9748797222036 0.05
13 42 27 28 246.53 162643.37863212495 659.730574908226 0.05
13 40 26 27 267.84 153142.72681259096 571.769440011167 0.05
13 38 25 26 264.21 129486.15676747829 490.08802379727604 0.05
13 36 24 25 199.07 82554.18111913887 414.6992571414019 0.05
13 34 23 24 212.33 73379.3743858822 345.5911759331333 0.05
13 32 22 23 183.3 51832.90921941374 282.7763732646685 0.05
13 30 21 22 154.83 35031.26125927549 226.2562892157559 0.05
13 28 20 21 192.08 33810.905829244 176.02512405895462 0.05
13 26 19 20 207.0 27341.23151565032 132.08324403695806 0.05
13 24 18 19 205.04 19354.540990409634 94.39397673824442 0.05
13 22 17 18 209.14 13164.733988390184 62.94699238973982 0.05
13 20 16 17 223.03 8415.75322438069 37.73372741057567 0.05
13 18 15 16 280.74 5290.196878470002 18.843758917396887 0.05
13 16 14 15 257.01 1614.3431567775094 6.281246475925098 0.05
14 51 32 33 102.21 109814.35401191744 1074.399315252103 0.05
14 49 31 32 127.76 122817.29461938648 961.3125752926305 0.05
14 47 30 31 118.57 101318.3594379923 854.5024832419019 0.05
14 45 29 30 236.06 177983.53030096478 753.9758125093823 0.05
14 43 28 29 212.06 139902.36946671686 659.7301210351638 0.05
14 41 27 28 244.18 139614.6249048655 571.769288659454 0.05
14 39 26 27 258.87 126870.20727485915 490.09235243504133 0.05
14 37 25 26 255.51 105959.03299962626 414.69622715207333 0.05
14 35 24 25 228.69 79034.06491281372 345.59475671351487 0.05
14 33 23 24 198.04 56001.16978260472 282.7770641416114 0.05
14 31 22 23 174.78 39544.96964390108 226.25569083362558 0.05
14 29 21 22 160.03 28169.77929994221 176.02811535301012 0.05
14 27 20 21 200.17 26438.61344130228 132.08079852776282 0.05
14 25 19 20 223.03 21053.793522414995 94.39893073763618 0.05
14 23 18 19 216.07 13600.083720022245 62.94295237664759 0.05
14 21 17 18 238.47 9000.043499398515 37.74077871178142 0.05
14 19 16 17 315.2 5940.693819253397 18.84737886818971 0.05
14 17 15 16 368.46 2318.1119581070675 6.2913530861072235 0.05
15 52 33 34 85.65 92022.43646479561 1074.4008927588511 0.05
15 50 32 33 106.91 102773.48277124451 961.3084161560613 0.05
15 48 31 32 115.19 98430.25274759918 854.5034529698687 0.05
15 46 30 31 121.0 91230.9852875177 753.9750850208075 0.05
15 44 29 30 222.23 146611.95355468758 659.7307004215794 0.05
15 42 28 29 191.78 109653.718761394 571.7682696912817 0.05
15 40 27 28 234.5 114926.46023640437 490.09151486739603 0.05
15 38 26 27 247.48 102629.90328919979 414.69978700985854 0.05
15 36 25 26 241.42 83432.43673989813 345.59040982477893 0.05
15 34 24 25 181.92 51443.33388276339 282.7799795666414 0.05
15 32 23 24 183.64 41549.43688143358 226.25482945672832 0.05
15 30 22 23 163.37 28757.496512757793 176.02678896221946 0.05
15 28 21 22 157.38 20787.203112752555 132.08287655834638 0.05
15 26 20 21 208.85 19714.637232513327 94.39615624856752 0.05
15 24 19 20 218.97 13783.66635210578 62.94773874094981 0.05
15 22 18 19 232.96 8790.539417530747 37.73411494475767 0.05
15 20 17 18 298.1 5619.33752302333 18.85051165053113 0.05
15 18 16 17 406.87 2555.336990802494 6.2804753134969244 0.05
16 53 34 35 125.06 134364.56151968078 1074.4007797831503 0.05
16 51 33 34 93.23 89622.91744008876 961.3098513363591 0.05
16 49 32 33 111.84 95567.19277335309 854.4992200764761 0.05
16 47 31 32 115.04 86737.42768273177 753.9762489806308 0.05
16 45 30 31 115.94 76489.14202040207 659.730395207884 0.05
16 43 29 30 217.17 124170.93566401566 571.7683642492779 0.05
16 41 28 29 195.6 95861.64422630379 490.09020565594983 0.05
16 39 27 28 224.1 92934.01780809714 414.69887464568114 0.05
16 37 26 27 241.78 83557.79728509171 345.5943307349314 0.05
16 35 25 26 209.25 59170.658540083714 282.7749512070906 0.05
16 33 24 25 171.24 38744.383840204006 226.25778930275638 0.05
16 31 23 24 173.01 30454.260752520317 176.02601440679913 0.05
16 29 22 23 171.85 22698.201472285196 132.08147496238112 0.05
16 27 21 22 164.79 15555.82303868194 94.39785811446046 0.05
16 25 20 21 225.78 14211.135030954385 62.94239981820527 0.05
16 23 19 20 244.45 9225.31786887078 37.739079029947966 0.05
16 21 18 19 291.15 5486.35324562759 18.843734314365758 0.05
16 19 17 18 471.41 2968.4102538960096 6.296875870040961 0.05
17 54 35 36 232.56 249862.01984975926 1074.3980901692435 0.05
17 52 34 35 135.75 130497.75850894053 961.3094549461549 0.05
17 50 33 34 93.94 80271.79466460028 854.5006883606587 0.05
17 48 32 33 102.71 77440.46973259597 753.9720546450782 0.05
17 46 31 32 112.5 74219.74718820566 659.7310861173836 0.05
17 44 30 31 111.54 63774.99722835475 571.7679507652389 0.05
17 42 29 30 205.4 100664.48602369575 490.0900001153639 0.05
17 40 28 29 189.5 78585.12851694047 414.6972481105038 0.05
17 38 27 28 219.24 75767.82665712383 345.5930790782879 0.05
17 36 26 27 232.9 65859.00036284626 282.7780178739642 0.05
17 34 25 26 219.86 49743.87340852312 226.25249435332992 0.05
17 32 24 25 162.56 28615.083734307547 176.02782808998245 0.05
17 30 23 24 168.09 22201.413540869777 132.08051365857443 0.05
17 28 22 23 175.47 16563.712408510735 94.39626379729147 0.05
17 26 21 22 184.33 11602.695691301782 62.94523784138112 0.05
17 24 20 21 237.96 8979.363290392694 37.73475916285381 0.05
17 22 19 20 328.46 6191.049061734748 18.84871540441682 0.05
17 20 18 19 432.63 2714.4263811901615 6.274244461064099 0.05
18 55 36 37 169.9 182539.5060463178 1074.3937966234125 0.05
18 53 35 36 218.16 209718.92981994516 961.307892463995 0.05
18 51 34 35 145.33 124184.60820566914 854.5008477648739 0.05
18 49 33 34 105.23 79340.70519052174 753.9742011833292 0.05
18 47 32 33 108.64 71672.8385046055 659.7278949245721 0.05
18 45 31 32 111.18 63569.38701883011 571.7699857782884 0.05
18 43 30 31 113.95 55845.7513818388 490.08996385992805 0.05
18 41 29 30 203.96 84581.75365243264 414.6977527575634 0.05
18 39 28 29 185.5 64107.42086089895 345.59256528786494 0.05
18 37 27 28 218.61 61818.19655031978 282.7784481511357 0.05
18 35 26 27 236.13 53425.89259561414 226.25626813879703 0.05
18 33 25 26 214.87 37822.25891983455 176.02391641380626 0.05
18 31 24 25 161.35 21311.75264950195 132.0839953486331 0.05
18 29 23 24 182.87 17262.35128741524 94.39684632479488 0.05
18 27 22 23 192.62 12124.468603803361 62.94501403698142 0.05
18 25 21 22 211.5 7981.453917532162 37.73737076847358 0.05
18 23 20 21 281.39 5303.074239062389 18.84599395523078 0.05
18 21 19 20 445.05 2801.9950375505096 6.295910656219547 0.05
19 56 37 38 229.29 246347.89883740933 1074.3944299245904 0.05
19 54 36 37 171.56 164921.1618455949 961.3031117136564 0.05
19 52 35 36 213.48 182418.38758307294 854.4987239229574 0.05
19 50 34 35 151.1 113925.49108801901 753.9741302979419 0.05
19 48 33 34 106.32 70142.47138167499 659.7297910240311 0.05
19 46 32 33 107.58 61510.58017423064 571.7659432443822 0.05
19 44 31 32 112.19 54983.37165371476 490.0915558758781 0.05
19 42 30 31 109.5 45409.315750626236 414.6969474943035 0.05
19 40 29 30 203.64 70376.4181101257 345.59231049953695 0.05
19 38 28 29 186.9 52851.03414304546 282.77706871613407 0.05
19 36 27 28 218.72 49486.52801873327 226.25515736436205 0.05
19 34 26 27 234.26 41236.02054674884 176.02672477908666 0.05
19 32 25 26 217.32 28703.102683068955 132.07759379288126 0.05
19 30 24 25 162.49 15338.859076361667 94.39878808764641 0.05
19 28 23 24 189.73 11942.265823009064 62.94347664053689 0.05
19 26 22 23 215.85 8145.326291418091 37.736049531702996 0.05
19 24 21 22 223.76 4217.4136384030035 18.84793367180463 0.05
19 22 20 21 358.91 2253.035408689723 6.277438379230791 0.05
20 57 38 39 204.27 219465.94812783052 1074.391482488033 0.05
20 55 37 38 221.13 212573.32281255038 961.304765579299 0.05
20 53 36 37 159.74 136497.09936558874 854.4954261023458 0.05
20 51 35 36 237.88 179355.07360414232 753.972900639576 0.05
20 49 34 35 180.5 119081.40288781613 659.730763921419 0.05
20 47 33 34 109.48 62597.294354118225 571.7692213565786 0.05
20 45 32 33 108.1 52978.649351671316 490.08926319769955 0.05
20 43 31 32 113.47 47055.92761908605 414.69928279797347 0.05
20 41 30 31 112.29 38806.58985494618 345.5925715107862 0.05
20 39 29 30 206.05 58266.49307889406 282.7784182426307 0.05
20 37 28 29 191.35 43294.08568143611 226.25600042558722 0.05
20 35 27 28 224.36 39493.37385965678 176.02680450907818 0.05
20 33 26 27 234.48 30970.69922144018 132.08247706175445 0.05
20 31 25 26 222.93 21043.35754621133 94.39446259458722 0.05
20 29 24 25 181.17 11404.267962263228 62.9478829953261 0.05
20 27 23 24 202.08 7625.799465851591 37.73653734091246 0.05
20 25 22 23 242.32 4566.983128391767 18.846909575733605 0.05
20 23 21 22 297.25 1869.7296834112492 6.290091449659375 0.05
21 58 39 40 196.36 210967.26179393986 1074.3902108063753 0.05
21 56 38 39 205.96 197989.67171266704 961.3015717259033 0.05
21 54 37 38 215.41 184067.1381152751 854.4967184219632 0.05
21 52 36 37 161.55 121803.71109604939 753.9691185146975 0.05
21 50 35 36 272.58 179829.04300677645 659.7294115737635 0.05
21 48 34 35 165.81 94805.19030595136 571.7700398404883 0.05
21 46 33 34 109.49 53660.139523619204 490.09169352104493 0.05
21 44 32 33 107.94 44762.34688363079 414.69656182722616 0.05
21 42 31 32 114.27 39491.04274476454 345.5941432113813 0.05
21 40 30 31 115.09 32544.90790893298 282.77789476872863 0.05
21 38 29 30 210.9 47717.48532723859 226.25645010544613 0.05
21 36 28 29 192.93 33960.70329430457 176.02603687505606 0.05
21 34 27 28 226.41 29904.606351016537 132.0816498874455 0.05
21 32 26 27 239.3 22589.174564611243 94.39688493360319 0.05
21 30 25 26 226.9 14281.455229713327 62.94162727947698 0.05
21 28 24 25 178.54 6737.947202843728 37.7391464256958 0.05
21 26 23 24 220.2 4149.895979325346 18.846030787126914 0.05
21 24 22 23 278.15 1748.026949550183 6.284475820780813 0.05
22 59 40 41 259.9 279234.0780681834 1074.3904504354882 0.05
22 57 39 40 195.91 188328.31593198376 961.3001680975129 0.05
22 55 38 39 203.94 174265.52803236202 854.4941062683241 0.05
22 53 37 38 210.67 158839.1617222904 753.9714326780767 0.05
22 51 36 37 187.45 123665.62955561181 659.7259512169209 0.05
22 49 35 36 324.46 185516.21479000643 571.7691388461026 0.05
22 47 34 35 177.55 87016.05941419078 490.0932662021446 0.05
22 45 33 34 110.48 45816.06544783779 414.7000855162725 0.05
22 43 32 33 113.75 39311.012461921695 345.5913183465644 0.05
22 41 31 32 114.54 32389.593730312525 282.77976017384776 0.05
22 39 30 31 114.47 25899.606900932613 226.25672141987081 0.05
22 37 29 30 210.22 37004.5987166018 176.02796459234042 0.05
22 35 28 29 193.97 25619.8065666225 132.08128353158995 0.05
22 33 27 28 213.85 20186.896575700444 94.39745885293638 0.05
22 31 26 27 231.84 14593.331977057793 62.94570383479034 0.05
22 29 25 26 232.98 8791.319618447187 37.73422447612322 0.05
22 27 24 25 182.33 3437.062780000634 18.850780343336993 0.05
22 25 23 24 285.87 1795.3173762714969 6.280188114427876 0.05
23 60 41 42 189.81 203930.45254106322 1074.3925638325863 0.05
23 58 40 41 246.52 236979.62239850764 961.2997825673683 0.05
23 56 39 40 194.87 166514.97102420035 854.4925900559365 0.05
23 54 38 39 199.52 150431.8111550455 753.9685803681109 0.05
23 52 37 38 208.83 137770.97307801686 659.7278795097297 0.05
23 50 36 37 195.27 111648.68110971172 571.7656634900994 0.05
23 48 35 36 300.29 147169.82864579884 490.092339557757 0.05
23 46 34 35 171.25 71017.525802654 414.70088059943936 0.05
23 44 33 34 113.06 39072.91899506067 345.5945426769916 0.05
23 42 32 33 111.76 31603.07259948269 282.7762401528515 0.05
23 40 31 32 117.07 26488.032292202366 226.25807031863303 0.05
23 38 30 31 115.39 20311.809299288678 176.0274659787562 0.05
23 36 29 30 205.61 27157.351467883043 132.08186113458996 0.05
23 34 28 29 185.13 17475.67406808669 94.39677020518927 0.05
23 32 27 28 208.16 13102.46312153135 62.94419255155337 0.05
23 30 26 27 227.29 8577.33206303747 37.73739303549417 0.05
23 28 25 26 228.21 4300.356095633591 18.84385476374213 0.05
23 26 24 25 279.66 1760.2759724828481 6.294343032549696 0.05
24 61 42 43 199.89 214760.7293113642 1074.3945635667828 0.05
24 59 41 42 186.89 179657.70758164808 961.3018758716255 0.05
24 57 40 41 263.87 225474.72936693463 854.4917170081276 0.05
24 55 39 40 199.32 150280.77120800767 753.9673450130829 0.05
24 53 38 39 201.77 133112.86300756564 659.7257422191884 0.05
24 51 37 38 282.73 161655.83197580176 571.7675237003564 0.05
24 49 36 37 284.58 139469.49058599042 490.08886986432793 0.05
24 47 35 36 328.0 136021.68483269293 414.700258636259 0.05
24 45 34 35 175.79 60752.32067169951 345.5959990426049 0.05
24 43 33 34 117.92 33345.26597370146 282.77871415961215 0.05
24 41 32 33 113.34 25643.64588811021 226.2541546506989 0.05
24 39 31 32 117.75 20727.42031371843 176.0290472502627 0.05
24 37 30 31 116.9 15440.39133578473 132.08204735487365 0.05
24 35 29 30 203.4 19200.31970634646 94.39685204693443 0.05
24 33 28 29 174.58 10988.768874561432 62.94403067110455 0.05
24 31 27 28 200.25 7556.625163850345 37.73595587440872 0.05
24 29 26 27 250.89 4728.628953714872 18.84741900320807 0.05
24 27 25 26 346.13 2172.150054406548 6.275532471633629 0.05
25 62 43 44 218.06 234282.55902421157 1074.394932698393 0.05
25 60 42 43 266.33 256023.98415194266 961.3035863475488 0.05
25 58 41 42 183.8 157055.90502569472 854.4934985075882 0.05
25 56 40 41 220.18 166008.40464924404 753.9667755892635 0.05
25 54 39 40 181.63 119825.8034129744 659.7247338709157 0.05
25 52 38 39 192.08 109824.71756429582 571.7655016883372 0.05
25 50 37 38 232.14 113769.79778328436 490.0913146518668 0.05
25 48 36 37 206.23 85523.04316411127 414.69739205795116 0.05
25 46 35 36 326.53 112847.22122670605 345.5952629979054 0.05
25 44 34 35 148.2 41908.10455480622 282.780732488571 0.05
25 42 33 34 113.84 25757.077176582872 226.25682692008846 0.05
25 40 32 33 113.41 19963.071604117184 176.02567325735987 0.05
25 38 31 32 117.28 15490.825679630789 132.08412073355038 0.05
25 36 30 31 111.13 10490.336414685935 94.39698024553168 0.05
25 34 29 30 189.53 11930.130849904954 62.94587057407774 0.05
25 32 28 29 165.05 6228.358599731492 37.736192667261385 0.05
25 30 27 28 195.07 3676.6980842054863 18.848095987109687 0.05
25 28 26 27 325.07 2045.260897163348 6.29175530551373 0.05
26 63 44 45 242.94 261013.59613391059 1074.3953080345377 0.05
26 61 43 44 244.74 235269.36339400924 961.3032744709047 0.05
26 59 42 43 298.41 254989.71174208564 854.4945267989867 0.05
26 57 41 42 166.99 125904.99563435439 753.9672772881872 0.05
26 55 40 41 224.74 148266.30795063401 659.7237160747264 0.05
26 53 39 40 171.21 97891.80264094955 571.764515162371 0.05
26 51 38 39 186.57 91435.80538477356 490.08846751768004 0.05
26 49 37 38 239.33 99249.92641152929 414.69906159499135 0.05
26 47 36 37 209.96 72560.46527480328 345.59185213756564 0.05
26 45 35 36 300.68 85026.25552338173 282.779884007522 0.05
26 43 34 35 187.79 42488.822709536405 226.25711012054109 0.05
26 41 33 34 118.82 20915.518161605854 176.0269160209212 0.05
26 39 32 33 117.36 15500.884038021726 132.07978900836508 0.05
26 37 31 32 121.98 11514.738202403616 94.3985751959634 0.05
26 35 30 31 118.83 7479.585220689079 62.94357671201783 0.05
26 33 29 30 187.85 7088.829377464912 37.736648269709406 0.05
26 31 28 29 179.49 3382.536091517217 18.845262084334596 0.05
26 29 27 28 308.03 1934.799230484639 6.281203877819171 0.05
27 64 45 46 220.31 236701.18167867328 1074.400534150394 0.05
27 62 44 45 242.63 233241.1676045647 961.3039096754923 0.05
27 60 43 44 208.59 178238.870191673 854.4938405085238 0.05
27 58 42 43 226.25 170585.2326642597 753.9678791790484 0.05
27 56 41 42 172.71 113941.00156422958 659.7244025489524 0.05
27 54 40 41 217.41 124307.13307007714 571.7636404492762 0.05
27 52 39 40 171.49 84045.1183820662 490.0875758473742 0.05
27 50 38 39 228.8 94882.64845903893 414.6968901181771 0.05
27 48 37 38 287.0 99185.54733247681 345.59424157657423 0.05
27 46 36 37 219.29 62010.0316737413 282.77637682402894 0.05
27 44 35 36 299.51 67766.25346425838 226.25706475329164 0.05
27 42 34 35 184.74 32519.34917067224 176.02765600667013 0.05
27 40 33 34 127.67 16862.89901135964 132.08192223200157 0.05
27 38 32 33 125.66 11861.6429156556 94.39473910278211 0.05
27 36 31 32 127.15 8003.517711975339 62.945479449275176 0.05
27 34 30 31 131.8 4973.655113977881 37.73638174490046 0.05
27 32 29 30 211.1 3978.522333752059 18.846624034827375 0.05
27 30 28 29 228.33 1434.5790931444465 6.282919866616066 0.05
28 65 46 47 307.0 329840.31305610965 1074.3984138635494 0.05
28 63 45 46 215.55 207210.1103503087 961.3087930888828 0.05
28 61 44 45 237.44 202891.11434645063 854.4942484267631 0.05
28 59 43 44 157.09 118440.6777459361 753.9670109232676 0.05
28 57 42 43 187.22 123513.56243014504 659.7241877478103 0.05
28 55 41 42 178.78 102220.0326131119 571.7643618587756 0.05
28 53 40 41 218.59 107128.1892065747 490.0873288191349 0.05
28 51 39 40 198.53 82329.56838571245 414.6958564736435 0.05
28 49 38 39 258.71 89408.12661548333 345.5920784487779 0.05
28 47 37 38 292.12 82605.42187693513 282.77906982382285 0.05
28 45 36 37 220.66 49925.30168685337 226.2544262070759 0.05
28 43 35 36 308.73 54344.76245894829 176.02682751578493 0.05
28 41 34 35 188.67 24919.99666648924 132.08245437265725 0.05
28 39 33 34 131.6 12422.686081130967 94.39731064689185 0.05
28 37 32 33 134.71 8478.987651939957 62.94252581055568 0.05
28 35 31 32 139.91 5279.881321199433 37.737697957254184 0.05
28 33 30 31 145.96 2750.907185439529 18.846993597146675 0.05
28 31 29 30 214.98 1351.221941469333 6.2853378987316635 0.05
29 66 47 48 230.26 247391.5440496391 1074.4008687989192 0.05
29 64 46 47 234.06 225003.39909511857 961.306498740146 0.05
29 62 45 46 177.22 151434.32250172886 854.4990548568381 0.05
29 60 44 45 200.78 151381.427993401 753.9666699541838 0.05
29 58 43 44 193.98 127972.96831111725 659.7224884581774 0.05
29 56 42 43 162.22 92751.54121473162 571.7639083635287 0.05
29 54 41 42 176.25 86377.93665184152 490.0875838402356 0.05
29 52 40 41 212.93 88301.02411457984 414.6950834292013 0.05
29 50 39 40 217.47 75155.71595304426 345.5911893734504 0.05
29 48 38 39 267.01 75504.29525863253 282.7770317914405 0.05
29 46 37 38 283.12 64057.651674920686 226.2561870405506 0.05
29 44 36 37 220.46 38806.28066335546 176.02413437065889 0.05
29 42 35 36 289.26 38205.78673369475 132.08112678453554 0.05
29 40 34 35 196.57 18555.77433660864 94.39779384752832 0.05
29 38 33 34 138.55 8720.898613254842 62.944053505989466 0.05
29 36 32 33 139.25 5254.285821023448 37.73275275420789 0.05
29 34 31 32 157.68 2972.1146961826576 18.84902775356835 0.05
29 32 30 31 199.55 1253.1487296735752 6.279873363435605 0.05
30 67 48 49 324.88 349051.6430848158 1074.4017578330947 0.05
30 65 47 48 212.18 203970.60665834395 961.3092970984256 0.05
30 63 46 47 204.81 175009.46456595746 854.4966777303719 0.05
30 61 45 46 174.0 131191.05105848718 753.9715578073976 0.05
30 59 44 45 213.94 141140.9951566706 659.7223294225979 0.05
30 57 43 44 223.4 127731.57007536283 571.7617281797799 0.05
30 55 42 43 161.53 79163.83648014771 490.0875161279497 0.05
30 53 41 42 165.8 68756.63424907126 414.696225868946 0.05
30 51 40 41 252.87 87389.48683767435 345.59056763425616 0.05
30 49 39 40 252.58 71423.70272741334 282.77655684303323 0.05
30 47 38 39 269.67 61014.15971898322 226.25490310002303 0.05
30 45 37 38 279.27 49159.15727156257 176.02734726810104 0.05
30 43 36 37 227.46 30042.454424353327 132.07796722216358 0.05
30 41 35 36 282.32 26650.134754352533 94.39690689413621 0.05
30 39 34 35 199.61 12564.656102946758 62.94602526399858 0.05
30 37 33 34 148.15 5590.675764506854 37.73658970304997 0.05
30 35 32 33 163.17 3074.700996583035 18.84354352260241 0.05
30 33 31 32 181.17 1139.7080734822703 6.290821181665123 0.05
31 68 49 50 376.16 404147.32219263085 1074.4027068072917 0.05
31 66 48 49 286.49 275405.7057102274 961.3100132996873 0.05
31 64 47 48 237.03 202541.9965448104 854.4994158748276 0.05
31 62 46 47 205.89 155234.71949908233 753.9692044250927 0.05
31 60 45 46 181.4 119674.39800272285 659.726560103213 0.05
31 58 44 45 202.67 115878.77270800018 571.7608561109201 0.05
31 56 43 44 221.14 108377.45849982441 490.0852785557765 0.05
31 54 42 43 149.8 62121.419923834415 414.6957271284006 0.05
31 52 41 42 158.54 54790.00339351464 345.59103944439664 0.05
31 50 40 41 260.92 73781.93579805622 282.77608384967124 0.05
31 48 39 40 243.13 55009.28173659353 226.25460344915697 0.05
31 46 38 39 257.06 45248.99069345859 176.02501631315096 0.05
31 44 37 38 267.53 35335.66078359293 132.0811153276004 0.05
31 42 36 37 211.41 19955.63152808992 94.39303499403965 0.05
31 40 35 36 288.86 18182.283207555698 62.94496713825278 0.05
31 38 34 35 205.29 7747.0435740423045 37.73707230767356 0.05
31 36 33 34 155.38 2928.1241408918527 18.844923033156473 0.05
31 34 32 33 227.02 1426.0605716961948 6.281651712167187 0.05
32 69 50 51 294.26 316154.09609419253 1074.4039152252856 0.05
32 67 49 50 370.4 356069.6770731125 961.3112231995478 0.05
32 65 48 49 247.76 211711.06871885172 854.5006002536799 0.05
32 63 47 48 241.4 182008.83869616242 753.9719912848484 0.05
32 61 46 47 200.54 132301.13403838748 659.7244142733992 0.05
32 59 45 46 174.53 99790.22649060616 571.7654643362525 0.05
32 57 44 45 190.81 93512.95293884212 490.084130490237 0.05
32 55 43 44 210.8 87417.52644634435 414.69414822743994 0.05
32 53 42 43 139.29 48137.460502619346 345.5916469424894 0.05
32 51 41 42 179.13 50653.795175129046 282.7767273774859 0.05
32 49 40 41 310.72 70301.85354089398 226.2546779766155 0.05
32 47 39 40 240.8 42386.993456097116 176.02572033262922 0.05
32 45 38 39 246.42 32547.343038657666 132.08076876332143 0.05
32 43 37 38 271.28 25607.73352843541 94.39595078308541 0.05
32 41 36 37 207.52 13061.705317552281 62.94191074379472 0.05
32 39 35 36 289.62 10929.76962807643 37.7383109870742 0.05
32 37 34 35 231.43 4362.566650383379 18.850480276469685 0.05
32 35 33 34 234.63 1474.928583296748 6.286189248164122 0.05
33 70 51 52 316.94 340521.40650660195 1074.4033776317347 0.05
33 68 50 51 279.49 268677.1413240392 961.3121804860252 0.05
33 66 49 50 382.71 327026.16711192275 854.5012336022648 0.05
33 64 48 49 223.76 168708.94515227416 753.9727616744466 0.05
33 62 47 48 230.17 151849.3355989259 659.7268783895639 0.05
33 60 46 47 197.15 112722.92034534478 571.762213265761 0.05
33 58 45 46 167.66 82168.08649752064 490.08759690755477 0.05
33 56 44 45 180.83 74988.8656293602 414.6926153257766 0.05
33 54 43 44 196.68 67970.47745091787 345.5891674339936 0.05
33 52 42 43 133.95 37877.84931705376 282.7760307357504 0.05
33 50 41 42 196.25 44402.48230371735 226.2546868979228 0.05
33 48 40 41 292.52 51490.88102899267 176.02516419045764 0.05
33 46 39 40 233.77 30876.202579796693 132.0794053120447 0.05
33 44 38 39 250.11 23609.065967746865 94.39473018970398 0.05
33 42 37 38 255.67 16092.616960335366 62.94292236216751 0.05
33 40 36 37 238.84 9012.197773060332 37.73320119352007 0.05
33 38 35 36 313.81 5914.101803520574 18.84612282438601 0.05
33 36 34 35 277.04 1741.4980677438768 6.286088895985694 0.05
34 71 52 53 79.12 85006.59639279464 1074.400864418537 0.05
34 69 51 52 308.0 296084.0454869941 961.3118359967341 0.05
34 67 50 51 266.21 227477.1128832475 854.5025088585985 0.05
34 65 49 50 378.63 285477.16703110264 753.9739773158562 0.05
34 63 48 49 215.79 142362.6724137211 659.727848434687 0.05
34 61 47 48 220.44 126039.89245762357 571.7650719362347 0.05
34 59 46 47 185.2 90763.72295273952 490.0848971530212 0.05
34 57 45 46 158.18 65596.61402927131 414.69600473682704 0.05
34 55 44 45 175.11 60516.02316219095 345.5886195088284 0.05
34 53 43 44 179.41 50732.66249388332 282.7749985724504 0.05
34 51 42 43 164.41 37198.48247664066 226.25437915358347 0.05
34 49 41 42 231.16 40690.104888891445 176.02571763666484 0.05
34 47 40 41 299.23 39522.2805597137 132.07994037935265 0.05
34 45 39 40 234.5 22135.834410999705 94.39588234967891 0.05
34 43 38 39 280.71 17668.392858846506 62.941800644246754 0.05
34 41 37 38 265.2 10007.413047254342 37.7353433154387 0.05
34 39 36 37 269.36 5075.678332369005 18.843474652394583 0.05
34 37 35 36 368.23 2314.722508695819 6.286078018346737 0.05
35 70 52 53 92.33 88757.66928756784 961.3091009159302 0.05
35 68 51 52 301.17 257350.45669245726 854.5022966844548 0.05
35 66 50 51 262.24 197722.42402372413 753.9750763564831 0.05
35 64 49 50 377.03 248737.67477879586 659.7291323735402 0.05
35 62 48 49 197.05 112666.5499562547 571.7663027467886 0.05
35 60 47 48 222.72 109152.22771687536 490.0872293322349 0.05
35 58 46 47 180.75 74955.71181810947 414.6927348166499 0.05
35 56 45 46 159.67 55180.74400099282 345.5924344021596 0.05
35 54 44 45 172.23 48702.232133186684 282.7743838656836 0.05
35 52 43 44 192.73 43605.732347223595 226.2529567126218 0.05
35 50 42 43 185.49 32651.04021260783 176.0258785519857 0.05
35 48 41 42 248.72 32851.142114298375 132.08082226720157 0.05
35 46 40 41 311.44 29398.501902243363 94.39539526792757 0.05
35 44 39 40 266.87 16797.90877034753 62.94416296454278 0.05
35 42 38 39 306.33 11559.407914631145 37.7351480907229 0.05
35 40 37 38 336.77 6347.293231086573 18.847561335886727 0.05
35 38 36 37 358.34 2250.653070442409 6.280775437970668 0.05
36 71 53 54 71.8 69022.24997063397 961.31267368571 0.05
36 69 52 53 96.96 82852.24982597951 854.4992762580396 0.05
36 67 51 52 308.12 232314.67695853833 753.9746753165596 0.05
36 65 50 51 269.99 178120.58981688425 659.7303226670775 0.05
36 63 49 50 407.38 232926.55096601247 571.767271260279 0.05
36 61 48 49 196.81 96454.29404186478 490.08837986822203 0.05
36 59 47 48 241.68 100223.51856960329 414.6951281430126 0.05
36 57 46 47 183.48 63408.56778016738 345.58844440902215 0.05
36 55 45 46 174.59 49370.323921464 282.77864666626954 0.05
36 53 44 45 184.47 41736.95018070415 226.25332130267336 0.05
36 51 43 44 266.97 46993.20643230408 176.02429648388986 0.05
36 49 42 43 253.22 33445.51255180258 132.08084887371686 0.05
36 47 41 42 282.79 26694.301124566548 94.39619903308655 0.05
36 45 40 41 357.33 22492.305132620906 62.94547094456359 0.05
36 43 39 40 340.86 12862.887011979054 37.73656930111792 0.05
36 41 38 39 373.07 7031.19015021305 18.84683879757968 0.05
36 39 37 38 395.25 2486.115794558978 6.289983034937326 0.05
37 70 53 54 68.24 58311.224442087274 854.5021166777151 0.05
37 68 52 53 98.0 73889.17958705674 753.9712202760892 0.05
37 66 51 52 312.36 206072.98814518139 659.7291207106588 0.05
37 64 50 51 267.64 153027.96324119426 571.7679092855861 0.05
37 62 49 50 434.89 213134.79931025393 490.0889864339349 0.05
37 60 48 49 183.57 76125.57210200212 414.69505966117623 0.05
37 58 47 48 235.28 81310.29502627108 345.5894892310059 0.05
37 56 46 47 190.74 53936.36085770569 282.7742521637081 0.05
37 54 45 46 175.98 39816.62461929031 226.25653267013476 0.05
37 52 44 45 199.11 35047.995234006004 176.02327976498418 0.05
37 50 43 44 314.17 41495.186916828716 132.07876919129362 0.05
37 48 42 43 257.24 24282.238710557474 94.39526788430055 0.05
37 46 41 42 291.41 18342.133906785206 62.942705832968 0.05
37 44 40 41 397.31 14993.237484984684 37.73687419139887 0.05
37 42 39 40 366.86 6913.849101633702 18.8460151055817 0.05
37 40 38 39 579.67 3640.257711079499 6.27987943326289 0.05
38 71 54 55 172.12 147076.4752625901 854.4996238821177 0.05
38 69 53 54 74.02 55809.16389008863 753.9741136191385 0.05
38 67 52 53 99.99 65965.9812919651 659.7257854982009 0.05
38 65 51 52 329.01 188117.11451284573 571.7671636510919 0.05
38 63 50 51 259.69 127271.39091613996 490.0896873816472 0.05
38 61 49 50 406.99 168777.13758854126 414.69603083255424 0.05
38 59 48 49 213.55 73800.74735220142 345.5900133561293 0.05
38 57 47 48 238.07 67320.2544293107 282.77504275763727 0.05
38 55 46 47 201.28 45540.202301242534 226.25299235513978 0.05
38 53 45 46 179.96 31678.015460361723 176.0280921335948 0.05
38 51 44 45 265.44 35058.88774672736 132.0783896425835 0.05
38 49 43 44 395.82 37363.01465338377 94.39395344698036 0.05
38 47 42 43 276.85 17425.674087725456 62.942655184126615 0.05
38 45 41 42 310.06 11700.736741667974 37.73700813283872 0.05
38 43 40 41 468.84 8836.040273928002 18.846600703711292 0.05
38 41 39 40 387.24 2432.441636486204 6.281483412060231 0.05
39 70 54 55 173.34 130693.35602948746 753.9711320496565 0.05
39 68 53 54 80.05 52811.26688972877 659.7285058054813 0.05
39 66 52 53 102.48 58594.29628202073 571.7632346020758 0.05
39 64 51 52 318.59 156137.34664915805 490.08866144310264 0.05
39 62 50 51 269.81 111889.32112739173 414.6967166798552 0.05
39 60 49 50 418.06 144477.3871473537 345.5900759397065 0.05
39 58 48 49 222.56 62934.31564774512 282.7746030182653 0.05
39 56 47 48 245.76 55604.15433122939 226.25388318371333 0.05
39 54 46 47 206.52 36352.41063074926 176.02368114831134 0.05
39 52 45 46 200.15 26436.28067763029 132.0823416319275 0.05
39 50 44 45 315.72 29802.134881613903 94.3941938477572 0.05
39 48 43 44 426.17 26823.90332201995 62.94179159025729 0.05
39 46 42 43 302.87 11428.679552325126 37.73460412825676 0.05
39 44 41 42 369.65 6967.223479142442 18.84816307085741 0.05
39 42 40 41 616.55 3874.3002649938057 6.283837912568009 0.05
40 71 55 56 270.45 203911.7159241132 753.9719575674366 0.05
40 69 54 55 175.9 116045.69969849613 659.7254104519393 0.05
40 67 53 54 73.83 42213.47445751857 571.7658737304425 0.05
40 65 52 53 101.52 49753.42488822003 490.08495752777816 0.05
40 63 51 52 317.68 131740.4642993191 414.6954932615182 0.05
40 61 50 51 273.7 94588.23005389748 345.59090264485747 0.05
40 59 49 50 417.87 118163.20195389572 282.77503040155005 0.05
40 57 48 49 222.71 50388.78329223431 226.2528997002124 0.05
40 55 47 48 250.84 44154.108548767756 176.02499022790525 0.05
40 53 46 47 207.63 27423.531249548014 132.0788481893176 0.05
40 51 45 46 260.19 24561.46853772488 94.39820338108643 0.05
40 49 44 45 401.6 25277.59946834145 62.942229751846234 0.05
40 47 43 44 446.58 16851.11612451533 37.73370084758684 0.05
40 45 42 43 335.68 6327.042820705723 18.84843547636357 0.05
40 43 41 42 473.75 2976.182864275609 6.282180188444557 0.05
41 70 55 56 260.22 171673.96760605855 659.726260879481 0.05
41 68 54 55 169.53 96931.01248488283 571.7631834181727 0.05
41 66 53 54 82.18 40275.39598809368 490.0875637392757 0.05
41 64 52 53 103.54 42937.21796613264 414.6920800283237 0.05
41 62 51 52 327.7 113249.95411285348 345.59033906882354 0.05
41 60 50 51 286.33 80967.13485344799 282.7755905893479 0.05
41 58 49 50 440.18 99592.05969652064 226.25303216075386 0.05
41 56 48 49 225.08 39619.69867788702 176.0249630259775 0.05
41 54 47 48 259.78 34311.64901849899 132.07964053621907 0.05
41 52 46 47 231.98 21897.48265997196 94.39383852044125 0.05
41 50 45 46 313.19 19714.45869452525 62.947280227737956 0.05
41 48 44 45 420.41 15864.20708885938 37.73508500953683 0.05
41 46 43 44 508.67 9585.506390557357 18.844253426695808 0.05
41 44 42 43 516.57 3249.368595749644 6.290277398512581 0.05
42 71 56 57 257.31 169754.1788352936 659.7263178084552 0.05
42 69 55 56 273.22 156217.45982305956 571.7643650650009 0.05
42 67 54 55 169.27 82956.73329004925 490.08526785637883 0.05
42 65 53 54 79.49 32964.13900509545 414.69542087175057 0.05
42 63 52 53 105.38 36417.973837045014 345.5871497157432 0.05
42 61 51 52 323.87 91582.56279098414 282.7756902182485 0.05
42 59 50 51 283.89 64231.4047862653 226.25455206687556 0.05
42 57 49 50 423.23 74499.08024772986 176.02504606887473 0.05
42 55 48 49 237.52 31371.75281734146 132.0804682441119 0.05
42 53 47 48 253.2 23901.004852435854 94.395753761595 0.05
42 51 46 47 302.03 19010.512889868965 62.942465615564565 0.05
42 49 45 46 395.2 14914.912330868578 37.7401627805379 0.05
42 47 44 45 433.45 8168.701055789477 18.84577472785668 0.05
42 45 43 44 633.35 3982.9737848547356 6.288740482915822 0.05
43 70 56 57 233.03 133238.25412206617 571.7643827921992 0.05
43 68 55 56 257.05 125976.79769554883 490.08674458490106 0.05
43 66 54 55 167.2 69336.66225798751 414.6929560884421 0.05
43 64 53 54 79.01 27305.115578198616 345.5906287583675 0.05
43 62 52 53 100.12 28311.229352096212 282.7729659618079 0.05
43 60 51 52 319.64 72319.86453026322 226.25411253367298 0.05
43 58 50 51 272.05 47887.88979908467 176.02606064725111 0.05
43 56 49 50 419.03 55346.071341027724 132.08140548654686 0.05
43 54 48 49 215.88 20378.1117193903 94.39555178520614 0.05
43 52 47 48 260.81 16416.11229546894 62.94280240584694 0.05
43 50 46 47 334.67 12628.88962942608 37.73535013423994 0.05
43 48 45 46 381.59 7193.679699684126 18.851855917828367 0.05
43 46 44 45 550.58 3460.2379047478385 6.284714128278975 0.05
44 71 57 58 177.14 101282.08604967373 571.7629335535381 0.05
44 69 56 57 247.5 121296.4179407642 490.08653713440077 0.05
44 67 55 56 253.27 105029.59819461654 414.6941927374602 0.05
44 65 54 55 168.33 58172.88267019547 345.5883245422412 0.05
44 63 53 54 80.54 22774.778380444448 282.77599181083247 0.05
44 61 52 53 107.35 24288.081916881685 226.25134529000172 0.05
44 59 51 52 329.98 58085.07132699611 176.0260359021641 0.05
44 57 50 51 285.04 37648.61783291922 132.08187564173176 0.05
44 55 49 50 446.29 42128.35343886079 94.39681247363998 0.05
44 53 48 49 240.49 15137.308115324293 62.943607282316485 0.05
44 51 47 48 373.9 14109.030899302985 37.73477105991705 0.05
44 49 46 47 482.33 9089.63189739782 18.845255110397073 0.05
44 47 45 46 517.08 3253.789116115852 6.292622255967841 0.05
45 70 57 58 175.45 85985.35068034477 490.0846433761458 0.05
45 68 56 57 236.67 98145.61543694846 414.6939427766445 0.05
45 66 55 56 259.26 89597.39102508876 345.58894941405833 0.05
45 64 54 55 166.76 47155.29764451862 282.77343274477465 0.05
45 62 53 54 81.24 18380.910267941952 226.25443461277638 0.05
45 60 52 53 111.11 19557.810852215323 176.0220578905168 0.05
45 58 51 52 333.31 44023.8712211486 132.08085932359845 0.05
45 56 50 51 289.42 27320.66393133071 94.39798193397384 0.05
45 54 49 50 453.29 28531.464233993007 62.94307007432991 0.05
45 52 48 49 262.34 9899.044840243596 37.733646566454205 0.05
45 50 47 48 419.68 7908.768316907688 18.844758665906614 0.05
45 48 46 47 451.97 2838.491214363264 6.280264651112383 0.05
46 71 58 59 229.78 112611.35570119432 490.08336539818225 0.05
46 69 57 58 174.32 72289.22142269123 414.69264239726505 0.05
46 67 56 57 229.92 79457.9255892877 345.58944671750044 0.05
46 65 55 56 248.89 70379.94197420275 282.7752901852335 0.05
46 63 54 55 165.95 37546.61465546806 226.25257400101273 0.05
46 61 53 54 82.36 14497.531380233604 176.0263645001652 0.05
46 59 52 53 111.54 14732.05888267267 132.07870613835996 0.05
46 57 51 52 325.29 30706.76755544191 94.39812953193123 0.05
46 55 50 51 289.78 18240.70648629408 62.94674058352572 0.05
46 53 49 50 443.82 16748.464329498405 37.7370653181434 0.05
46 51 48 49 326.21 6147.952114848482 18.846608365312168 0.05
46 49 47 48 531.93 3344.7377339792865 6.287928362715558 0.05
47 70 58 59 218.67 90680.39142571876 414.69059050495616 0.05
47 68 57 58 167.59 57917.05123860072 345.5877512894607 0.05
47 66 56 57 230.41 65154.15759463666 282.77486912302703 0.05
47 64 55 56 241.83 54714.94509559183 226.2537530314346 0.05
47 62 54 55 165.99 29218.25297900568 176.02417602871063 0.05
47 60 53 54 89.82 11863.509832771737 132.08093779527653 0.05
47 58 52 53 115.75 10926.097545085082 94.39393127503311 0.05
47 56 51 52 329.07 20713.88591299893 62.94674662837369 0.05
47 54 50 51 289.38 10920.418872207149 37.737296538140676 0.05
47 52 49 50 488.65 9208.871298728413 18.84553627080408 0.05
47 50 48 49 330.28 2076.110238367151 6.2859096474723 0.05
48 71 59 60 210.97 87488.06754362026 414.69435248433547 0.05
48 69 58 59 224.34 77528.7331796913 345.5858660055777 0.05
48 67 57 58 160.82 45475.623955110736 282.77343586065626 0.05
48 65 56 57 224.24 50735.25064268284 226.2542393983359 0.05
48 63 55 56 240.5 42334.1197499341 176.02544594567192 0.05
48 61 54 55 169.56 22395.36862311255 132.07931483317145 0.05
48 59 53 54 94.37 8908.254153962464 94.39709816639254 0.05
48 57 52 53 122.84 7731.82342589681 62.94222912648005 0.05
48 55 51 52 343.41 12959.612372485364 37.73801686755005 0.05
48 53 50 51 290.45 5474.591191489955 18.84865275086919 0.05
48 51 49 50 644.21 4046.288818503519 6.281009016475247 0.05
49 70 59 60 196.81 68015.44927707274 345.5893972718497 0.05
49 68 58 59 209.96 59370.731203909774 282.77162890031326 0.05
49 66 57 58 159.26 36032.95631825454 226.25239431278754 0.05
49 64 56 57 212.59 37421.38348129597 176.02607592688258 0.05
49 62 55 56 232.98 30772.270166300194 132.08116647909776 0.05
49 60 54 55 178.05 16806.87136081556 94.3941104230023 0.05
49 58 53 54 104.76 6594.025296788837 62.94411318049673 0.05
49 56 52 53 119.97 4527.018815246922 37.73459044133468 0.05
49 54 51 52 304.08 5730.72789456848 18.846119095529072 0.05
49 52 50 51 271.39 1705.6822110244302 6.284985485922216 0.05
50 71 60 61 244.14 84372.07129929829 345.588888749481 0.05
50 69 59 60 213.71 60431.885186337204 282.7751868716354 0.05
50 67 58 59 212.71 48125.75707553442 226.25056215285795 0.05
50 65 57 58 159.54 28083.03001662791 176.02500950625492 0.05
50 63 56 57 219.87 29040.877462144777 132.08203694066847 0.05
50 61 55 56 242.25 22867.59740484038 94.39668691368578 0.05
50 59 54 55 195.0 12273.790985747612 62.94251787562878 0.05
50 57 53 54 120.76 4557.026858474973 37.73622771178348 0.05
50 55 52 53 155.54 2930.9538580793856 18.843730603570695 0.05
50 53 51 52 359.18 2257.755829256162 6.285861766401698 0.05
51 70 60 61 239.45 67710.36954389479 282.7745648105859 0.05
51 68 59 60 202.53 45823.28008655768 226.25428374343394 0.05
51 66 58 59 211.06 37151.34760287366 176.0226836106968 0.05
51 64 57 58 152.84 20187.298763414794 132.0812533591651 0.05
51 62 56 57 210.45 19866.282077090764 94.39905952525903 0.05
51 60 55 56 245.92 15479.233843856484 62.944184465909586 0.05
51 58 54 55 214.44 8091.724600813153 37.734212837218585 0.05
51 56 53 54 136.51 2573.0468359752626 18.848779107576462 0.05
51 54 52 53 145.53 913.8724267694362 6.279615383559652 0.05
52 71 61 62 169.48 47925.04052806409 282.77696794939874 0.05
52 69 60 61 240.17 54339.268642604526 226.25335654996263 0.05
52 67 59 60 191.68 33740.651600316836 176.0259369799501 0.05
52 65 58 59 202.66 26767.156141181662 132.07912829952463 0.05
52 63 57 58 145.04 13691.488320551787 94.39801655096379 0.05
52 61 56 57 204.69 12884.72057667675 62.94748437479481 0.05
52 59 55 56 248.23 9367.565517447238 37.73744316741424 0.05
52 57 54 55 211.02 3976.7899497256603 18.845559424346792 0.05
52 55 53 54 223.2 1403.9075447010428 6.289908354395354 0.05
53 70 61 62 158.5 35861.364869865276 226.25466794867683 0.05
53 68 60 61 215.14 37869.83917430031 176.02416646974208 0.05
53 66 59 60 187.08 24709.62705272998 132.08053801972406 0.05
53 64 58 59 183.55 17326.08187632257 94.3943441913515 0.05
53 62 57 58 133.24 8386.959419459054 62.94625802656149 0.05
53 60 56 57 197.96 7470.544764717355 37.73764783146775 0.05
53 58 55 56 263.49 4965.404225775665 18.844753978426752 0.05
53 56 54 55 218.15 1370.1529533125422 6.2807836502981536 0.05
54 71 62 63 142.18 32169.092695819294 226.25610279799756 0.05
54 69 61 62 156.16 27488.2038360006 176.02589546619237 0.05
54 67 60 61 204.97 27072.258235258567 132.0791249219816 0.05
54 65 59 60 178.16 16817.71795082082 94.39671054569388 0.05
54 63 58 59 191.0 12022.050785192077 62.94267426802135 0.05
54 61 57 58 141.94 5356.535343031155 37.73802552508916 0.05
54 59 56 57 245.75 4632.216476866219 18.849304076769965 0.05
54 57 55 56 358.03 2248.6285683589736 6.2805590826438396 0.05
55 70 62 63 152.91 26916.27311348662 176.0268989175765 0.05
55 68 61 62 164.81 21768.2306589546 132.08076366091012 0.05
55 66 60 61 232.17 21915.51491036576 94.39425813139407 0.05
55 64 59 60 208.09 13098.064634700393 62.94422910615788 0.05
55 62 58 59 251.51 9490.80741780043 37.735308408414895 0.05
55 60 57 58 206.97 3900.6652279566515 18.84652475217013 0.05
55 58 56 57 386.72 2430.965310237046 6.2861122006543395 0.05
56 71 63 64 183.92 32374.656874978897 176.02575508361733 0.05
56 69 62 63 176.49 23311.19324000601 132.08223264777612 0.05
56 67 61 62 181.13 17097.980766018296 94.39618376866503 0.05
56 65 60 61 257.21 16189.459349401859 62.9425735756847 0.05
56 63 59 60 251.48 9489.916866576132 37.73626875527331 0.05
56 61 58 59 328.51 6190.55973920576 18.844357064338254 0.05
56 59 57 58 299.82 1884.23703538921 6.2845608544767195 0.05
57 70 63 64 201.64 26632.841188739152 132.0811405908508 0.05
57 68 62 63 184.23 17391.022897697418 94.39843075339205 0.05
57 66 61 62 199.5 12557.371976077793 62.944220431467635 0.05
57 64 60 61 274.59 10361.587711011374 37.73475986383836 0.05
57 62 59 60 311.61 5873.421004184035 18.84862810623547 0.05
57 60 58 59 455.29 2859.3269848445884 6.280232346075223 0.05
58 71 64 65 190.07 25104.568197070148 132.08064501010233 0.05
58 69 63 64 212.19 20030.160024671688 94.39728556798948 0.05
58 67 62 63 178.22 11218.36675072989 62.946732974581366 0.05
58 65 61 62 186.42 7034.937260131329 37.73703068410755 0.05
58 63 60 61 275.91 5199.696537870957 18.84562552234771 0.05
58 61 59 60 349.69 2198.864214783305 6.288038590704067 0.05
59 70 64 65 206.74 19515.340070448754 94.39556965487449 0.05
59 68 63 64 225.6 14200.308040837408 62.94462784059135 0.05
59 66 62 63 212.87 8033.221139072627 37.73768562537054 0.05
59 64 61 62 220.2 4149.720610056051 18.845234378092876 0.05
59 62 60 61 409.54 2571.9582878005763 6.280114977293002 0.05
60 71 65 66 183.58 17329.526672500026 94.39768314903598 0.05
60 69 64 65 232.9 14659.47717962578 62.94322533115405 0.05
60 67 63 64 252.09 9512.892390112738 37.73609579956658 0.05
60 65 62 63 246.2 4640.460675257919 18.84833742996718 0.05
60 63 61 62 276.11 1733.9335859331788 6.279865220141171 0.05
61 70 65 66 205.73 12949.704456571742 62.94514390984175 0.05
61 68 64 65 246.43 9298.992312335864 37.734822514855594 0.05
61 66 63 64 319.14 6014.5418607889205 18.846092187719876 0.05
61 64 62 63 319.84 2010.5699852734024 6.286174291124945 0.05
62 71 66 67 223.74 14083.1094128527 62.94408426232547 0.05
62 69 65 66 214.49 8094.1830147891005 37.73687824508882 0.05
62 67 64 65 246.18 4639.077832784176 18.84425149396448 0.05
62 65 63 64 294.25 1848.8782712331936 6.28335861081799 0.05
63 70 66 67 234.52 8849.981835983597 37.736576138425704 0.05
63 68 65 66 209.97 3957.6232808174477 18.84851779214863 0.05
63 66 64 65 331.56 2083.538245398146 6.284045860170545 0.05
64 71 67 68 204.2 7705.722954937854 37.73615550900027 0.05
64 69 66 67 312.21 5884.421217671889 18.847638505082763 0.05
64 67 65 66 305.44 1921.008021489153 6.28931384720126 0.05
65 70 67 68 258.35 4868.826135691865 18.845853050868453 0.05
65 68 66 67 338.3 2126.054358952491 6.284523674113187 0.05
66 71 68 69 244.53 4608.484365851678 18.84629438454046 0.05
66 69 67 68 281.93 1772.6753992691554 6.287643738761946 0.05
67 70 68 69 285.15 1791.559369679243 6.282866455126225 0.05
68 71 69 70 380.84 2394.0821452319506 6.2863200956620915 0.05
