56
# x y z
21.375 2965.981 0.0
22.875 2964.563 0.0
24.375 2963.821 0.0
25.875 2963.132 0.0
27.375 2962.38 0.0
28.875 2961.36 0.0
30.375 2960.586 0.0
31.875 2959.859 0.0
33.375 2959.2 0.0
34.875 2958.635 0.0
36.375 2958.012 0.0
37.875 2957.277 0.0
39.375 2956.528 0.0
40.875 2955.697 0.0
42.375 2954.975 0.0
43.875 2954.283 0.0
45.375 2953.512 0.0
46.875 2952.847 0.0
48.375 2951.95 0.0
49.875 2951.131 0.0
51.375 2950.357 0.0
52.875 2949.624 0.0
54.375 2948.811 0.0
55.875 2948.158 0.0
57.375 2947.454 0.0
58.875 2946.845 0.0
60.375 2946.19 0.0
61.875 2945.65 0.0
63.375 2945.17 0.0
64.875 2944.684 0.0
66.375 2944.204 0.0
67.875 2943.74 0.0
69.375 2943.484 0.0
70.875 2943.148 0.0
72.375 2942.711 0.0
73.875 2942.282 0.0
75.375 2941.835 0.0
76.875 2941.254 0.0
78.375 2940.771 0.0
79.875 2940.297 0.0
81.375 2939.781 0.0
82.875 2939.288 0.0
84.375 2939.127 0.0
85.875 2939.202 0.0
87.375 2939.147 0.0
88.875 2939.03 0.0
90.375 2938.745 0.0
91.875 2938.389 0.0
93.375 2938.393 0.0
94.875 2938.589 0.0
96.375 2938.645 0.0
97.875 2938.588 0.0
99.375 2938.778 0.0
100.875 2938.937 0.0
102.375 2939.046 0.0
103.875 2939.099 0.0
930
# a b m n r rhoa k
1 4 2 3 434.061322 4668.922875779805 10.75636699042216
1 7 3 5 189.157397 4141.458596371654 21.89424607260616
1 10 4 7 108.616228 3208.136422379785 29.53643743161275
1 13 5 9 67.4879981 2714.511393295953 40.22213533840105
1 16 6 11 54.4777774 2882.3836101444554 52.909346667737864
1 19 7 13 34.8661281 2224.3348904524405 63.79644117846399
1 22 8 15 24.7948336 1871.7113787166627 75.48795885916583
1 25 9 17 20.4168594 1773.7506801772374 86.87676421855741
1 28 10 19 16.0963544 1544.0486163419898 95.92536160498491
1 31 11 21 12.2745814 1283.1160554093829 104.53440435935215
1 34 12 23 10.9741666 1215.1175248410511 110.72526681352286
1 37 13 25 9.88185492 1165.2630506792175 117.91946553686275
1 40 14 27 9.15067826 1157.600860657316 126.50437790141645
1 43 15 29 8.09875892 1120.928713341904 138.40746766442876
1 46 16 31 7.24957476 1055.7778361723501 145.63307105923963
2 5 3 4 420.959041 4750.178843363284 11.284182974379409
2 8 4 6 160.62388 3210.849186466973 19.989861946224764
2 11 5 8 97.2712787 2856.9757365677137 29.37121599253443
2 14 6 10 73.771863 3101.537479136906 42.042282152165605
2 17 7 12 48.9316455 2618.3079427531557 53.50950118268872
2 20 8 14 31.2403657 2010.740211305782 64.36352988357565
2 23 9 16 24.9794424 1886.145890745829 75.50792609949649
2 26 10 18 18.8794026 1627.9164911971343 86.22711881768623
2 29 11 20 14.0634452 1333.0227076360964 94.78635488522374
2 32 12 22 12.5965113 1298.6129020084127 103.09306053719911
2 35 13 24 11.5254056 1266.7011840420535 109.9051285485392
2 38 14 26 10.1230512 1190.2854046393024 117.58168373575967
2 41 15 28 8.87256691 1131.966920779565 127.58054487070248
2 44 16 30 7.83657368 1083.4040412217425 138.24971032770824
2 47 17 32 6.98030793 1022.9173810235471 146.54330314386962
3 6 4 5 396.373334 4038.3015273532815 10.188126145118737
3 9 5 7 165.077091 3363.4828900330554 20.37522511244795
3 12 6 9 94.7022421 2916.4038144406354 30.795509691957285
3 15 7 11 72.2381716 3149.033194935355 43.592371251757356
3 18 8 13 41.623572 2252.4881691797455 54.11568639951769
3 21 9 15 30.8640817 2005.3918324430565 64.97493921690392
3 24 10 17 22.6510048 1726.0389425679823 76.20142937623599
3 27 11 19 16.3491988 1402.8449137757937 85.80511687066853
3 30 12 21 14.4061536 1362.9763711341664 94.61070657570708
3 33 13 23 12.8384781 1317.110140768742 102.59083128932096
3 36 14 25 11.47582 1256.620782387479 109.50161142188348
3 39 15 27 9.89247051 1159.457675950302 117.20607858049625
3 42 16 29 8.57508165 1111.2095961799014 129.58589101946353
3 45 17 31 7.61458457 1044.4779632772158 137.1680823392859
3 48 18 33 6.66377059 998.3560298603032 149.81848735286417
4 7 5 6 333.968287 3641.9427931003406 10.905055763873595
4 10 6 8 170.999333 3563.838425237488 20.841241674536167
4 13 7 10 92.1768445 3047.9709878071035 33.066558139849356
4 16 8 12 59.1003545 2663.4260975109387 45.06616110925255
4 19 9 14 38.3202792 2087.4327054437244 54.47331671434493
4 22 10 16 27.5815236 1797.9025489809494 65.18503383116041
4 25 11 18 19.1095315 1456.5584060201754 76.22156545387706
4 28 12 20 16.2513422 1389.2222829887244 85.4835413525859
4 31 13 22 14.6279924 1386.834093394873 94.80686450143855
4 34 14 24 13.1912646 1346.4088238737959 102.06821443592268
4 37 15 26 10.9928925 1196.5305904243148 108.84583747401467
4 40 16 28 9.34728497 1103.094260869991 118.01226392587354
4 43 17 30 8.19782455 1065.4839735893863 129.9715512439683
4 46 18 32 7.16949149 989.3190437442539 137.99012735061547
4 49 19 34 6.40100337 977.0929548144555 152.64684274247705
5 8 6 7 339.990037 3624.4414731056713 10.660434361803583
5 11 7 9 129.618545 2712.1626270145184 20.92418663559692
5 14 8 11 91.3387116 3067.1631505714054 33.58010088869488
5 17 9 13 53.3675748 2307.205536346098 43.23234745053654
5 20 10 15 33.9466714 1817.626607448692 53.54358859021129
5 23 11 17 22.9583019 1489.792907212102 64.8912499583474
5 26 12 19 18.7832753 1404.2774454550574 74.76211805589931
5 29 13 21 16.4028507 1390.2338069499965 84.7556215914345
5 32 14 23 14.4745877 1354.9959867062223 93.61206099889272
5 35 15 25 12.4429762 1246.6440378079037 100.18857367965582
5 38 16 27 10.2747206 1105.9634279164661 107.63927029961924
5 41 17 29 8.801843 1039.9083357213965 118.14665811710077
5 44 18 31 7.64345597 983.9490849488807 128.7309155453774
5 47 19 33 6.84183896 959.2715350963628 140.2066813768389
5 50 20 35 6.26614005 961.0572964834424 153.3730955284733
6 9 7 8 369.234233 3778.67025949742 10.233802615743432
6 12 8 10 120.558615 2596.028891142683 21.533333732663426
6 15 9 12 79.9538517 2626.31413161542 32.84787506510359
6 18 10 14 42.0470353 1747.3909361985209 41.55800578402542
6 21 11 16 27.5793858 1444.696155718328 52.383188160714155
6 24 12 18 22.039913 1407.6088029000646 63.86635023922575
6 27 13 20 18.2802645 1353.8871763029272 74.06277826575906
6 30 14 22 16.5851888 1381.7456100227382 83.31202174935375
6 33 15 24 13.8189194 1260.9846364058226 91.25059636760183
6 36 16 26 11.483726 1126.89171896368 98.12945022927923
6 39 17 28 9.50126385 1009.4348338709684 106.24216418018624
6 42 18 30 8.11141605 965.2816663062946 119.00285478591553
6 45 19 32 7.26403795 933.7406661426612 128.54292234839733
6 48 20 34 6.59030368 939.5445589796102 142.5646836018959
6 51 21 36 6.26490536 966.6959218348774 154.30335596240792
7 10 8 9 255.933677 2638.104262012536 10.307765249715597
7 13 9 11 147.050961 3169.5685120834555 21.55421828275883
7 16 10 13 66.2938411 2071.0566799106746 31.240559387509602
7 19 11 15 34.6261578 1426.5767034501948 41.19939358244924
7 22 12 17 28.0333039 1476.7736508154342 52.67925807401653
7 25 13 19 22.3414795 1412.0957779914454 63.20511486231006
7 28 14 21 18.9179213 1392.5053739413586 73.60773691036333
7 31 15 23 15.6468317 1287.3546798455095 82.27574147458297
7 34 16 25 13.1302053 1178.178715216515 89.7304107816589
7 37 17 27 10.6910323 1028.459200315472 96.19830634273472
7 40 18 29 8.79424753 934.699331498792 106.2853107454882
7 43 19 31 7.83673825 933.8871966296184 119.16784341107966
7 46 20 33 7.06224407 915.1711278607762 129.58644855512281
7 49 21 35 6.40728563 921.2727670912449 143.78518772094213
7 52 22 37 6.10974394 949.246688836667 155.3660346748782
8 11 9 10 340.102379 3536.060843774891 10.397048248153805
8 14 10 12 130.543917 2737.2059132313866 20.96770172164657
8 17 11 14 50.132182 1501.4947232693312 29.950715555714915
8 20 12 16 39.9603907 1632.3982753417215 40.850408285465576
8 23 13 18 30.4955288 1609.4026424070596 52.77503639835423
8 26 14 20 23.8028126 1497.8542760110158 62.92761705022271
8 29 15 22 19.3073639 1391.6391458126866 72.07815385986933
8 32 16 24 15.2716203 1239.4743290751774 81.16193990726559
8 35 17 26 12.6651792 1108.8887893825502 87.55413341348934
8 38 18 28 9.77817757 937.421622643749 95.86874608616347
8 41 19 30 8.47203396 913.2131373316229 107.79148686646943
8 44 20 32 7.68373841 918.348745569063 119.51848131293463
8 47 21 34 6.81944288 896.8216565097686 131.5095195151438
8 50 22 36 6.35174647 922.5494676698561 145.24343375907068
8 53 23 38 6.07254561 942.2929399462062 155.1726410081597
9 12 10 11 373.439533 3820.802624810201 10.23138229130712
9 15 11 13 82.1191941 1666.3911376953338 20.29234646002613
9 18 12 15 51.3436579 1552.2521300998274 30.232597239625722
9 21 13 17 39.6438135 1674.7700075390835 42.24543149813485
9 24 14 19 29.9059152 1584.0814125498168 52.96883248534781
9 27 15 21 22.3368285 1406.8983885651626 62.985592988958246
9 30 16 23 17.7876542 1277.4585630609934 71.81714624635515
9 33 17 25 14.2277314 1132.9464774636567 79.6294536080191
9 36 18 27 11.2307027 972.3773646053141 86.58205907323271
9 39 19 29 9.23380864 892.3942722853061 96.6442241849736
9 42 20 31 8.28777441 908.125644646078 109.57412686695919
9 45 21 33 7.31082577 882.5187866954566 120.71396781426192
9 48 22 35 6.49760452 876.7024143280865 134.92701989318465
9 51 23 37 6.42350746 940.8340961324342 146.46734700490785
9 54 24 39 5.94526425 923.1704230359913 155.27828271653212
10 13 11 12 210.275122 2243.384990197115 10.668808410902335
10 16 12 14 84.2078264 1712.0940205474571 20.33176836099236
10 19 13 16 60.8827571 1908.857230760194 31.353002421110688
10 22 14 18 43.7027086 1893.1502054184016 43.31883002369335
10 25 15 20 29.2509703 1546.8518586899613 52.88206999034016
10 28 16 22 22.1571623 1389.2258258403574 62.69872500055467
10 31 17 24 17.4108525 1241.6319310442655 71.31367812370276
10 34 18 26 13.4947733 1064.9161767087435 78.91323203693563
10 37 19 28 10.5610221 921.1494626144523 87.2216205867472
10 40 20 30 9.1146792 893.0047249370326 97.97434504738605
10 43 21 32 8.07099482 898.2309683832167 111.29123341244032
10 46 22 34 6.9817795 857.7012265750087 122.84851255686443
10 49 23 36 6.78679144 933.9306733715898 137.61004469169157
10 52 24 38 6.14945343 909.0503502373053 147.82620286260226
10 55 25 40 5.87815853 908.8495414304967 154.61467001817942
11 14 12 13 297.259981 3081.5342775004924 10.36646193387361
11 17 13 15 103.081959 2148.1242039425897 20.838992824560016
11 20 14 17 69.7287093 2294.2527594221087 32.902555955128065
11 23 15 19 44.0953227 1894.0633068663574 42.95383707139437
11 26 16 21 28.6854995 1528.109946632212 53.27116394233303
11 29 17 23 21.7104337 1341.1557598427548 61.774710647201616
11 32 18 25 15.9659609 1135.6786246571446 71.13124175677673
11 35 19 27 13.133796 1031.9916609424106 78.57527716605394
11 38 20 29 10.3416026 910.5035131468278 88.04278682559585
11 41 21 31 8.92579072 887.2319460859835 99.40093532531127
11 44 22 33 7.65161166 868.1039838150746 113.45374313142736
11 47 23 35 7.02376431 881.7051597652131 125.53171217745675
11 50 24 37 6.58313649 911.985899916818 138.5336459759196
11 53 25 39 6.26902931 928.0606959610288 148.03897861518035
12 15 13 14 185.633897 1949.298183960811 10.500766376524494
12 18 14 16 108.124021 2295.9058837750194 21.234003901640133
12 21 15 18 60.0358011 1961.882532537665 32.67854341228512
12 24 16 20 35.7044684 1530.3579471656983 42.86180457921895
12 27 17 22 25.6979151 1339.9540865230406 52.142521341081114
12 30 18 24 18.8557761 1157.5751418104112 61.391010143062275
12 33 19 26 14.3902894 1013.6099038924159 70.43707570553903
12 36 20 28 11.584584 908.3537584120527 78.41056341876866
12 39 21 30 9.3371193 825.4758790420243 88.40798243222879
12 42 22 32 8.03928765 823.3624529621466 102.41733954651399
12 45 23 34 7.21606486 827.4978445609889 114.67439118347794
12 48 24 36 6.74418542 869.1369411694294 128.87204117964916
12 51 25 38 6.41492048 892.4199434690412 139.1162908802014
12 54 26 40 6.04877266 891.5466419218525 147.3929823512085
13 16 14 15 219.088933 2354.018887293102 10.744581458585596
13 19 15 17 93.284138 2029.967147247719 21.761118136158572
13 22 16 19 49.9268973 1607.2977934465107 32.19302380816103
13 25 17 21 31.168284 1303.6240454926744 41.82533903671676
13 28 18 23 21.1014271 1087.041149891976 51.51505368525411
13 31 19 25 16.463986 1013.4692266912186 61.55673520927549
13 34 20 27 13.4192321 932.04582752845 69.45597338080545
13 37 21 29 10.0412505 785.3606140221112 78.21342710473274
13 40 22 31 8.38114379 745.4735323732568 88.94651506429493
13 43 23 33 7.59673667 794.3834159684624 104.56903410980841
13 46 24 35 6.56509746 758.961154474928 115.60546649903473
13 49 25 37 6.63725049 860.9654702935153 129.71718810231545
13 52 26 39 6.19849935 865.89236913124 139.6938710869172
13 55 27 41 5.85252225 845.7933555821188 144.51775139891504
14 17 15 16 270.920732 2733.865588356774 10.091016542642349
14 20 16 18 89.751664 1945.0496979183056 21.671461132111215
14 23 17 20 47.4924641 1476.579836311604 31.090823866340596
14 26 18 22 28.0336903 1153.711596780108 41.1544675151137
14 29 19 24 20.2879413 1039.5544401730751 51.24001616532059
14 32 20 26 15.0817979 920.6329028187952 61.042649485363754
14 35 21 28 11.9438869 822.2800110473012 68.84526100521775
14 38 22 30 8.8019016 693.8563201064253 78.83027459730125
14 41 23 32 7.96654771 725.8069225779416 91.10683184221357
14 44 24 34 6.69939614 708.5230570412884 105.75924191300149
14 47 25 36 6.77329054 797.8506517139139 117.79365538834746
14 50 26 38 6.35995499 824.7489596613739 129.678427120657
14 53 27 40 5.98420569 830.9729164606814 138.86102174751306
15 18 16 17 226.196914 2496.594371994094 11.037260976929572
15 21 17 19 94.6856794 1960.8838414519764 20.70940245534085
15 24 18 21 43.3554052 1361.0489141427563 31.392831132916186
15 27 19 23 25.7564739 1073.5304652467328 41.68002458002346
15 30 20 25 19.7078286 1015.1342782013515 51.50918951067758
15 33 21 27 14.2180774 854.5165255888301 60.100708523983
15 36 22 29 10.4737236 723.9584659595566 69.12140262700427
15 39 23 31 8.65900582 684.1244250068422 79.00727164620871
15 42 24 33 7.20951703 683.0968324974306 94.74931949740198
15 45 25 35 6.72429363 716.6704568590172 106.57929238271787
15 48 26 37 6.74501321 810.8165189665134 120.20977479546158
15 51 27 39 6.32087089 824.0606701196061 130.37138148531398
15 54 28 41 6.08749119 827.300292665182 135.90168212878876
16 19 17 18 293.921743 3062.3581446442436 10.41895748639543
16 22 18 20 89.3328315 1846.951439991768 20.67494569442555
16 25 19 22 47.6517733 1485.2210467993236 31.168221955746684
16 28 20 24 28.4185156 1181.8673608389443 41.58793434091062
16 31 21 26 19.3103527 989.9511758045727 51.26530784725505
16 34 22 28 13.5200304 812.601841460082 60.10355135444681
16 37 23 30 10.0587956 696.9330636767439 69.2859355524377
16 40 24 32 7.93446816 637.9871131669981 80.4070418208091
16 43 25 34 7.218633 698.2351200888013 96.7267791684106
16 46 26 36 7.06782136 762.3645494628619 107.86415086513475
16 49 27 38 6.70325508 811.1827699254877 121.01326299602607
16 52 28 40 6.34380796 823.4222187439235 129.79936087849725
16 55 29 42 6.10499692 808.8097489664412 132.48323620226188
17 20 18 19 299.264509 3188.3794642697585 10.654051410652771
17 23 19 21 102.825993 2225.6600396657254 21.644916569546044
17 26 20 23 45.1834717 1440.6993675759993 31.885539410111317
17 29 21 25 27.0253004 1128.67959847057 41.76381323297224
17 32 22 27 17.3965109 898.9440822233272 51.67381478910965
17 35 23 29 13.4347997 811.5149319544669 60.403947217349796
17 38 24 31 8.84650944 616.9591859113137 69.7404089257733
17 41 25 33 7.87753083 660.5955538661382 83.858199748377
17 44 26 35 7.01962045 690.1947603455192 98.32365799001558
17 47 27 37 7.175969 788.5501332958711 109.88761703065761
17 50 28 39 6.77341005 818.6721432088768 120.86558131954182
17 53 29 41 6.40355174 813.879096794355 127.09807460607087
18 21 19 20 257.333907 2732.7513405598193 10.619476354353175
18 24 20 22 111.382526 2371.9323837536017 21.29537252327714
18 27 21 24 43.1851915 1363.9293289373973 31.583264576640747
18 30 22 26 25.5659454 1065.1925783069507 41.66450962955396
18 33 23 28 16.7405877 855.9819275556024 51.13213125460359
18 36 24 30 11.1747454 671.112377504756 60.05616714137898
18 39 25 32 8.48693065 597.7648334503219 70.43357111093184
18 42 26 34 7.3417107 639.0437750768425 87.0428979279778
18 45 27 36 7.41999993 735.9104028784299 99.17930051495699
18 48 28 38 7.24892922 804.1952740325258 110.93987120383635
18 51 29 40 6.78369353 812.158095715892 119.7221089255033
18 54 30 42 6.46872636 800.0783513375814 123.68406187111945
19 22 20 21 296.390172 3235.1511309681796 10.915176806092543
19 25 21 23 90.9470466 1894.652125265357 20.832475556884738
19 28 22 25 38.1847204 1208.5302350071522 31.64957664603332
19 31 23 27 25.6073958 1059.758922433247 41.384876881281585
19 34 24 29 15.2556688 773.1439587793461 50.679125832840974
19 37 25 31 10.0314073 595.0226915610117 59.31597369802856
19 40 26 33 8.03467506 581.6048130720128 72.3868493409879
19 43 27 35 7.33559036 650.2525638894516 88.6435217859482
19 46 28 37 7.69216692 757.2418454748923 98.44324146243206
19 49 29 39 7.27062795 803.3219581921489 110.48866256347898
19 52 30 41 6.70179853 783.5008895046147 116.9090485184452
19 55 31 43 6.17602152 755.483445695053 122.32526121363854
20 23 21 22 382.702445 3914.4298075352463 10.228389859216202
20 26 22 24 84.7931769 1778.0430120552537 20.969175552322696
20 29 23 26 43.182707 1340.1593696679654 31.034630822656982
20 32 24 28 20.6236316 852.0890227967926 41.316148354627934
20 35 25 30 14.7375552 738.1401260778994 50.08565641049469
20 38 26 32 9.09875913 546.5752162363536 60.07140187217525
20 41 27 34 7.58148724 568.9911788967793 75.05007406657315
20 44 28 36 7.93590681 706.0793069017733 88.97273163692472
20 47 29 38 7.69374556 757.1336023033147 98.40897341857438
20 50 30 40 7.03952063 764.3618818476923 108.58152451322417
20 53 31 42 6.53635915 744.7832481759519 113.94466416000901
21 24 22 23 252.343208 2708.2343643594318 10.73234499087224
21 27 23 25 93.4660284 1983.370668377065 21.220230519360175
21 30 24 27 41.1163345 1267.1721237363943 30.81918996783126
21 33 25 29 20.4695218 835.6218250250107 40.82273309506482
21 36 26 31 13.4934437 666.0294859704871 49.35948900653783
21 39 27 33 8.71362236 538.6704865315099 61.81935184663086
21 42 28 35 7.91979301 613.0775458188839 77.4108041769243
21 45 29 37 8.33110383 733.2477427889239 88.01327624180192
21 48 30 39 7.7256403 766.0889332898026 99.16186924853369
21 51 31 41 6.92180214 735.2652996147217 106.22454741457284
21 54 32 43 6.4092071 718.4749117135948 112.10043621676617
22 25 23 24 384.482641 3932.1498101389484 10.227119226792214
22 28 24 26 91.4737023 1884.2641757768988 20.598971380836947
22 31 25 28 40.146158 1234.5543024893734 30.75149314386132
22 34 26 30 22.4917946 904.3207121886373 40.20669440884176
22 37 27 32 12.0954081 600.54155852695 49.65037587503558
22 40 28 34 9.07373403 569.9362841630821 62.81165860479624
22 43 29 36 9.34269907 730.4603792845783 78.18515546863036
22 46 30 38 8.51408596 736.0824055850449 86.45465984760212
22 49 31 40 7.56535471 743.5622414304231 98.28517894178462
22 52 32 42 6.92103073 712.3795388004772 102.9296887402315
22 55 33 44 6.62765802 731.3292106101085 110.34504321182649
23 26 24 25 271.023677 2850.113780631798 10.516106239056736
23 29 25 27 80.9650354 1628.1411582653138 20.10918849379412
23 32 26 29 35.0789709 1085.8862960551871 30.95547754666848
23 35 27 31 21.8544488 863.2571258099616 39.50029276464578
23 38 28 33 11.1732921 568.2857956239815 50.86108825741533
23 41 29 35 9.44050541 609.4763664915528 64.55971794115553
23 44 30 37 9.36168389 724.5703882481033 77.39744225096916
23 47 31 39 8.28747485 720.3346238195114 86.91846875644049
23 50 32 41 7.33167839 692.1980920864788 94.41195525305615
23 53 33 43 6.75859173 678.6067363124084 100.40652896670952
24 27 25 26 257.254063 2606.442088804628 10.13178201506045
24 30 26 28 83.4271514 1686.135189758471 20.210868541754753
24 33 27 30 34.27535 1043.1169052303067 30.433442845377407
24 36 28 32 20.0590633 785.1644819351473 39.142629453447476
24 39 29 34 11.7017776 602.3533126799733 51.47536838163574
24 42 30 36 10.8113676 719.780612342538 66.5762777636511
24 45 31 38 9.31479006 710.8271423291187 76.31166539990905
24 48 32 40 8.20003214 707.3466504721599 86.26144854014682
24 51 33 42 7.47856575 675.5400773866423 90.33016489647663
24 54 34 44 7.21794369 715.3849368277446 99.11201410712926
25 28 26 27 207.457999 2091.77624811631 10.08289031128807
25 31 27 29 76.19431 1585.7398225235952 20.811787947467405
25 34 28 31 37.5621789 1102.3316175983114 29.346849673790125
25 37 29 33 18.022616 721.0073553802076 40.005699249221514
25 40 30 35 11.9857668 628.1457403696414 52.40763906483158
25 43 31 37 10.9517498 736.8040017306275 67.27728583889193
25 46 32 39 9.21020438 688.0169793752455 74.70159737923703
25 49 33 41 8.18612684 675.0306738072659 82.46032427800323
25 52 34 43 7.42940546 659.7244520136926 88.79909106666156
25 55 35 45 7.08850807 696.4322286167098 98.2480688093101
26 29 27 28 213.092542 2154.0843175022037 10.108680000176653
26 32 28 30 66.8268024 1361.8806944840737 20.379258704200303
26 35 29 32 41.3825975 1198.7246719201746 28.966878454649315
26 38 30 34 17.0569288 693.574573484159 40.6623362046372
26 41 31 36 13.2331337 722.7941423656947 54.620028690989095
26 44 32 38 10.585275 693.8435048113025 65.5479904689583
26 47 33 40 9.21907969 668.8822692994622 72.5541259855909
26 50 34 42 8.28560682 648.0133799418096 78.20952574983635
26 53 35 44 7.56471563 665.0187025780742 87.91060168088225
27 30 28 29 210.81992 2103.2669414744946 9.976604399975557
27 33 29 31 72.6814178 1384.1849864058172 19.04455125262866
27 36 30 33 37.5736719 1102.920869112502 29.35355565055919
27 39 31 35 16.5745116 689.3884362581833 41.59328810980972
27 42 32 37 13.1501367 726.3462847469738 55.23488472534083
27 45 33 39 10.9020292 683.8863086120913 62.730185001897745
27 48 34 41 9.59684971 670.2773497209602 69.84347676326799
27 51 35 43 8.07807778 618.8594496447297 76.60974138883938
27 54 36 45 7.1180007 618.4993250700234 86.89228213619357
28 31 29 30 232.41579 2341.8878208093065 10.076285353974042
28 34 30 32 86.4031192 1639.8132293406056 18.978634620179378
28 37 31 34 29.1822829 890.9767564049873 30.531427560281355
28 40 32 36 17.3303984 735.9001016828881 42.46296505698842
28 43 33 38 13.5801573 730.9623115202082 53.825761761994336
28 46 34 40 11.2743168 677.2830568170597 60.07309079846503
28 49 35 42 9.4842438 635.9439298770428 67.05267634274045
28 52 36 44 7.61120251 582.6157907756732 76.5471408769116
28 55 37 46 6.69352439 577.5788906795284 86.28920386731097
29 32 30 31 208.301188 1995.1609173210702 9.57825030417527
29 35 31 33 90.0274217 1815.1876651395435 20.162608579287387
29 38 32 35 25.175008 783.1655100469875 31.108848507495512
29 41 33 37 18.4312262 779.5748253994653 42.29641679507277
29 44 34 39 14.5640975 757.0647392875968 51.9815758777773
29 47 35 41 11.3621899 654.0561514495507 57.564268614235246
29 50 36 43 8.18722958 534.816142263987 65.32321306470399
29 53 37 45 7.14833149 549.8463342234652 76.91953499815453
30 33 31 32 225.187338 2201.100765331914 9.774531662752343
30 36 32 34 61.9675947 1254.5433163603439 20.245151073458462
30 39 33 36 27.8912945 859.0629221825693 30.80039623770669
30 42 34 38 20.3116404 854.072334710654 42.048417453799246
30 45 35 40 14.5562295 720.6848305465841 49.51040587444599
30 48 36 42 10.2333227 569.0499934200661 55.607548994821215
30 51 37 44 7.9687101 524.6902445332087 65.84381135074906
30 54 38 46 7.13974519 548.9677237837204 76.8889798129785
31 34 32 33 217.27005 2150.6848837911557 9.898671647524155
31 37 33 35 52.4428306 1021.9324064433154 19.486598925941944
31 40 34 37 33.4801769 997.0210646280349 29.779444344215367
31 43 35 39 22.0023618 900.3215621151699 40.91931449446349
31 46 36 41 12.9804131 593.0328211190252 45.6867448324141
31 49 37 43 8.8909084 489.5891769504771 55.06627162534675
31 52 38 45 7.77111207 519.7738731022187 66.8853914884049
31 55 39 47 7.31879881 546.1958436719565 74.62916495609427
32 35 33 34 179.178637 1721.596107105878 9.608266565315361
32 38 34 36 64.3382466 1272.476116601187 19.777911022542334
32 41 35 38 34.2020727 1023.9708496599392 29.93885366660656
32 44 36 40 17.50088 683.2835017484268 39.04280823298182
32 47 37 42 11.2164791 497.90520221957075 44.39050773246399
32 50 38 44 8.78008492 490.3356167017073 55.84634102852245
32 53 39 46 7.78803902 525.2770601845498 67.44663949880284
33 36 34 35 213.519641 2061.1464628252616 9.65319374448209
33 39 35 37 67.1723164 1328.3722068721243 19.775590273854608
33 42 36 39 28.1885774 861.2618287402457 30.553575532344734
33 45 37 41 14.5641737 538.6959105143433 36.98774277282502
33 48 38 43 10.0471826 461.0807914468548 45.891550875849994
33 51 39 45 8.84954632 510.71536853287114 57.71090969699237
33 54 40 47 8.3463782 558.2688608711389 66.88755859052002
34 37 35 36 221.024397 2231.097117896902 10.094347719889502
34 40 36 38 48.0820899 931.6237289857283 19.37569125891361
34 43 37 40 21.8222025 664.309811464529 30.44192314980713
34 46 38 42 13.1220382 462.7457427532904 35.26477637851187
34 49 39 44 10.5433469 501.6546948266141 47.580213340662645
34 52 40 46 9.06378523 540.9086677332386 59.678010236043356
34 55 41 48 8.35903055 558.0213029476627 66.75670098462108
35 38 36 37 115.566325 1126.84289934053 9.750616361128815
35 41 37 39 36.1875442 731.728982718084 20.220465325693034
35 44 38 41 17.8944988 513.1079797535785 28.67406265402519
35 47 39 43 12.3517314 444.1655922421234 35.9597839248774
35 50 40 45 10.7718044 530.1768252189648 49.21894285594016
35 53 41 47 9.70933003 586.2261113895239 60.377606856311985
36 39 37 38 122.384683 1209.9019624724988 9.886057085039791
36 42 38 40 29.8399261 630.2738638674244 21.121830588830594
36 45 39 42 18.4361101 494.36139865481783 26.814843042991907
36 48 40 44 14.797666 573.2511402583244 38.73929444402411
36 51 41 46 11.9688639 626.2976892926948 52.32724630553238
36 54 42 48 10.7638008 649.9132435361 60.37953094933715
37 40 38 39 58.2849158 588.1529649896271 10.090997935174629
37 43 39 41 28.6964082 562.656547280818 19.607211584090095
37 46 40 43 17.4997489 463.92100138186413 26.510151890343074
37 49 41 45 14.8658715 624.2397834165686 41.99146907845723
37 52 42 47 12.6954048 676.7992682154602 53.31057015334085
37 55 43 49 11.6183858 694.495545626755 59.775562421653696
38 41 39 40 45.4416276 462.58706391165924 10.179808434318916
38 44 40 42 27.1534299 487.6489312589919 17.959017813031124
38 47 41 44 19.1512222 560.2712408480501 29.255116722944717
38 50 42 46 14.7718134 653.7910042493492 44.25935980543521
38 53 43 48 13.325275 682.934805713624 51.25108530320192
39 42 40 41 52.1857022 511.50507479427966 9.801632501445571
39 45 41 43 24.1916582 446.67644929618314 18.46406912677789
39 48 42 45 19.7148529 659.5000696638715 33.45193966239898
39 51 43 47 17.2718824 744.120660436708 43.082777152113316
39 54 44 49 13.9870847 690.7744331416136 49.3865911272857
40 43 41 42 56.5118809 544.2068285860988 9.629954266592087
40 46 42 44 27.731747 556.6331571191632 20.07205521957067
40 49 43 46 21.7069776 750.7463739594647 34.585486187605625
40 52 44 48 16.1962977 649.9475921062123 40.12939278747712
40 55 45 50 15.0067367 719.2229341005035 47.926671099687084
41 44 42 43 41.1567554 397.1270979108789 9.649135216107897
41 47 43 45 32.813797 697.6423150086514 21.260639693987603
41 50 44 47 21.0625763 641.8920554525819 30.475476803499195
41 53 45 49 17.398174 649.4689897645864 37.329721484828596
42 45 43 44 62.7370204 598.5201939206532 9.540143763675669
42 48 44 46 29.3581808 614.4333605939914 20.928863568889508
42 51 45 48 21.5679334 577.5075297186993 26.776210729522155
42 54 46 50 20.0771606 716.9882597480528 35.711636422734635
43 46 44 45 53.462207 503.76687958852995 9.422859770613845
43 49 45 47 29.9251913 563.9874126756472 18.846576685898984
43 52 46 49 23.3249219 608.3837057834124 26.08299004780001
43 55 47 51 18.7244696 672.6859699162162 35.92550199212138
44 47 45 46 59.1883574 581.7429156359801 9.828671400770789
44 50 46 48 30.8580543 525.5764323650278 17.032066482721426
44 53 47 50 27.6909532 773.624377885262 27.937802368076735
45 48 46 47 69.7486463 655.6099524237507 9.399608267719895
45 51 47 49 39.2498159 714.5329184037906 18.204745729872087
45 54 48 51 27.6310836 817.921656722965 29.601504905256956
46 49 47 48 66.4376792 628.702313272893 9.463038457142448
46 52 48 50 48.2588311 1013.069500768631 20.992416883645383
46 55 49 52 27.3499263 804.3158565765406 29.408337256709192
47 50 48 49 87.9049856 843.0407317809334 9.59036311793598
47 53 49 51 45.0837725 912.9130583661058 20.249260604047848
48 51 49 50 133.411323 1323.4201478253538 9.91984876595035
48 54 50 52 44.0627221 796.86587351205 18.08480809931736
49 52 50 51 110.253811 1029.3308084327507 9.336011146433302
49 55 51 53 50.715265 920.3760955009417 18.14791060444901
50 53 51 52 158.907243 1473.0120195213249 9.269634232602758
51 54 52 53 146.555843 1409.9594233249625 9.62062920497112
52 55 53 54 122.7535 1156.5365416025509 9.421617645138841
3 2 4 1 434.418318 4672.762855769919 10.756366990422165
5 3 7 1 189.16254 4141.571198479205 21.894246072606155
7 4 10 1 110.180544 3254.3407440370556 29.53643743161275
9 5 13 1 67.5970483 2718.8976251990325 40.22213533840105
11 6 16 1 54.5779152 2887.681835719199 52.90934666773786
13 7 19 1 35.0534347 2236.284384941679 63.79644117846401
15 8 22 1 24.8331692 1874.6052549123037 75.48795885916581
17 9 25 1 20.2711555 1761.092396811214 86.87676421855745
19 10 28 1 16.1700482 1551.1177207550356 95.92536160498493
21 11 31 1 12.2960863 1285.364057321691 104.53440435935221
23 12 34 1 11.2310163 1243.557276404524 110.72526681352282
25 13 37 1 9.88344369 1165.4503975884784 117.91946553686272
27 14 40 1 9.14783018 1157.240566068702 126.50437790141642
29 15 43 1 8.13214298 1125.5493165468615 138.4074676644288
31 16 46 1 7.39002183 1076.2315742977219 145.6330710592396
4 3 5 2 420.630484 4746.47134605777 11.284182974379407
6 4 8 2 160.829241 3214.9543245061113 19.989861946224764
8 5 11 2 97.4146936 2861.1880065721625 29.37121599253444
10 6 14 2 73.794393 3102.484691753794 42.0422821521656
12 7 17 2 48.7367392 2607.8786038627927 53.50950118268874
14 8 20 2 31.2316971 2010.1822696106321 64.36352988357562
16 9 23 2 24.9921516 1887.1055360802131 75.5079260994965
18 10 26 2 18.7985994 1620.9490640698846 86.2271188176862
20 11 29 2 14.0568794 1332.4003593871903 94.7863548852237
22 12 32 2 12.5631724 1295.1758927724688 103.09306053719911
24 13 35 2 11.5014332 1264.0664943384365 109.9051285485392
26 14 38 2 10.1322996 1191.3728470831632 117.58168373575957
28 15 41 2 8.8493922 1129.010278650544 127.58054487070243
30 16 44 2 7.77312077 1074.6316947947923 138.24971032770821
32 17 47 2 7.06870285 1035.8710645814854 146.54330314386965
5 4 6 3 396.331877 4037.879158207683 10.188126145118735
7 5 9 3 165.231909 3366.6373416345155 20.375225112447957
9 6 12 3 94.7880709 2919.046956082884 30.795509691957285
11 7 15 3 72.1406466 3144.781848929027 43.592371251757356
13 8 18 3 41.5518355 2248.606099242346 54.11568639951767
15 9 21 3 30.8318101 2003.294987194624 64.9749392169039
17 10 24 3 22.687298 1728.8045362846199 76.20142937623599
19 11 27 3 16.3298454 1401.1842930269488 85.80511687066853
21 12 30 3 14.3297758 1355.7502135094678 94.61070657570706
23 13 33 3 12.821234 1315.3410542149059 102.59083128932097
25 14 36 3 11.4911866 1258.3034498495545 109.50161142188348
27 15 39 3 9.86477692 1156.2118188645857 117.20607858049623
29 16 42 3 8.55364439 1108.4316297417854 129.5858910194635
31 17 45 3 7.60519772 1043.1903870635092 137.1680823392859
33 18 48 3 6.65750134 997.4167803084664 149.8184873528642
6 5 7 4 334.088461 3643.2532972717086 10.905055763873595
8 6 10 4 171.239021 3568.833820771974 20.841241674536167
10 7 13 4 92.1565314 3047.299303504951 33.066558139849334
12 8 16 4 59.141956 2665.3009174123254 45.06616110925255
14 9 19 4 38.3041486 2086.554018161132 54.47331671434493
16 10 22 4 27.575138 1797.486303428917 65.18503383116041
18 11 25 4 19.111374 1456.698844254524 76.22156545387703
20 12 28 4 16.2238115 1386.8688612568087 85.4835413525859
22 13 31 4 14.6244138 1386.4948175495679 94.80686450143854
24 14 34 4 13.2336963 1350.7397517282761 102.06821443592264
26 15 37 4 10.9873863 1195.9312634740159 108.84583747401471
28 16 40 4 9.31587457 1099.3874484551732 118.01226392587348
30 17 43 4 8.18152871 1063.365977985763 129.97155124396832
32 18 46 4 7.1577428 987.6978405149507 137.99012735061544
34 19 49 4 6.39877048 976.752111205764 152.646842742477
7 6 8 5 340.181631 3626.4839483667874 10.660434361803585
9 7 11 5 129.64839 2712.7871093646577 20.92418663559692
11 8 14 5 91.2819793 3065.2580742137575 33.58010088869488
13 9 17 5 53.4439031 2310.505387932008 43.23234745053656
15 10 20 5 33.8982083 1815.0317191604863 53.54358859021131
17 11 23 5 23.0174909 1493.6337554058873 64.89124995834743
19 12 26 5 18.7125406 1398.989169463009 74.76211805589931
21 13 29 5 16.3967568 1389.7173146675802 84.75562159143449
23 14 32 5 14.4585648 1353.4960500140435 93.61206099889274
25 15 35 5 12.4587294 1248.2223284467943 100.18857367965583
27 16 38 5 10.2410784 1102.342206057192 107.63927029961923
29 17 41 5 8.7941206 1038.9959599687527 118.14665811710074
31 18 44 5 7.64962838 984.7436649393023 128.73091554537743
33 19 47 5 6.83096136 957.746422899018 140.20668137683887
35 20 50 5 6.28594666 964.0950975710676 153.3730955284733
8 7 9 6 369.313816 3779.484696210988 10.233802615743432
10 8 12 6 120.305978 2590.588774308464 21.533333732663426
12 9 15 6 79.9928892 2627.5964305382745 32.847875065103594
14 10 18 6 42.0031262 1745.5661615667495 41.55800578402542
16 11 21 6 27.7296323 1452.5665463983175 52.383188160714184
18 12 24 6 21.956184 1402.2613372608846 63.86635023922575
20 13 27 6 18.2531027 1351.875497932228 74.06277826575906
22 14 30 6 16.5386236 1377.8661690675756 83.31202174935376
24 15 33 6 13.7928387 1258.6047569771379 91.25059636760182
26 16 36 6 11.4484791 1123.4329600443934 98.12945022927923
28 17 39 6 9.45159919 1004.1583529092954 106.24216418018626
30 18 42 6 8.09418542 963.2311721465348 119.00285478591555
32 19 45 6 7.23272574 929.7157031640749 128.54292234839735
34 20 48 6 6.58411027 938.6615974425432 142.56468360189587
36 21 51 6 6.25317 964.8851164034502 154.3033559624079
9 8 10 7 256.090733 2639.723158391595 10.307765249715596
11 9 13 7 147.021488 3168.9332446080075 21.554218282758825
13 10 16 7 66.3833803 2073.8539346057855 31.24055938750961
15 11 19 7 34.6203415 1426.3370754173006 41.199393582449225
17 12 22 7 28.1831579 1484.6678483548571 52.67925807401651
19 13 25 7 22.3515889 1412.7347437796345 63.20511486231006
21 14 28 7 18.899867 1391.176437776857 73.60773691036329
23 15 31 7 15.6348222 1286.366589328271 82.27574147458299
25 16 34 7 13.0863043 1174.2394604527888 89.73041078165886
27 17 37 7 10.7130217 1030.5745433529644 96.1983063427347
29 18 40 7 8.77879579 933.0570385113334 106.28531074548818
31 19 43 7 7.81896539 931.7692432321713 119.16784341107966
33 20 46 7 7.05893814 914.7427241329036 129.5864485551227
35 21 49 7 6.4064574 921.1536798852185 143.78518772094208
37 22 52 7 6.10999281 949.2853547817167 155.36603467487825
10 9 11 8 340.107768 3536.116873467901 10.397048248153805
12 10 14 8 130.394851 2734.080341806548 20.96770172164657
14 11 17 8 50.2114311 1503.8682905214775 29.950715555714915
16 12 20 8 40.0363991 1635.5032495148464 40.850408285465576
18 13 23 8 30.4667609 1607.8844154374556 52.77503639835423
20 14 26 8 23.6664329 1489.272226475992 62.92761705022272
22 15 29 8 19.2793021 1389.6165030747027 72.07815385986937
24 16 32 8 15.2055527 1234.1121544941602 81.1619399072656
26 17 35 8 12.4896937 1093.5243085034174 87.55413341348935
28 18 38 8 9.74650064 934.38479508479 95.86874608616348
30 19 41 8 8.44885968 910.7151472333629 107.79148686646941
32 20 44 8 7.64099063 913.2395958239636 119.51848131293463
34 21 47 8 6.79984669 894.2445709785408 131.50951951514378
36 22 50 8 6.34978374 922.2643940251139 145.24343375907065
38 23 53 8 6.04724312 938.3666857488238 155.17264100815973
11 10 12 9 373.845506 3824.95628977315 10.23138229130712
13 11 15 9 82.1404284 1666.8220314677706 20.29234646002614
15 12 18 9 51.3303964 1551.8512005115335 30.23259723962571
17 13 21 9 39.698009 1677.0595198218405 42.24543149813484
19 14 24 9 29.8768871 1582.5438279835487 52.968832485347804
21 15 27 9 22.251254 1401.5084279379291 62.985592988958246
23 16 30 9 17.6728883 1269.2164036365987 71.81714624635514
25 17 33 9 14.106823 1123.3186076350369 79.6294536080191
27 18 36 9 11.2301285 972.3276491869942 86.58205907323271
29 19 39 9 9.20350461 889.4655628162773 96.64422418497352
31 20 42 9 8.26080533 905.1705312526725 109.57412686695916
33 21 45 9 7.29645876 880.7844879127289 120.71396781426184
35 22 48 9 6.49349464 876.147880467568 134.92701989318468
37 23 51 9 6.40819277 938.5909941179318 146.46734700490788
39 24 54 9 5.94464193 923.0737902550912 155.27828271653212
12 11 13 10 210.395941 2244.6739849605124 10.66880841090234
14 12 16 10 84.2495436 1712.9422049945254 20.33176836099235
16 13 19 10 60.9271095 1910.247811664777 31.353002421110702
18 14 22 10 43.6444638 1890.6271088274382 43.318830023693366
20 15 25 10 29.2638715 1547.5341008513208 52.88206999034016
22 16 28 10 22.1170114 1386.7084156027324 62.69872500055467
24 17 31 10 17.4182188 1242.1572489914277 71.31367812370274
26 18 34 10 13.4410476 1060.6765080782966 78.91323203693563
28 19 37 10 10.5257358 918.071734343942 87.2216205867472
30 20 40 10 9.09716626 891.2889061106786 97.97434504738607
32 21 43 10 8.04211996 895.0174495992055 111.29123341244035
34 22 46 10 6.90153369 847.8431481775878 122.8485125568644
36 23 49 10 6.76778466 931.3151495263451 137.61004469169163
38 24 52 10 6.11742715 904.3160268730915 147.82620286260237
40 25 55 10 5.84811296 904.2040555394382 154.61467001817937
13 12 14 11 297.354095 3082.5099066989383 10.366461933873614
15 13 17 11 103.159872 2149.747832390529 20.83899282456001
17 14 20 11 69.7660668 2295.4819166562024 32.902555955128065
19 15 23 11 44.1140538 1894.867879483925 42.953837071394354
21 16 26 11 28.5400689 1520.36268929738 53.27116394233302
23 17 29 11 21.6270816 1336.0067079834175 61.77471064720159
25 18 32 11 15.97355 1136.2184467639609 71.13124175677673
27 19 35 11 13.1082778 1029.986561304632 78.57527716605395
29 20 38 11 10.3241628 908.9680645531471 88.04278682559588
31 21 41 11 8.90796165 885.4597198520031 99.40093532531127
33 22 44 11 7.63278585 865.9681252030938 113.4537431314274
35 23 47 11 7.02025284 881.2643589238536 125.53171217745678
37 24 50 11 6.5765008 911.066633587552 138.5336459759196
39 25 53 11 6.23626772 923.2107036396192 148.0389786151803
14 13 15 12 185.688852 1949.8752535770327 10.500766376524492
16 14 18 12 108.163556 2296.7453701192717 21.23400390164014
18 15 21 12 60.0088348 1961.0013131324458 32.678543412285116
20 16 24 12 35.6404747 1527.6150617019966 42.86180457921894
22 17 27 12 25.4879066 1329.0037138299815 52.14252134108109
24 18 30 12 18.8653512 1158.1629668716314 61.391010143062246
26 19 33 12 14.4102757 1015.0176804185894 70.43707570553903
28 20 36 12 11.5589338 906.3425117782488 78.41056341876867
30 21 39 12 9.3122177 823.2743788266902 88.4079824322288
32 22 42 12 8.00132681 819.4746047223956 102.41733954651399
34 23 45 12 7.17409088 822.6845039589413 114.67439118347791
36 24 48 12 6.70928615 864.6394010088501 128.87204117964922
38 25 51 12 6.36739315 885.8081176040024 139.1162908802015
40 26 54 12 6.04264656 890.6436977726709 147.39298235120853
15 14 16 13 219.132073 2354.482408537225 10.744581458585596
17 15 19 13 93.3551315 2031.5120451881185 21.761118136158572
19 16 22 13 49.8810901 1605.8231211663249 32.193023808161016
21 17 25 13 31.1244374 1301.7901465820667 41.82533903671674
23 18 28 13 21.1027367 1087.1086140062826 51.515053685254124
25 19 31 13 16.4739199 1014.080725143114 61.55673520927549
27 20 34 13 13.434624 933.1148869251303 69.45597338080547
29 21 37 13 10.038033 785.1089623204022 78.21342710473279
31 22 40 13 8.36400721 743.9492933021365 88.94651506429494
33 23 43 13 7.58617623 793.2791209578879 104.56903410980843
35 24 46 13 6.55920746 758.2802382772484 115.60546649903469
37 25 49 13 6.62057396 858.8022377146115 129.71718810231545
39 26 52 13 6.16054394 860.5902309796497 139.6938710869173
41 27 55 13 5.83279681 842.9426793479646 144.51775139891504
16 15 17 14 271.400678 2738.7087313823486 10.091016542642345
18 16 20 14 89.7340889 1944.6688198217635 21.671461132111226
20 17 23 14 47.4782819 1476.1389000293666 31.090823866340596
22 18 26 14 28.0226911 1153.2589305610163 41.154467515113716
24 19 29 14 20.283798 1039.3421374140976 51.24001616532059
26 20 32 14 15.0949014 921.4327751763266 61.042649485363754
28 21 35 14 11.9507583 822.7530743737724 68.84526100521775
30 22 38 14 8.7857832 692.5857022083561 78.83027459730125
32 23 41 14 7.94136819 723.5128962834341 91.10683184221358
34 24 44 14 6.75030458 713.9070950626619 105.75924191300149
36 25 47 14 6.75937468 796.2114516966413 117.79365538834746
38 26 50 14 6.33543465 821.5692005377102 129.67842712065703
40 27 53 14 5.95980096 827.5840507174094 138.8610217475131
17 16 18 15 226.052377 2494.9990794042715 11.03726097692957
19 17 21 15 94.5973894 1959.0554083091952 20.709402455340857
21 18 24 15 43.3751183 1361.6677641621634 31.392831132916207
23 19 27 15 25.7500665 1073.2634046572387 41.68002458002346
25 20 30 15 19.7154808 1015.5284368213252 51.50918951067757
27 21 33 15 14.2125122 854.1820531257523 60.10070852398299
29 22 36 15 10.4787425 724.3053793672015 69.12140262700429
31 23 39 15 8.63189788 681.9827006274928 79.00727164620868
33 24 42 15 7.18703516 680.9666906139017 94.74931949740201
35 25 45 15 6.7199834 716.2110755956106 106.57929238271788
37 26 48 15 6.70845099 806.4213827342917 120.20977479546164
39 27 51 15 6.28932615 819.9481387872114 130.37138148531403
41 28 54 15 6.09319501 828.0754513977419 135.90168212878876
18 17 19 16 293.542409 3058.4058798250994 10.41895748639543
20 18 22 16 89.2195512 1844.6093759410192 20.674945694425542
22 19 25 16 47.6134344 1484.0260914545845 31.168221955746684
24 20 28 16 28.3995421 1181.0782921667274 41.587934340910635
26 21 31 16 19.327326 990.8213172542564 51.265307847255045
28 22 34 16 13.5069218 811.8139680467972 60.10355135444681
30 23 37 16 10.0228498 694.442525294563 69.28593555243769
32 24 40 16 7.84251287 630.5932603183238 80.40704182080913
34 25 43 16 7.1691803 693.4517196966198 96.72677916841062
36 26 46 16 6.96257361 751.0120902786458 107.86415086513475
38 27 49 16 6.64142781 803.7008502406514 121.01326299602607
40 28 52 16 6.29488251 817.0717266032308 129.79936087849728
42 29 55 16 6.04580109 800.9672938383624 132.48323620226188
19 18 20 17 299.115437 3186.791243517871 10.654051410652775
21 19 23 17 102.813545 2225.3906037442675 21.64491656954604
23 20 26 17 45.1176414 1438.60033295097 31.885539410111317
25 21 29 17 26.9840448 1126.9566072973555 41.76381323297223
27 22 32 17 17.2797355 892.9098518318028 51.673814789109635
29 23 35 17 13.3936109 809.0269658533209 60.403947217349796
31 24 38 17 8.73999276 609.5306690906981 69.74040892577331
33 25 41 17 7.7824734 652.6242089136307 83.858199748377
35 26 44 17 6.96796719 685.11602287521 98.32365799001558
37 27 47 17 7.10566119 780.824175596327 109.88761703065764
39 28 50 17 6.70448058 810.3409427472787 120.86558131954179
41 29 53 17 6.31529754 802.6621578984563 127.09807460607092
20 19 21 18 257.501283 2734.5287860341064 10.61947635435318
22 20 24 18 111.413433 2372.5905598321788 21.29537252327714
24 21 27 18 43.2173456 1364.9448603849205 31.58326457664074
26 22 30 18 25.60217 1066.7018585024773 41.664509629553955
28 23 33 18 16.7335459 855.6218653137335 51.13213125460357
30 24 36 18 11.1679459 670.7040255962784 60.05616714137901
32 25 39 18 8.44392332 594.7356736144757 70.43357111093184
34 26 42 18 7.31597367 636.8035494015829 87.04289792797778
36 27 45 18 7.40771468 734.6919603767782 99.17930051495696
38 28 48 18 7.23873821 803.0646846956894 110.93987120383642
40 29 51 18 6.76736306 810.2029774077478 119.72210892550336
42 30 54 18 6.47926193 801.3814334293087 123.68406187111944
21 20 22 19 296.346907 3234.6788858436635 10.915176806092543
23 21 25 19 90.988749 1895.5208894940213 20.832475556884745
25 22 28 19 38.1960718 1208.8895020114921 31.649576646033328
27 23 31 19 25.6002164 1059.4618038481658 41.384876881281585
29 24 34 19 15.2621415 773.4719895571246 50.679125832840995
31 25 37 19 9.99914615 593.1090900361434 59.31597369802854
33 26 40 19 7.9819295 577.786728166887 72.38684934098791
35 27 43 19 7.32769989 649.5531248401054 88.64352178594822
37 28 46 19 7.6770468 755.7533718507914 98.44324146243206
39 29 49 19 7.24513936 800.5057579724203 110.48866256347901
41 30 52 19 6.67731418 780.6384474425223 116.90904851844523
43 31 55 19 6.14994389 752.2934927934699 122.32526121363847
22 21 23 20 382.686253 3914.264189446644 10.228389859216197
24 22 26 20 84.8546388 1779.3318174261328 20.969175552322696
26 23 29 20 43.2097644 1340.9990860879864 31.034630822656982
28 24 32 20 20.5970997 850.9928268802624 41.31614835462793
30 25 35 20 14.6825168 735.3834916861161 50.0856564104947
32 26 38 20 9.06334466 544.4478193768937 60.071401872175265
34 27 41 20 7.58377293 569.1627201005725 75.05007406657316
36 28 44 20 7.93113812 705.6550235261437 88.97273163692473
38 29 47 20 7.67285763 755.0780425551756 98.40897341857438
40 30 50 20 7.01959498 762.198324393775 108.58152451322412
42 31 53 20 6.50918678 741.687101601871 113.94466416000908
23 22 24 21 252.531184 2710.2517876414367 10.732344990872244
25 23 27 21 93.4957687 1984.0017643987794 21.22023051936017
27 24 30 21 41.1113033 1267.0170662278285 30.819189967831267
29 25 33 21 20.4368936 834.2898527250387 40.822733095064834
31 26 36 21 13.483244 665.5260339904671 49.35948900653783
33 27 39 21 8.69891762 537.7614490356366 61.819351846630845
35 28 42 21 7.92068631 613.146696890255 77.41080417692429
37 29 45 21 8.3177402 732.0715659301407 88.01327624180192
39 30 48 21 7.71215429 764.7516353294984 99.16186924853372
41 31 51 21 6.90387178 733.360655238741 106.22454741457277
43 32 54 21 6.42254386 719.9699683273128 112.10043621676611
24 23 25 22 384.674422 3934.1111772913814 10.227119226792214
26 24 28 22 91.4884468 1884.5678973104239 20.59897138083695
28 25 31 22 40.1525438 1234.7506753742912 30.75149314386132
30 26 34 22 22.5256716 905.6827943751254 40.20669440884175
32 27 37 22 12.0801768 599.7853187568845 49.65037587503558
34 28 40 22 9.06571561 569.4326339034923 62.81165860479626
36 29 43 22 9.3283358 729.3373847865902 78.18515546863034
38 30 46 22 8.50332605 735.1521612260041 86.45465984760212
40 31 49 22 7.55059913 742.111986609733 98.28517894178458
42 32 52 22 6.91157318 711.4060761227317 102.92968874023146
44 33 55 22 6.61298878 729.7105326884238 110.34504321182649
25 24 26 23 271.098853 2850.9043394344253 10.516106239056736
27 25 29 23 80.9501223 1627.8412679263872 20.109188493794125
29 26 32 23 35.0450803 1084.837196347844 30.95547754666848
31 27 35 23 21.8708142 863.9035639011722 39.50029276464578
33 28 38 23 11.1660327 567.9165746398857 50.86108825741533
35 29 41 23 9.43397928 609.0550413795055 64.55971794115553
37 30 44 23 9.33363988 722.3998536036429 77.39744225096918
39 31 47 23 8.26334377 718.2371872964721 86.91846875644048
41 32 50 23 7.3203091 691.1246951877399 94.41195525305618
43 33 53 23 6.74196789 676.9375942399104 100.4065289667095
26 25 27 24 257.42412 2608.165069258764 10.131782015060454
28 26 30 24 83.3294047 1684.1596440543806 20.210868541754753
30 27 33 24 34.2698559 1042.9497008519695 30.4334428453774
32 28 36 24 20.0444841 784.5938137118193 39.14262945344746
34 29 39 24 11.8122794 608.0414335418075 51.47536838163576
36 30 42 24 10.7838072 717.9457434968607 66.5762777636511
38 31 45 24 9.28673431 708.6861613225753 76.31166539990906
40 32 48 24 8.17861342 705.4990406590844 86.26144854014684
42 33 51 24 7.45387954 673.3101679666735 90.33016489647665
44 34 54 24 7.18173727 711.796445617936 99.11201410712926
27 26 28 25 207.110741 2088.274883792592 10.082890311288066
29 27 31 25 76.1987376 1585.831968795912 20.811787947467412
31 28 34 25 37.599738 1103.4338588598935 29.346849673790107
33 29 37 25 18.0225706 721.0055391214621 40.00569924922153
35 30 40 25 11.9735646 627.5062518762443 52.407639064831564
37 31 43 25 10.9144352 734.2935767204634 67.27728583889191
39 32 46 25 9.18277458 685.9679294994521 74.701597379237
41 33 49 25 8.15600441 672.5467684614243 82.46032427800323
43 34 52 25 7.31461885 649.5315053790694 88.79909106666157
45 35 55 25 7.01762141 689.467751167368 98.24806880931013
28 27 29 26 213.21454 2155.3175562448646 10.108680000176651
30 28 32 26 66.8263076 1361.8706108268664 20.379258704200293
32 29 35 26 41.3877672 1198.8744219917228 28.966878454649343
34 30 38 26 17.1020297 695.4084814430907 40.66233620463721
36 31 41 26 13.196149 720.7740369905671 54.620028690989095
38 32 44 26 10.5271828 690.0356778393818 65.5479904689583
40 33 47 26 9.18673166 666.5352862554566 72.5541259855909
42 34 50 26 8.25599757 645.6976545415014 78.20952574983636
44 35 53 26 7.53152998 662.1013321194031 87.91060168088225
29 28 30 27 210.841735 2103.4845810994802 9.976604399975557
31 29 33 27 72.6820384 1384.196805454324 19.044551252628658
33 30 36 27 37.5706628 1102.8325413281939 29.353555650559187
35 31 39 27 16.6100962 690.8685167782556 41.59328810980972
37 32 42 27 13.1384728 725.702030575026 55.234884725340834
39 33 45 27 10.8803642 682.527259154025 62.73018500189773
41 34 48 27 9.53381645 665.8748876908371 69.84347676326799
43 35 51 27 8.03304379 615.4094073171219 76.60974138883934
45 36 54 27 7.13991012 620.4030845741039 86.8922821361936
30 29 31 28 232.33993 2341.123433802354 10.076285353974042
32 30 34 28 86.4725858 1641.1316105603116 18.978634620179378
34 31 37 28 29.4493669 899.131212203498 30.53142756028137
36 32 40 28 17.3249512 735.6687974196296 42.46296505698842
38 33 43 28 13.5583347 729.7876934515816 53.825761761994386
40 34 46 28 11.217449 673.8668323041508 60.07309079846503
42 35 49 28 9.43988566 632.9695978724568 67.05267634274045
44 36 52 28 7.5865963 580.7322557523563 76.5471408769116
46 37 55 28 6.67500552 575.980912130706 86.28920386731096
31 30 32 29 208.304126 1995.1890582204637 9.57825030417527
33 31 35 29 90.05605 1815.7648863467334 20.162608579287383
35 32 38 29 25.195363 783.7987306583576 31.10884850749551
37 33 41 29 18.4094706 778.6546414742387 42.29641679507279
39 34 44 29 14.2122946 738.7774701472246 51.981575877777296
41 35 47 29 11.3077051 650.9197737869576 57.56426861423523
43 36 50 29 8.16640179 533.4556041001499 65.32321306470398
45 37 53 29 7.12388646 547.9660338828487 76.91953499815448
32 31 33 30 225.275519 2201.9626933084674 9.774531662752343
34 32 36 30 62.1132023 1257.4911642197883 20.245151073458473
36 33 39 30 27.9033827 859.4352435323704 30.800396237706703
38 34 42 30 20.2080479 849.7164340255711 42.04841745379924
40 35 45 30 14.4992096 717.861752154664 49.510405874446015
42 36 48 30 10.2008561 567.2446053698704 55.60754899482118
44 37 51 30 7.95109589 523.5304578128764 65.84381135074908
46 38 54 30 7.15454844 550.1059305741371 76.88897981297855
33 32 34 31 217.471831 2152.6822476548655 9.898671647524159
35 33 37 31 52.4655855 1022.3758220532156 19.48659892594195
37 34 40 31 33.3756555 993.9084754139551 29.779444344215353
39 35 43 31 21.9230164 897.0748027388809 40.91931449446349
41 36 46 31 12.9413412 591.2477531936075 45.686744832414085
43 37 49 31 8.86188758 487.99110859356693 55.06627162534677
45 38 52 31 7.76459497 519.3379743173496 66.8853914884049
47 39 55 31 7.31945328 546.2446862215457 74.62916495609433
34 33 35 32 179.330206 1723.052422460916 9.60826656531536
36 34 38 32 64.2771133 1271.2670276332728 19.77791102254234
38 35 41 32 34.126687 1021.7138882190834 29.938853666606533
40 36 44 32 17.3699603 678.1720290074073 39.04280823298182
42 37 47 32 11.1954614 496.97221584520184 44.390507732463966
44 38 50 32 8.76697911 489.6037051669922 55.84634102852245
46 39 53 32 7.78693662 525.2027070091663 67.44663949880284
35 34 36 33 213.477923 2060.743750888629 9.65319374448209
37 35 39 33 67.1040901 1327.0229915174232 19.775590273854608
39 36 42 33 28.1602221 860.3954729399534 30.553575532344734
41 37 45 33 14.5508555 538.2033003585462 36.98774277282502
43 38 48 33 10.0414276 460.81668557156445 45.89155087585001
45 39 51 33 8.8461255 510.51794989876163 57.71090969699239
47 40 54 33 8.34367506 558.0880544360107 66.88755859052002
36 35 37 34 220.792119 2228.752422997222 10.094347719889502
38 36 40 34 47.8957581 928.0134215572103 19.3756912589136
40 37 43 34 21.6321502 658.5242539534852 30.44192314980714
42 38 46 34 13.0654116 460.7488183672148 35.26477637851186
44 39 49 34 10.5837787 503.578448496361 47.58021334066263
46 40 52 34 9.06020986 540.695296765781 59.678010236043356
48 41 55 34 8.3517056 557.5323134507855 66.75670098462109
37 36 38 35 115.55803 1126.7620179778141 9.750616361128811
39 37 41 35 36.1352271 730.6711066115931 20.22046532569303
41 38 44 35 17.8425132 511.61734140207125 28.674062654025178
43 39 47 35 12.3404201 443.758840338214 35.95978392487741
45 40 50 35 10.7730168 530.2364982652834 49.21894285594017
47 41 53 35 9.70454475 585.9371876349863 60.37760685631197
38 37 39 36 122.494991 1210.9924736574355 9.886057085039791
40 38 42 36 29.8344326 630.1578310910843 21.121830588830584
42 39 45 36 18.4253497 494.07286021773797 26.814843042991903
44 40 48 36 14.8007887 573.3721114530849 38.73929444402412
46 41 51 36 11.9690644 626.3081809055794 52.3272463055324
48 42 54 36 10.7116442 646.7640524921882 60.37953094933718
39 38 40 37 58.2727498 588.0301979087478 10.09099793517463
41 39 43 37 28.6914202 562.5587465094366 19.607211584090095
43 40 46 37 17.5064297 464.0981104046133 26.51015189034308
45 41 49 37 14.8688123 624.3632719288344 41.99146907845722
47 42 52 37 12.6945733 676.7549404763778 53.31057015334086
49 43 55 37 11.6095103 693.965007622482 59.77556242165373
40 39 41 38 45.4252586 462.420430627398 10.179808434318918
42 40 44 38 27.094937 486.5984562259562 17.959017813031128
44 41 47 38 19.1456192 560.1073244290516 29.255116722944727
46 42 50 38 14.7811598 654.2046699298351 44.25935980543523
48 43 53 38 13.322392 682.7870488346947 51.25108530320191
41 40 42 39 52.1811283 511.46024310738125 9.801632501445571
43 41 45 39 24.1920781 446.6842023588095 18.46406912677789
45 42 48 39 19.7143816 659.4843037647084 33.45193966239897
47 43 51 39 17.2701365 744.045442216078 43.0827771521133
49 44 54 39 14.0571142 694.2329514249617 49.38659112728569
42 41 43 40 56.5237625 544.3212478507128 9.629954266592087
44 42 46 40 27.6690002 555.3736998847121 20.072055219570675
46 43 49 40 21.7119686 750.9189901210268 34.58548618760562
48 44 52 40 16.2316926 651.367967950986 40.12939278747714
50 45 55 40 15.0168138 719.7058959578419 47.92667109968707
43 42 44 41 40.9714545 395.33910447111236 9.649135216107897
45 43 47 41 32.909685 699.6809552276287 21.26063969398761
47 44 50 41 21.1199032 643.6391200637482 30.475476803499188
49 45 53 41 17.3996695 649.524816363067 37.3297214848286
44 43 45 42 62.509954 596.3539478207529 9.540143763675667
46 44 48 42 29.477238 616.9250924896854 20.928863568889508
48 45 51 42 21.5637828 577.3963923784452 26.776210729522152
50 46 54 42 20.092574 717.5386974848906 35.71163642273462
45 44 46 43 53.9172236 508.0544372036315 9.422859770613847
47 45 49 43 29.9176116 563.8445612783411 18.846576685898984
49 46 52 43 23.3296739 608.5076521521196 26.08299004780001
51 47 55 43 18.7282832 672.8229754106135 35.92550199212138
46 45 47 44 59.3198805 583.0356129674908 9.828671400770789
48 46 50 44 30.8791173 525.9351787813532 17.032066482721422
50 47 53 44 27.7022072 773.9387899131121 27.937802368076728
47 46 48 45 69.8531436 656.5921861087847 9.399608267719891
49 47 51 45 39.202577 713.6729462407317 18.204745729872087
51 48 54 45 27.6536846 818.5906803353289 29.601504905256963
48 47 49 46 66.4595174 628.9089689993276 9.463038457142448
50 48 52 46 48.2999186 1013.9320266973378 20.992416883645387
52 49 55 46 27.3626336 804.6895571405628 29.408337256709192
49 48 50 47 87.9381514 843.3588038460305 9.590363117935983
51 49 53 47 45.0930413 913.1007447127924 20.249260604047844
50 49 51 48 133.384573 1323.1547918708643 9.91984876595035
52 50 54 48 44.1133289 797.7810877785704 18.084808099317357
51 50 52 49 110.208075 1028.9038166269568 9.336011146433297
53 51 55 49 50.7173917 920.4146906624242 18.14791060444901
52 51 53 50 158.938329 1473.3001753710803 9.269634232602762
53 52 54 51 146.540148 1409.8084275495905 9.620629204971122
54 53 55 52 122.888538 1157.8088180061147 9.42161764513884
