72
# x y z
15.13128706574	1614.424440678	0
15.971914125263	1614.2407326211	0
17.092750204309	1614.0002649936	0
17.933377262895	1613.8816673512	0
19.054213341941	1613.6658488805	0
19.894840401464	1613.473237735	0
21.01567648051	1613.2046212153	0
22.136512559555	1613.018538412	0
22.977139618163	1612.7809502319	0
24.097975697208	1612.4770310531	0
24.938602756711	1612.2947926553	0
26.059438835756	1612.0351049554	0
26.900065894364	1611.8255599363	0
28.020901973409	1611.4934896831	0
28.861529032912	1611.2639199077	0
29.982365111957	1610.9353876103	0
31.103201191003	1610.6333155699	0
31.94382824961	1610.4094587054	0
33.064664328656	1610.0226677412	0
33.905291388159	1609.688241423	0
35.026127467204	1609.2696134851	0
35.866754526728	1609.0161434497	0
36.987590604857	1608.6468352246	0
38.108426683902	1608.2836399232	0
38.949053743405	1607.9798123709	0
40.069889822451	1607.5544042404	0
40.910516881974	1607.2462981765	0
42.031352960103	1606.7414046671	0
42.871980019606	1606.3975394769	0
43.992816098652	1605.8989348828	0
45.113652177718	1605.5162921974	0
45.954279237221	1605.2304592481	0
47.07511531535	1605.1629621763	0
47.915742374874	1605.5184226522	0
49.036578453919	1606.2666961304	0
49.877205513422	1606.6967422979	0
50.998041592467	1607.2681241166	0
52.118877670596	1608.0400837319	0
52.95950473012	1608.510125073	0
54.080340809166	1609.1565307201	0
54.920967868668	1609.5600552876	0
56.041803947714	1610.2196863717	0
56.882431006321	1610.6729638265	0
58.003267085367	1611.3326034325	0
59.124103164412	1612.029469608	0
59.964730223915	1612.5117858209	0
61.08556630296	1613.133611877	0
61.926193361568	1613.5910455583	0
63.047029440613	1614.1670092741	0
63.887656500116	1614.5567602041	0
65.008492579161	1615.2048893981	0
66.129328658207	1615.8024262998	0
66.969955716814	1616.2601178568	0
68.09079179586	1616.7642402896	0
68.931418855383	1617.1605709123	0
70.052254934429	1617.6521346002	0
70.892881993015	1617.9858954044	0
72.013718072061	1618.4967446451	0
73.134554151106	1618.9387234082	0
73.97518121063	1619.3744247949	0
75.096017289675	1619.7835033011	0
75.936644348262	1620.1095641724	0
77.057480427307	1620.5432033136	0
77.898107486831	1620.8259708605	0
79.018943565876	1621.1779394979	0
80.139779644922	1621.5621281741	0
80.980406703508	1621.88129973	0
82.101242782554	1622.2560208088	0
82.941869842078	1622.5925525767	0
84.062705921123	1622.9529934133	0
84.903332980626	1623.1677962686	0
86.024169058755	1623.5128812752	0
1065
# g s err t valid 
2	1	1.15168287788039e-04	2.20234646201079e-03	1
3	1	2.55028768280316e-04	4.89455695735342e-03	1
4	1	3.58623450143756e-04	6.88673343470583e-03	1
5	1	4.97810165163923e-04	9.35998317281778e-03	1
6	1	6.02960705603784e-04	1.24214373064784e-02	1
7	1	7.43381441285764e-04	1.36494076926375e-02	1
8	1	8.24342587316213e-04	1.63941343910087e-02	1
9	1	8.54229743919931e-04	1.67732517519664e-02	1
10	1	9.01802662866880e-04	1.82589762349998e-02	1
11	1	9.44452201473577e-04	2.09459629015214e-02	1
12	1	9.77059437452250e-04	2.05343520907126e-02	1
13	1	1.01437449648797e-03	2.03930528536750e-02	1
14	1	1.03418162424186e-03	1.98366328560106e-02	1
15	1	1.06359552978242e-03	2.09170616108639e-02	1
16	1	1.08751307520371e-03	2.19998617802608e-02	1
17	1	1.12342988156273e-03	2.21452887979724e-02	1
18	1	1.14488920997040e-03	2.31984631826354e-02	1
19	1	1.17497348926997e-03	2.24720717024873e-02	1
20	1	1.19154141923847e-03	2.38599396226343e-02	1
21	1	1.22027439866885e-03	2.49340280664152e-02	1
22	1	1.24569650046473e-03	2.29500194839143e-02	1
23	1	1.27295055307770e-03	2.49417645796038e-02	1
24	1	1.30380784234676e-03	2.67128235919095e-02	1
25	1	1.32664357146342e-03	2.49028994984131e-02	1
26	1	1.35419468097124e-03	2.86123329762293e-02	1
27	1	1.36638297472938e-03	2.84648805618476e-02	1
28	1	1.39634325093153e-03	2.75663702427133e-02	1
29	1	1.41296652933673e-03	2.77394571340932e-02	1
30	1	1.43753317610724e-03	3.01263205677201e-02	1
31	1	1.46389893605726e-03	3.07270088342713e-02	1
32	1	1.46931119415571e-03	2.67687056637929e-02	1
33	1	1.49395255301801e-03	2.79162100937332e-02	1
34	1	1.52834685449984e-03	3.44995838319502e-02	1
35	1	1.57957353301537e-03	3.00257560315845e-02	1
36	1	1.60991836637857e-03	3.30495860327157e-02	1
37	1	1.65213861482899e-03	3.23153892848568e-02	1
38	1	1.69209379971073e-03	3.47553727591016e-02	1
39	1	1.72195235159904e-03	3.28185521699935e-02	1
40	1	1.76514350371780e-03	3.58046071811869e-02	1
41	1	1.79722360051623e-03	3.47394671428052e-02	1
42	1	1.83554948551192e-03	3.34294863662534e-02	1
43	1	1.86828382372404e-03	4.10869136201804e-02	1
44	1	1.91454233285296e-03	3.70917310139174e-02	1
45	1	1.95846215801561e-03	4.24413405999485e-02	1
46	1	1.99312586257059e-03	4.40876128098602e-02	1
47	1	2.02879255308996e-03	3.93231020395834e-02	1
48	1	2.05017637766210e-03	3.97534771825242e-02	1
49	1	2.09146300115597e-03	4.56534540818766e-02	1
50	1	2.11758942700363e-03	4.23233938164490e-02	1
51	1	2.15572028908254e-03	4.78545546022207e-02	1
52	1	2.18907781987534e-03	4.03345167537488e-02	1
53	1	2.22422993004014e-03	4.63670263932277e-02	1
54	1	2.24899394838500e-03	4.30003591219600e-02	1
55	1	2.28109253581303e-03	4.78868567473594e-02	1
56	1	2.31760479340489e-03	4.69213943736270e-02	1
57	1	2.34719273024095e-03	4.76571928938587e-02	1
58	1	2.38031069321792e-03	5.04524942369314e-02	1
59	1	2.41456909330483e-03	4.35235140047980e-02	1
60	1	2.44031505086232e-03	5.02969081688833e-02	1
61	1	2.46714430623921e-03	5.04540563299940e-02	1
62	1	2.48384292624964e-03	5.06204356875079e-02	1
63	1	2.52070667431995e-03	4.82387021399246e-02	1
64	1	2.53803842394098e-03	4.98276538540527e-02	1
65	1	2.55573028184432e-03	4.73155171071422e-02	1
66	1	2.57425711012780e-03	5.18009859454112e-02	1
67	1	2.58228937354974e-03	5.00708217378633e-02	1
68	1	2.60561851484262e-03	5.43426560351963e-02	1
69	1	2.62220874828813e-03	5.14838386950333e-02	1
70	1	2.63770872491480e-03	5.07131668405726e-02	1
71	1	2.65630204931323e-03	5.71670319397676e-02	1
72	1	2.66883560969356e-03	5.18378071909292e-02	1
1	6	6.02960705603784e-04	1.13204214628769e-02	1
2	6	4.97792417815746e-04	1.01370021271439e-02	1
3	6	3.57931937323468e-04	6.68862176246278e-03	1
4	6	2.54337255460028e-04	4.98151909651709e-03	1
5	6	1.15150540439861e-04	1.89913672669076e-03	1
7	6	1.50483037040901e-04	2.67353264011523e-03	1
8	6	2.89030696981423e-04	5.61731540791914e-03	1
9	6	3.95809767461425e-04	7.92869604774971e-03	1
10	6	5.37169177087719e-04	9.78461009099014e-03	1
11	6	6.41571488270907e-04	1.31406352054418e-02	1
12	6	7.09067803860900e-04	1.43711173286363e-02	1
13	6	7.46382862896619e-04	1.40282424344306e-02	1
14	6	7.90703435780584e-04	1.58030651941171e-02	1
15	6	8.33793767414829e-04	1.58350915629311e-02	1
16	6	8.65475086738660e-04	1.68006315688811e-02	1
17	6	9.01391893097678e-04	1.80031065924599e-02	1
18	6	9.22983762211891e-04	1.95077937884979e-02	1
19	6	9.54469668668549e-04	1.94128615260591e-02	1
20	6	9.72592400941516e-04	1.89718872355853e-02	1
21	6	1.00399148727641e-03	1.85786814038649e-02	1
22	6	1.03472782610294e-03	1.99022987032389e-02	1
23	6	1.06310858957069e-03	2.16399151275141e-02	1
24	6	1.09701287803162e-03	2.22647043103838e-02	1
25	6	1.12065758733636e-03	2.25180132815561e-02	1
26	6	1.14943204328083e-03	2.29585086619333e-02	1
27	6	1.16162033703897e-03	2.29272955154208e-02	1
28	6	1.19745242940774e-03	2.40028147248037e-02	1
29	6	1.21541614783175e-03	2.51561654736198e-02	1
30	6	1.24469175023847e-03	2.30018202242535e-02	1
31	6	1.28061379346239e-03	2.37953404280524e-02	1
32	6	1.30272944292701e-03	2.80766498665256e-02	1
33	6	1.34909850803783e-03	2.67137087453576e-02	1
34	6	1.39240920320176e-03	2.87912252725970e-02	1
35	6	1.44690732903779e-03	3.15000888218180e-02	1
36	6	1.47725216240099e-03	2.78352303858409e-02	1
37	6	1.52223079662885e-03	2.92560377942095e-02	1
38	6	1.56218598151059e-03	3.15623034889154e-02	1
39	6	1.59211474820994e-03	3.09600135252464e-02	1
40	6	1.63530590032869e-03	3.32826892540861e-02	1
41	6	1.66738599712712e-03	3.56430944443580e-02	1
42	6	1.70571188212281e-03	3.19127917588812e-02	1
43	6	1.73844622033493e-03	3.48580358980816e-02	1
44	6	1.78470472946386e-03	4.08086375660390e-02	1
45	6	1.82862455462650e-03	3.43672504763629e-02	1
46	6	1.86328825918149e-03	3.62750397643507e-02	1
47	6	1.89895494970085e-03	3.92862387560273e-02	1
48	6	1.92033877427299e-03	3.96168428678488e-02	1
49	6	1.96162539776687e-03	3.82174078434063e-02	1
50	6	1.98775182361453e-03	4.01813052819032e-02	1
51	6	2.02588268569344e-03	4.01143778671052e-02	1
52	6	2.05924021648623e-03	3.66390296787371e-02	1
53	6	2.09439232665103e-03	3.93587395371311e-02	1
54	6	2.11915634499589e-03	3.91665595969070e-02	1
55	6	2.15125493242392e-03	4.95065659732525e-02	1
56	6	2.18776719001578e-03	4.44896217681486e-02	1
57	6	2.21735512685184e-03	4.54197627911115e-02	1
58	6	2.25047308982881e-03	4.14768909584397e-02	1
59	6	2.28473148991572e-03	4.57975182081080e-02	1
60	6	2.31047744747322e-03	4.64453865249101e-02	1
61	6	2.33730670285010e-03	4.28809878088413e-02	1
62	6	2.35400532286053e-03	4.44362126780565e-02	1
63	6	2.39086907093084e-03	4.66302291886524e-02	1
64	6	2.40820082055188e-03	4.39308392945855e-02	1
65	6	2.42594921338936e-03	4.92253608918591e-02	1
66	6	2.44482591569742e-03	5.14068826216106e-02	1
67	6	2.45285817911937e-03	4.70814374158673e-02	1
68	6	2.47807137416746e-03	5.14268450347375e-02	1
69	6	2.49481178724278e-03	5.03243241278956e-02	1
70	6	2.51031176386945e-03	5.04158412100381e-02	1
71	6	2.52890508826788e-03	5.08942570703831e-02	1
72	6	2.54299885603372e-03	4.92194906679297e-02	1
1	11	9.44452201473577e-04	1.90009743033482e-02	1
2	11	9.00014133864940e-04	1.92717562653416e-02	1
3	11	8.27295312826327e-04	1.61169979805981e-02	1
4	11	7.79134250769837e-04	1.47716571228022e-02	1
5	11	7.08031489669154e-04	1.43781339930416e-02	1
6	11	6.41571488270907e-04	1.31465149732893e-02	1
7	11	5.01088451230006e-04	1.03791556942914e-02	1
8	11	3.62540791289485e-04	7.34012718299578e-03	1
9	11	2.55761720809482e-04	4.83954540486266e-03	1
10	11	1.14402311183189e-04	1.99022783280633e-03	1
12	11	1.49805593407543e-04	3.01335835014291e-03	1
13	11	2.54968065145938e-04	5.24628656333639e-03	1
14	11	3.96775609362237e-04	7.70948381882646e-03	1
15	11	5.02255305056567e-04	1.01673961229169e-02	1
16	11	5.82635572000694e-04	1.15710615852489e-02	1
17	11	6.41968466656248e-04	1.27364073757781e-02	1
18	11	6.74743577935674e-04	1.43980460247918e-02	1
19	11	7.14930656417232e-04	1.44508569579551e-02	1
20	11	7.33053388690199e-04	1.37387834698470e-02	1
21	11	7.64452475025089e-04	1.43129210226514e-02	1
22	11	7.95263329304450e-04	1.49005883664955e-02	1
23	11	8.25223171249784e-04	1.52766881883371e-02	1
24	11	8.62434992414221e-04	1.77054721322118e-02	1
25	11	8.87121460120806e-04	1.66486441730255e-02	1
26	11	9.20534845588602e-04	1.89713438493672e-02	1
27	11	9.35326365673865e-04	1.88398569597608e-02	1
28	11	9.72150911822702e-04	1.69430957058945e-02	1
29	11	9.90114630246717e-04	1.79883118410631e-02	1
30	11	1.02076432348287e-03	2.11242199359638e-02	1
31	11	1.05833207377416e-03	1.94472941729354e-02	1
32	11	1.08209201690108e-03	2.23463743186970e-02	1
33	11	1.13254319845375e-03	2.16009937761368e-02	1
34	11	1.17885872276078e-03	2.14405127185805e-02	1
35	11	1.23958991753677e-03	2.34105461708747e-02	1
36	11	1.27521105498115e-03	2.36171795643190e-02	1
37	11	1.33967277670378e-03	2.64464813529964e-02	1
38	11	1.38991287558692e-03	3.07019294345476e-02	1
39	11	1.43232438794642e-03	2.80349957671720e-02	1
40	11	1.48489711600265e-03	3.02916078102726e-02	1
41	11	1.51697721280108e-03	3.01936507962565e-02	1
42	11	1.55530309779677e-03	3.26299806420415e-02	1
43	11	1.58803743600889e-03	3.21929204335225e-02	1
44	11	1.63429594513782e-03	3.25401985703597e-02	1
45	11	1.68068241748852e-03	3.13205294472461e-02	1
46	11	1.71545685305975e-03	3.24321510487659e-02	1
47	11	1.75112354357911e-03	3.17557976160615e-02	1
48	11	1.77250736815126e-03	3.47858365103344e-02	1
49	11	1.81379399164513e-03	3.46471086201670e-02	1
50	11	1.83992041749279e-03	3.90913363167962e-02	1
51	11	1.87805127957170e-03	3.69616599014476e-02	1
52	11	1.91140881036449e-03	4.06261881896198e-02	1
53	11	1.94656092052929e-03	3.71355979795193e-02	1
54	11	1.97132493887416e-03	3.79397550964494e-02	1
55	11	2.00342352630218e-03	4.39009040410354e-02	1
56	11	2.03993578389405e-03	4.31838001540788e-02	1
57	11	2.06952372073011e-03	4.10030353507796e-02	1
58	11	2.10265819198128e-03	4.27639681030665e-02	1
59	11	2.13735852920014e-03	4.07946149080639e-02	1
60	11	2.16361008347954e-03	4.65102667569193e-02	1
61	11	2.19048219088990e-03	4.73600348213935e-02	1
62	11	2.20718081090033e-03	4.40027784496665e-02	1
63	11	2.24404455897064e-03	4.12338211882310e-02	1
64	11	2.26137630859167e-03	4.46475847689123e-02	1
65	11	2.27912470142915e-03	4.67180589131545e-02	1
66	11	2.29820882114543e-03	4.36040825218350e-02	1
67	11	2.30624108456738e-03	4.46475518092775e-02	1
68	11	2.33145427961548e-03	4.59318375237918e-02	1
69	11	2.34922356519899e-03	4.51399645571217e-02	1
70	11	2.36512988273887e-03	4.90124114104792e-02	1
71	11	2.38372320713731e-03	4.82507532752707e-02	1
72	11	2.39783255887416e-03	4.98783130393289e-02	1
1	16	1.08751307520371e-03	2.10075636483244e-02	1
2	16	1.04545572289196e-03	2.04747279531089e-02	1
3	16	9.92798603913816e-04	1.92498957135299e-02	1
4	16	9.52690693289238e-04	1.84162947662858e-02	1
5	16	9.08159780742485e-04	1.72371091733322e-02	1
6	16	8.65475086738660e-04	1.72447649582422e-02	1
7	16	8.08400721501157e-04	1.49930476552959e-02	1
8	16	7.55738533410000e-04	1.47495431098962e-02	1
9	16	7.08038375291590e-04	1.38932107435497e-02	1
10	16	6.40170254551670e-04	1.23950783325228e-02	1
11	16	5.82635572000694e-04	1.19636402586424e-02	1
12	16	5.03817020747706e-04	9.60973422478673e-03	1
13	16	3.98654549009312e-04	7.91348684271643e-03	1
14	16	2.56847004793012e-04	4.68822834311307e-03	1
15	16	1.51367309098682e-04	2.91650736727950e-03	1
17	16	1.50366861227346e-04	2.79277516249105e-03	1
18	16	2.55371449555796e-04	4.81768916507023e-03	1
19	16	3.97699398736673e-04	8.00616325876777e-03	1
20	16	4.64053711992870e-04	8.66162768963125e-03	1
21	16	5.15170939858970e-04	1.00545078413068e-02	1
22	16	5.55919245709169e-04	1.09878694529033e-02	1
23	16	5.86237869211340e-04	1.07149884567080e-02	1
24	16	6.23449690375777e-04	1.17013057851883e-02	1
25	16	6.48184442714938e-04	1.26688301941053e-02	1
26	16	6.83184559319449e-04	1.41199060120989e-02	1
27	16	6.98904263828188e-04	1.25874398966629e-02	1
28	16	7.41002523621350e-04	1.39518415953431e-02	1
29	16	7.60960181539943e-04	1.48402199753157e-02	1
30	16	7.96819095829390e-04	1.59396434367581e-02	1
31	16	8.37273288776520e-04	1.63020623449277e-02	1
32	16	8.62426769176287e-04	1.69653774142978e-02	1
33	16	9.13369493675062e-04	1.88319863463499e-02	1
34	16	9.59848714865436e-04	1.83190951755639e-02	1
35	16	1.02057990964142e-03	1.95368465676672e-02	1
36	16	1.05620104708580e-03	2.15522119760748e-02	1
37	16	1.12066276880844e-03	2.21042142395771e-02	1
38	16	1.17090286769158e-03	2.13499018313250e-02	1
39	16	1.21331438005107e-03	2.51293084475945e-02	1
40	16	1.27045902849626e-03	2.52296373159651e-02	1
41	16	1.31646267116258e-03	2.49124837026488e-02	1
42	16	1.37059298194061e-03	2.72189998817759e-02	1
43	16	1.41403484761439e-03	2.73234433028028e-02	1
44	16	1.46558823133173e-03	2.86868793396581e-02	1
45	16	1.51306020134151e-03	2.93769354979518e-02	1
46	16	1.55196927339504e-03	3.15468752238365e-02	1
47	16	1.59226967256169e-03	3.19723539919666e-02	1
48	16	1.61852420292263e-03	3.15447073575903e-02	1
49	16	1.66065511240130e-03	3.16969720369569e-02	1
50	16	1.68678153824896e-03	3.30281736094432e-02	1
51	16	1.72889113508228e-03	3.41065500462750e-02	1
52	16	1.76227057392366e-03	3.41405136381465e-02	1
53	16	1.79742268408846e-03	3.59023588427001e-02	1
54	16	1.82218670243332e-03	3.63056716630763e-02	1
55	16	1.85428528986135e-03	3.66052486554291e-02	1
56	16	1.89079754745321e-03	3.56659057712168e-02	1
57	16	1.92038548428927e-03	3.49923734258951e-02	1
58	16	1.95495994656360e-03	3.98609041173324e-02	1
59	16	1.99246942768332e-03	3.45117666702379e-02	1
60	16	2.01872098196272e-03	3.89455588220977e-02	1
61	16	2.04669156234512e-03	4.12234778813125e-02	1
62	16	2.06470939004541e-03	4.04320496158191e-02	1
63	16	2.10157313811572e-03	4.05222090183714e-02	1
64	16	2.11890488773676e-03	4.08695537549215e-02	1
65	16	2.13665328057424e-03	4.30176172825169e-02	1
66	16	2.15584312826868e-03	3.87001522217291e-02	1
67	16	2.16387539169062e-03	4.18803201057920e-02	1
68	16	2.18908858673872e-03	4.60636487529968e-02	1
69	16	2.20750825622423e-03	4.71522640825491e-02	1
70	16	2.22350250477613e-03	4.67071679573220e-02	1
71	16	2.24209582917456e-03	4.71644340184856e-02	1
72	16	2.25845841006759e-03	4.56137013450997e-02	1
1	21	1.22027439866885e-03	2.43047781874572e-02	1
2	21	1.18034683110064e-03	2.28458586842358e-02	1
3	21	1.12910361479185e-03	2.26810003571188e-02	1
4	21	1.09062320615433e-03	2.21917441557765e-02	1
5	21	1.04667618128023e-03	2.06692927967314e-02	1
6	21	1.00399148727641e-03	1.87142672154427e-02	1
7	21	9.46917122038904e-04	1.94674382607262e-02	1
8	21	8.98362350586886e-04	1.68809260899033e-02	1
9	21	8.57692267624393e-04	1.80690769946797e-02	1
10	21	8.08800898330614e-04	1.68573349284143e-02	1
11	21	7.64452475025089e-04	1.68040756939404e-02	1
12	21	7.13480274584648e-04	1.31950878242422e-02	1
13	21	6.69851582741557e-04	1.34476520566727e-02	1
14	21	6.24656034864224e-04	1.26074272052289e-02	1
15	21	5.75342820327465e-04	1.13827597477461e-02	1
16	21	5.15170939858970e-04	1.00124968096835e-02	1
17	21	4.44316403745408e-04	9.15478703956639e-03	1
18	21	3.98324235296110e-04	7.97444007931527e-03	1
19	21	2.61905617444918e-04	5.17148988350441e-03	1
20	21	1.53361073443820e-04	2.80669547584567e-03	1
22	21	1.14796409371160e-04	2.17531583180876e-03	1
23	21	2.55502998401144e-04	4.57869364307747e-03	1
24	21	3.64161610165486e-04	7.08087235466211e-03	1
25	21	3.98398655629794e-04	7.98976814238150e-03	1
26	21	4.45868322531197e-04	8.62931319008308e-03	1
27	21	4.61588027039937e-04	9.60267137972450e-03	1
28	21	5.03686286833099e-04	9.71912366961480e-03	1
29	21	5.23643944751692e-04	1.10975862393041e-02	1
30	21	5.59717381949016e-04	1.06504160083487e-02	1
31	21	6.02453201472050e-04	1.16778470521555e-02	1
32	21	6.30324989734294e-04	1.26168675010744e-02	1
33	21	6.82258354953450e-04	1.29317809750501e-02	1
34	21	7.28737576143824e-04	1.42989433885836e-02	1
35	21	7.89468770919812e-04	1.67980139206930e-02	1
36	21	8.25089908364190e-04	1.74596250695491e-02	1
37	21	8.89551630086827e-04	1.76220539127920e-02	1
38	21	9.39791728969964e-04	1.95482614649810e-02	1
39	21	9.82203241329463e-04	2.12864427236952e-02	1
40	21	1.03934788977465e-03	2.06323698266760e-02	1
41	21	1.08535153244097e-03	1.97936374715981e-02	1
42	21	1.13948184321900e-03	2.19910918275432e-02	1
43	21	1.18292370889278e-03	2.47656580775545e-02	1
44	21	1.24214950016374e-03	2.55639669932089e-02	1
45	21	1.30124705222589e-03	2.54207541047372e-02	1
46	21	1.34839334659956e-03	2.55354062767261e-02	1
47	21	1.39785246827178e-03	2.77842203872324e-02	1
48	21	1.43393752223650e-03	2.88262813808782e-02	1
49	21	1.48547653693588e-03	3.02644156088353e-02	1
50	21	1.51160296278354e-03	2.98631195556510e-02	1
51	21	1.55371255961686e-03	2.85173414870433e-02	1
52	21	1.58981965792573e-03	3.11576421232964e-02	1
53	21	1.62541708441156e-03	3.17832913212452e-02	1
54	21	1.65018110275642e-03	3.23174648103234e-02	1
55	21	1.68310644739383e-03	3.27196351134917e-02	1
56	21	1.71961870498569e-03	3.45472353351879e-02	1
57	21	1.74920664182175e-03	3.70595136793170e-02	1
58	21	1.78378110409608e-03	3.37840079592866e-02	1
59	21	1.82371959010433e-03	3.33422266892168e-02	1
60	21	1.85029822800602e-03	3.66158576336797e-02	1
61	21	1.87832743450370e-03	3.72405513616692e-02	1
62	21	1.89634526220400e-03	3.92954554183866e-02	1
63	21	1.93320901027431e-03	3.85584764184512e-02	1
64	21	1.95054075989534e-03	3.83610132533145e-02	1
65	21	1.96828915273282e-03	4.17603542711238e-02	1
66	21	1.98747900042726e-03	3.53827413323645e-02	1
67	21	1.99551126384921e-03	3.93920146443355e-02	1
68	21	2.02072445889730e-03	4.17943110768573e-02	1
69	21	2.03914412838282e-03	4.28330822967011e-02	1
70	21	2.05513837693472e-03	4.22452100021784e-02	1
71	21	2.07373170133315e-03	4.35728360305078e-02	1
72	21	2.09016842227195e-03	4.55216597651865e-02	1
1	26	1.35419468097124e-03	2.54956128299871e-02	1
2	26	1.31658410272615e-03	2.78147985918084e-02	1
3	26	1.26726706643854e-03	2.57353018019069e-02	1
4	26	1.23101706287763e-03	2.29086829243299e-02	1
5	26	1.18860590870329e-03	2.39822625045877e-02	1
6	26	1.14943204328083e-03	2.35030195991533e-02	1
7	26	1.09458147809476e-03	2.11701521635956e-02	1
8	26	1.04905347670366e-03	2.03138417295326e-02	1
9	26	1.01131654546429e-03	2.06010021835591e-02	1
10	26	9.64883268894128e-04	1.95140705735207e-02	1
11	26	9.20534845588602e-04	1.79507571413044e-02	1
12	26	8.71197660917452e-04	1.41939988309427e-02	1
13	26	8.27568969074362e-04	1.60134656722027e-02	1
14	26	7.82373421197028e-04	1.63111515891984e-02	1
15	26	7.33060206660270e-04	1.39417077668508e-02	1
16	26	6.83184559319450e-04	1.30334975299626e-02	1
17	26	6.27208464329567e-04	1.27551644859907e-02	1
18	26	5.92898251581661e-04	1.18203924352323e-02	1
19	26	5.41942701834069e-04	1.07397033170151e-02	1
20	26	4.96748967921028e-04	9.74274983971552e-03	1
21	26	4.45868322531198e-04	8.90028906431846e-03	1
22	26	3.93257267366637e-04	7.68987027828244e-03	1
23	26	3.37822669938149e-04	6.27984560584840e-03	1
24	26	2.60130792987063e-04	5.05358934716849e-03	1
25	26	1.53584358399198e-04	2.92117292924342e-03	1
27	26	1.17141373329502e-04	2.13911199109240e-03	1
28	26	2.32355359119013e-04	4.21686378045290e-03	1
29	26	2.66145887511687e-04	5.64457930163597e-03	1
30	26	3.06526577208472e-04	5.65487922410826e-03	1
31	26	3.49262396731506e-04	6.71575257158787e-03	1
32	26	3.77134184993751e-04	7.38028045383871e-03	1
33	26	4.29067550212906e-04	8.83166417955462e-03	1
34	26	4.75546771403281e-04	1.00825325328977e-02	1
35	26	5.36277966179268e-04	1.07773167410519e-02	1
36	26	5.71899103623647e-04	1.20833496728564e-02	1
37	26	6.36360825346283e-04	1.15635696169998e-02	1
38	26	6.86600924229421e-04	1.34554093345925e-02	1
39	26	7.29012436588920e-04	1.41759555004195e-02	1
40	26	7.86157085034102e-04	1.48793485534372e-02	1
41	26	8.32160727700430e-04	1.63319657792015e-02	1
42	26	8.86291038478458e-04	1.72730792129752e-02	1
43	26	9.29732904152234e-04	1.83979106177827e-02	1
44	26	9.88958695423196e-04	1.99251070565780e-02	1
45	26	1.04805624748535e-03	2.14138781427670e-02	1
46	26	1.09520254185902e-03	2.05266759962176e-02	1
47	26	1.14466166353123e-03	2.28736471840729e-02	1
48	26	1.18074671749596e-03	2.28806605549870e-02	1
49	26	1.23751044141811e-03	2.51671795050320e-02	1
50	26	1.27237635189751e-03	2.75731149653697e-02	1
51	26	1.33117123507562e-03	2.68088221177853e-02	1
52	26	1.38182659700146e-03	2.67191314435108e-02	1
53	26	1.42335134960425e-03	3.02214523293436e-02	1
54	26	1.46751962766435e-03	2.78796860015415e-02	1
55	26	1.50790057806815e-03	2.83183614101723e-02	1
56	26	1.54491029240505e-03	3.03673413640927e-02	1
57	26	1.57449822924110e-03	2.89529649662848e-02	1
58	26	1.60938075172120e-03	3.17658813491023e-02	1
59	26	1.64963397768622e-03	3.16207718461962e-02	1
60	26	1.67621261558792e-03	3.67627860249884e-02	1
61	26	1.70494755224478e-03	3.27443759898766e-02	1
62	26	1.72331768759564e-03	3.53833934966043e-02	1
63	26	1.76018143566595e-03	3.44222696616263e-02	1
64	26	1.77751318528699e-03	3.54747543842313e-02	1
65	26	1.79526157812446e-03	3.40796298731219e-02	1
66	26	1.81445142581891e-03	3.44040996129568e-02	1
67	26	1.82248368924085e-03	3.66037241983203e-02	1
68	26	1.84769688428895e-03	3.44035416159167e-02	1
69	26	1.86611655377446e-03	3.89867577987262e-02	1
70	26	1.88211080232636e-03	3.55400376580399e-02	1
71	26	1.90070412672479e-03	3.82284887239550e-02	1
72	26	1.91714084766359e-03	4.08675183987508e-02	1
1	31	1.46389893605726e-03	2.87492337699481e-02	1
2	31	1.43262563993340e-03	2.96291786643350e-02	1
3	31	1.38795149478222e-03	2.71696785167341e-02	1
4	31	1.35555633301391e-03	2.49178889630595e-02	1
5	31	1.31362022591010e-03	2.83126643241393e-02	1
6	31	1.28061379346239e-03	2.12606658918505e-02	1
7	31	1.22759849284319e-03	2.47461737054178e-02	1
8	31	1.18325502478202e-03	2.30289216212126e-02	1
9	31	1.14651693477957e-03	2.32905697215830e-02	1
10	31	1.10268049707968e-03	2.33979061958582e-02	1
11	31	1.05833207377416e-03	2.12619659459637e-02	1
12	31	1.01233502354411e-03	1.81205904890449e-02	1
13	31	9.74593541314147e-04	1.98390297505977e-02	1
14	31	9.31388501107480e-04	1.82333825102921e-02	1
15	31	8.83521748733495e-04	1.66905621960997e-02	1
16	31	8.37273288776520e-04	1.78344329159615e-02	1
17	31	7.82503334670372e-04	1.74660319968336e-02	1
18	31	7.49483130522513e-04	1.63054947830292e-02	1
19	31	6.98527580774921e-04	1.37275763973717e-02	1
20	31	6.53333846861880e-04	1.31958056896403e-02	1
21	31	6.02453201472050e-04	1.22100940247890e-02	1
22	31	5.51438288809791e-04	1.08054620983113e-02	1
23	31	5.05023326356804e-04	1.01686677804205e-02	1
24	31	4.47282327628253e-04	8.58216286161669e-03	1
25	31	4.05842169992617e-04	7.44680009393760e-03	1
26	31	3.49262396731506e-04	6.47956690349076e-03	1
27	31	3.08844634597039e-04	5.69954728655383e-03	1
28	31	2.50119166716169e-04	4.70396516754984e-03	1
29	31	2.07917805032566e-04	4.09948278357403e-03	1
30	31	1.48074721714452e-04	2.75214044559474e-03	1
32	31	1.13833752291063e-04	2.07718182465824e-03	1
33	31	1.85008772536450e-04	3.54971688356158e-03	1
34	31	2.31487993726825e-04	4.42013824683071e-03	1
35	31	2.92219188502812e-04	5.55944867620561e-03	1
36	31	3.27840325947190e-04	6.08325042518117e-03	1
37	31	3.92302047669827e-04	7.24362934129749e-03	1
38	31	4.42542146552964e-04	8.01212395562549e-03	1
39	31	4.84953658912464e-04	9.42157046914707e-03	1
40	31	5.42098307357646e-04	1.07526352374883e-02	1
41	31	5.88101950023974e-04	1.15313259474506e-02	1
42	31	6.42232260802002e-04	1.29289391091110e-02	1
43	31	6.85674126475778e-04	1.34225020960733e-02	1
44	31	7.44899917746740e-04	1.46403349854459e-02	1
45	31	8.03997469808892e-04	1.65999895863850e-02	1
46	31	8.51143764182564e-04	1.80143826525295e-02	1
47	31	9.00602885854775e-04	1.82111740986320e-02	1
48	31	9.36687939819504e-04	1.83689807098934e-02	1
49	31	9.93451663741654e-04	1.94671583769906e-02	1
50	31	1.02831757422105e-03	2.05126321470949e-02	1
51	31	1.08711245739916e-03	2.20145320708672e-02	1
52	31	1.13776781932500e-03	2.22549861530976e-02	1
53	31	1.17929257192779e-03	2.39031425864872e-02	1
54	31	1.22346084998790e-03	2.37439736997859e-02	1
55	31	1.26455034150916e-03	2.53338054615762e-02	1
56	31	1.30863833609689e-03	2.75407176209136e-02	1
57	31	1.34584534807600e-03	2.75079385522242e-02	1
58	31	1.38916149449273e-03	2.70656885719029e-02	1
59	31	1.43843770001582e-03	2.93110563601215e-02	1
60	31	1.47009333313697e-03	2.81122789688653e-02	1
61	31	1.50533270318019e-03	2.92402594838387e-02	1
62	31	1.54018075363875e-03	2.90402863730330e-02	1
63	31	1.57823005697672e-03	3.07581420410547e-02	1
64	31	1.59591197804019e-03	3.11001374279237e-02	1
65	31	1.61487818024638e-03	3.20075314370184e-02	1
66	31	1.63420185650292e-03	3.25989141420513e-02	1
67	31	1.64223411992486e-03	2.97559896626711e-02	1
68	31	1.66744731497296e-03	3.43309685696970e-02	1
69	31	1.68586698445847e-03	3.28040868527451e-02	1
70	31	1.70186123301037e-03	3.15548241139484e-02	1
71	31	1.72045455740881e-03	3.55607289683260e-02	1
72	31	1.73689127834760e-03	3.67757739043945e-02	1
1	36	1.60991836637857e-03	3.34371951257283e-02	1
2	36	1.58671704090650e-03	3.06908309315188e-02	1
3	36	1.55398378565863e-03	3.20099388540437e-02	1
4	36	1.53872749450471e-03	3.06233594549448e-02	1
5	36	1.49832268682572e-03	2.57369075335031e-02	1
6	36	1.47725216240099e-03	3.09116218005176e-02	1
7	36	1.43683239540219e-03	2.81486374534288e-02	1
8	36	1.39780872252238e-03	2.92739449371413e-02	1
9	36	1.36107063251994e-03	2.71225911281771e-02	1
10	36	1.31803349415474e-03	2.50346224053346e-02	1
11	36	1.27521105498115e-03	2.40680126790727e-02	1
12	36	1.22921400475110e-03	2.45169905681705e-02	1
13	36	1.19147252252114e-03	2.27449435426184e-02	1
14	36	1.14906997242822e-03	2.44320431869347e-02	1
15	36	1.10244950704278e-03	1.93583522290369e-02	1
16	36	1.05620104708580e-03	2.04538687131561e-02	1
17	36	1.00143109297965e-03	2.10279483763411e-02	1
18	36	9.68588344071282e-04	1.91258836131211e-02	1
19	36	9.19337915883319e-04	1.70599037951906e-02	1
20	36	8.74508581816701e-04	1.95695124644547e-02	1
21	36	8.25089908364190e-04	1.61509855921155e-02	1
22	36	7.74074995701932e-04	1.53465349544202e-02	1
23	36	7.27660033248944e-04	1.48142667325453e-02	1
24	36	6.69919034520394e-04	1.37617633059178e-02	1
25	36	6.28478876884757e-04	1.23408769227026e-02	1
26	36	5.71899103623646e-04	1.10994176389780e-02	1
27	36	5.31481341489179e-04	9.67995598442805e-03	1
28	36	4.72755873608310e-04	8.97982578339362e-03	1
29	36	4.33216898828922e-04	9.58184557654214e-03	1
30	36	3.83009764366675e-04	7.86664062182618e-03	1
31	36	3.27840325947190e-04	6.94998106429743e-03	1
32	36	2.86168506764118e-04	5.52718016049517e-03	1
33	36	2.32018742794038e-04	4.64713917434500e-03	1
34	36	1.93178413766912e-04	3.81787124012442e-03	1
35	36	1.21699694638502e-04	2.11321971290834e-03	1
37	36	1.58390539716675e-04	3.06946424887727e-03	1
38	36	2.45747636815923e-04	4.53899995641627e-03	1
39	36	2.89342969932995e-04	5.10101077733093e-03	1
40	36	3.46487618378178e-04	7.07681885198902e-03	1
41	36	3.92491261044505e-04	7.40608188996813e-03	1
42	36	4.46621571822534e-04	9.14011596621461e-03	1
43	36	4.90174024745467e-04	9.13093101215654e-03	1
44	36	5.50125996830803e-04	1.14125995107820e-02	1
45	36	6.09553472422512e-04	1.20873890728348e-02	1
46	36	6.58261550932047e-04	1.21895855144365e-02	1
47	36	7.09646027852788e-04	1.42449140554719e-02	1
48	36	7.48896837221950e-04	1.44336270533236e-02	1
49	36	8.06836740397289e-04	1.63439549428830e-02	1
50	36	8.42912815711039e-04	1.61460545237198e-02	1
51	36	9.02900825009462e-04	1.85861831608248e-02	1
52	36	9.55308006833904e-04	1.81750199922041e-02	1
53	36	9.99271119540895e-04	2.17820619543009e-02	1
54	36	1.04356736269338e-03	1.93807942692889e-02	1
55	36	1.08558984871967e-03	2.35407873275146e-02	1
56	36	1.13341130799042e-03	2.33623910823902e-02	1
57	36	1.17385916919614e-03	2.49611687454994e-02	1
58	36	1.21862411418147e-03	2.31748068176229e-02	1
59	36	1.26796103702082e-03	2.51436849902874e-02	1
60	36	1.30176223531584e-03	2.55271901564860e-02	1
61	36	1.33773097551086e-03	2.76944847521731e-02	1
62	36	1.37684854316459e-03	2.71093099179939e-02	1
63	36	1.42449558238189e-03	2.70564545083494e-02	1
64	36	1.45437092476501e-03	2.94164428812185e-02	1
65	36	1.49334843627833e-03	2.97060228072469e-02	1
66	36	1.52280427430810e-03	2.97432640226591e-02	1
67	36	1.54580784747323e-03	2.78230847952060e-02	1
68	36	1.58288389839937e-03	2.89892860962108e-02	1
69	36	1.60806369673082e-03	3.43271555398503e-02	1
70	36	1.62439924309710e-03	3.14810741549217e-02	1
71	36	1.64348858468036e-03	3.49892594813678e-02	1
72	36	1.65992530561916e-03	3.30625191351826e-02	1
1	41	1.79722360051623e-03	3.43793499305128e-02	1
2	41	1.77402227504416e-03	3.36680531785051e-02	1
3	41	1.74128901979629e-03	3.63988040709642e-02	1
4	41	1.72603272864237e-03	3.25600724500162e-02	1
5	41	1.68581570249560e-03	3.45564292520714e-02	1
6	41	1.66738599712712e-03	3.40633970465024e-02	1
7	41	1.63297702914800e-03	3.51596209435895e-02	1
8	41	1.59978627992583e-03	3.26038924273135e-02	1
9	41	1.57605962900637e-03	3.18009597722106e-02	1
10	41	1.54135891642078e-03	2.84123896591195e-02	1
11	41	1.51697721280108e-03	2.75307382022080e-02	1
12	41	1.48164874456275e-03	2.87491573100070e-02	1
13	41	1.45078417071556e-03	2.78354280520481e-02	1
14	41	1.40933159650500e-03	2.91343003517761e-02	1
15	41	1.36271113111956e-03	2.53242721068006e-02	1
16	41	1.31646267116259e-03	2.60115573590360e-02	1
17	41	1.26169271705644e-03	2.54917688003736e-02	1
18	41	1.22884996814807e-03	2.17566420300163e-02	1
19	41	1.17959953996010e-03	2.49076297588362e-02	1
20	41	1.13477020589348e-03	2.23172978646210e-02	1
21	41	1.08535153244097e-03	2.12372613250254e-02	1
22	41	1.03433661977872e-03	2.16185068871548e-02	1
23	41	9.87921657325729e-04	1.85284165942221e-02	1
24	41	9.30180658597177e-04	1.79157877572065e-02	1
25	41	8.88740500961541e-04	1.61780559501707e-02	1
26	41	8.32160727700430e-04	1.63307270485398e-02	1
27	41	7.91742965565963e-04	1.61598941454862e-02	1
28	41	7.33017497685094e-04	1.44560358363543e-02	1
29	41	6.93478522905706e-04	1.27557164440571e-02	1
30	41	6.43271388443459e-04	1.30956471329759e-02	1
31	41	5.88101950023974e-04	1.09168799430373e-02	1
32	41	5.46430130840902e-04	1.09748372673314e-02	1
33	41	4.92280366870822e-04	1.02102384946557e-02	1
34	41	4.54990085104420e-04	8.91224341028968e-03	1
35	41	4.15038604090381e-04	8.18467656929187e-03	1
36	41	3.92491261044505e-04	7.16029913185770e-03	1
37	41	3.38591640073167e-04	6.40878412738477e-03	1
38	41	3.04859263575468e-04	5.29472380943028e-03	1
39	41	2.52405644660410e-04	4.67857122563607e-03	1
40	41	1.20930621402427e-04	2.04899922671389e-03	1
42	41	1.63807706676109e-04	3.18954622700428e-03	1
43	41	2.70913099133839e-04	5.33059676448293e-03	1
44	41	3.45129128805051e-04	7.02368520568699e-03	1
45	41	4.18674181312070e-04	8.93254684136539e-03	1
46	41	4.67382259821606e-04	9.13727376516914e-03	1
47	41	5.18766736742346e-04	9.85025425786828e-03	1
48	41	5.58227012612565e-04	1.07274238406474e-02	1
49	41	6.18235017703464e-04	1.23077919435741e-02	1
50	41	6.56422701170057e-04	1.29163648584459e-02	1
51	41	7.19403833672772e-04	1.39247052006439e-02	1
52	41	7.73095493589753e-04	1.55345798784476e-02	1
53	41	8.18985396776855e-04	1.65829896122897e-02	1
54	41	8.67728155286929e-04	1.65558767706592e-02	1
55	41	9.11336057511006e-04	1.76570808971678e-02	1
56	41	9.61960657607064e-04	1.85994130289906e-02	1
57	41	1.00511347223669e-03	2.01692514535440e-02	1
58	41	1.05347215248324e-03	2.18664203255938e-02	1
59	41	1.10600094735440e-03	2.32910703780329e-02	1
60	41	1.14110604112459e-03	2.05356707104104e-02	1
61	41	1.18052272010663e-03	2.47247536656158e-02	1
62	41	1.22377390273804e-03	2.29542409337023e-02	1
63	41	1.27436489545525e-03	2.42091771394658e-02	1
64	41	1.30550064278910e-03	2.58779890236086e-02	1
65	41	1.34629226199317e-03	2.81134640329927e-02	1
66	41	1.37992296534871e-03	3.04957662111023e-02	1
67	41	1.40704744539088e-03	2.71854759709603e-02	1
68	41	1.44582234540300e-03	2.87194243952964e-02	1
69	41	1.47356680825247e-03	3.14999727365305e-02	1
70	41	1.50596321048679e-03	3.28042312026585e-02	1
71	41	1.53719243717618e-03	3.09813597042891e-02	1
72	41	1.55709512079544e-03	3.20287573944579e-02	1
1	46	1.99312586257059e-03	3.70939599577781e-02	1
2	46	1.96992453709852e-03	3.91455943373757e-02	1
3	46	1.93719128185066e-03	3.80196543259420e-02	1
4	46	1.92193499069673e-03	3.77549425533054e-02	1
5	46	1.88171796454996e-03	3.54818316096375e-02	1
6	46	1.86328825918149e-03	3.74872227078021e-02	1
7	46	1.82887929120237e-03	3.75845642577417e-02	1
8	46	1.79568854198019e-03	3.61207644946217e-02	1
9	46	1.77331847865966e-03	3.72747039186133e-02	1
10	46	1.73983855667944e-03	3.53267947075902e-02	1
11	46	1.71545685305975e-03	3.53122010771561e-02	1
12	46	1.68625250158259e-03	3.52125475737218e-02	1
13	46	1.65616866597933e-03	3.32911708642210e-02	1
14	46	1.62014449205263e-03	3.29767199692506e-02	1
15	46	1.58626519530923e-03	3.04671937357049e-02	1
16	46	1.55196927339504e-03	3.02331224578791e-02	1
17	46	1.50788634834610e-03	3.33344014806306e-02	1
18	46	1.48143920207513e-03	2.55558078332767e-02	1
19	46	1.44238528248772e-03	2.85534771514794e-02	1
20	46	1.39770765229796e-03	2.80455265559621e-02	1
21	46	1.34839334659956e-03	2.84379976969538e-02	1
22	46	1.29737843393731e-03	2.64866132028951e-02	1
23	46	1.25096347148432e-03	2.24681002639751e-02	1
24	46	1.19322247275577e-03	2.40611276454732e-02	1
25	46	1.15178231512013e-03	2.25921413528856e-02	1
26	46	1.09520254185902e-03	2.14955364177106e-02	1
27	46	1.05478477972455e-03	2.10153372131125e-02	1
28	46	9.96059311843684e-04	1.99349833799590e-02	1
29	46	9.56520337064297e-04	1.97112421807402e-02	1
30	46	9.06313202602049e-04	1.80684920758677e-02	1
31	46	8.51143764182565e-04	1.75718514730910e-02	1
32	46	8.09471944999493e-04	1.55386048661637e-02	1
33	46	7.55322181029412e-04	1.50282625955903e-02	1
34	46	7.19601309635844e-04	1.52333838380318e-02	1
35	46	6.80808893977923e-04	1.37556439663820e-02	1
36	46	6.58261550932047e-04	1.33177102321689e-02	1
37	46	6.04361929960709e-04	1.24450669049859e-02	1
38	46	5.72003934814401e-04	9.96613293829772e-03	1
39	46	5.34995511100495e-04	1.03575900430543e-02	1
40	46	4.98677022309823e-04	8.58664994428493e-03	1
41	46	4.67382259821605e-04	9.60389193944084e-03	1
42	46	4.25691434930493e-04	8.99162198584418e-03	1
43	46	3.75293071799966e-04	7.96381575219073e-03	1
44	46	2.82575970518209e-04	4.91302945178552e-03	1
45	46	1.25648998296669e-04	2.44436759542906e-03	1
47	46	1.63049952542071e-04	2.99692653746024e-03	1
48	46	2.78397518191752e-04	5.95557187650480e-03	1
49	46	4.14872874781786e-04	7.35798226734453e-03	1
50	46	4.64046284070885e-04	8.92003683818079e-03	1
51	46	5.39884833383850e-04	1.13405531189332e-02	1
52	46	6.07029841429240e-04	1.16650235509201e-02	1
53	46	6.52919744616342e-04	1.24683125685978e-02	1
54	46	7.01662503126416e-04	1.37155098085897e-02	1
55	46	7.47241311723252e-04	1.48121245376502e-02	1
56	46	7.99860122799947e-04	1.55251046714282e-02	1
57	46	8.44874235742277e-04	1.63685251554692e-02	1
58	46	8.96759981051048e-04	1.83463050769287e-02	1
59	46	9.49486381109478e-04	1.71232448222700e-02	1
60	46	9.88052794997562e-04	1.96358722294503e-02	1
61	46	1.03409883293823e-03	2.03008342109066e-02	1
62	46	1.08308380707602e-03	2.33997687431757e-02	1
63	46	1.13372480991237e-03	2.18017124459195e-02	1
64	46	1.16753665745032e-03	2.18240840374300e-02	1
65	46	1.20895769346229e-03	2.42791057032006e-02	1
66	46	1.24557197495636e-03	2.46920268407900e-02	1
67	46	1.27744972657052e-03	2.63993652937993e-02	1
68	46	1.31622462658265e-03	2.47221133959429e-02	1
69	46	1.34510119338011e-03	2.52889296616945e-02	1
70	46	1.38027098264996e-03	2.91201446468762e-02	1
71	46	1.41329732936270e-03	2.62059813159517e-02	1
72	46	1.43573263256141e-03	2.75225947645979e-02	1
1	51	2.15572028908255e-03	3.96154688968753e-02	1
2	51	2.13251896361047e-03	4.18575199082099e-02	1
3	51	2.09978570836261e-03	4.25485105828871e-02	1
4	51	2.08452941720869e-03	4.48906392572793e-02	1
5	51	2.04431239106191e-03	3.98195952320841e-02	1
6	51	2.02588268569344e-03	3.47785275002235e-02	1
7	51	1.99147371771432e-03	3.90082735039306e-02	1
8	51	1.95828296849215e-03	3.86091963707640e-02	1
9	51	1.93591290517161e-03	3.71144544897027e-02	1
10	51	1.90243298319139e-03	3.98794172807900e-02	1
11	51	1.87805127957170e-03	3.96075261100459e-02	1
12	51	1.84945787397710e-03	3.65841964694321e-02	1
13	51	1.82305299984216e-03	3.73647980109880e-02	1
14	51	1.79169930237416e-03	3.65767502676487e-02	1
15	51	1.76081240506712e-03	3.29193639309941e-02	1
16	51	1.72889113508228e-03	3.22732869751187e-02	1
17	51	1.68480821003335e-03	3.73148007439259e-02	1
18	51	1.65836106376238e-03	3.18242278705049e-02	1
19	51	1.62106180045254e-03	2.96700465716489e-02	1
20	51	1.58810031532101e-03	2.99598383400947e-02	1
21	51	1.55371255961686e-03	3.13456010395465e-02	1
22	51	1.51893361177184e-03	3.23254309829824e-02	1
23	51	1.48396213051833e-03	3.07071458668933e-02	1
24	51	1.42866659659303e-03	2.94862816006575e-02	1
25	51	1.38775100833673e-03	2.70949323995245e-02	1
26	51	1.33117123507561e-03	2.82125599572790e-02	1
27	51	1.29075347294115e-03	2.57227447097746e-02	1
28	51	1.23202800506028e-03	2.24378668818287e-02	1
29	51	1.19248903028089e-03	2.42812992216682e-02	1
30	51	1.14228189581864e-03	2.29061993855259e-02	1
31	51	1.08711245739916e-03	2.05136893072010e-02	1
32	51	1.04544063821609e-03	1.97747827260345e-02	1
33	51	9.92885020372100e-04	2.02220028334376e-02	1
34	51	9.60640098859635e-04	1.75751072170675e-02	1
35	51	9.23770187623724e-04	1.83693036017094e-02	1
36	51	9.02900825009462e-04	1.81209127212851e-02	1
37	51	8.54431996905461e-04	1.64095521123869e-02	1
38	51	8.23425142275077e-04	1.60003669262620e-02	1
39	51	7.87017084951661e-04	1.45800923378166e-02	1
40	51	7.50698596160989e-04	1.40167453318495e-02	1
41	51	7.19403833672772e-04	1.32033190407794e-02	1
42	51	6.86173955826650e-04	1.41634015439903e-02	1
43	51	6.47459035658647e-04	1.39769970014023e-02	1
44	51	6.14354950935995e-04	1.34051802825371e-02	1
45	51	5.80254858631913e-04	1.12462324824578e-02	1
46	51	5.39884833383850e-04	1.04718544625232e-02	1
47	51	4.84190239792893e-04	9.49227229645504e-03	1
48	51	4.28960111825310e-04	8.25770782991507e-03	1
49	51	2.77572315318409e-04	5.28236370354628e-03	1
50	51	1.65901912347555e-04	3.18050222597912e-03	1
52	51	1.63629975337057e-04	2.62346401960446e-03	1
53	51	2.79484960250349e-04	5.32179748404532e-03	1
54	51	4.28542063873133e-04	8.86859194190264e-03	1
55	51	5.31510594558579e-04	1.01446042117304e-02	1
56	51	6.00750446546923e-04	1.26771512670020e-02	1
57	51	6.50152535458596e-04	1.27651624097791e-02	1
58	51	7.23301894651485e-04	1.42825241238917e-02	1
59	51	7.82929980245260e-04	1.58109870836324e-02	1
60	51	8.25710396185256e-04	1.53087238199908e-02	1
61	51	8.71756434125924e-04	1.62708847448201e-02	1
62	51	9.21416388856800e-04	1.79924784516848e-02	1
63	51	9.74534496770593e-04	2.09950439911608e-02	1
64	51	1.00988724050699e-03	2.02290957226661e-02	1
65	51	1.05231203123484e-03	2.09633570259815e-02	1
66	51	1.09385138982260e-03	2.28546068815086e-02	1
67	51	1.12741559325390e-03	2.14537699834958e-02	1
68	51	1.16619049326602e-03	2.30007024598650e-02	1
69	51	1.19843097623303e-03	2.26961225512465e-02	1
70	51	1.23595123281545e-03	2.46729237925598e-02	1
71	51	1.26907679731264e-03	2.48185897952003e-02	1
72	51	1.29511238328727e-03	2.54579258665727e-02	1
1	56	2.31760479340489e-03	5.06772573780252e-02	1
2	56	2.29440346793282e-03	4.63209717124598e-02	1
3	56	2.26167021268495e-03	4.40724245099637e-02	1
4	56	2.24641392153103e-03	4.32523028543428e-02	1
5	56	2.20619689538426e-03	4.26846949779014e-02	1
6	56	2.18776719001579e-03	4.75271176680707e-02	1
7	56	2.15335822203667e-03	4.09242066526482e-02	1
8	56	2.12016747281449e-03	3.94416777246881e-02	1
9	56	2.09779740949396e-03	4.27243262413394e-02	1
10	56	2.06431748751374e-03	4.08780459240323e-02	1
11	56	2.03993578389405e-03	4.00138945707354e-02	1
12	56	2.01134237829945e-03	4.11031842179297e-02	1
13	56	1.98493750416451e-03	4.03097618130368e-02	1
14	56	1.95358380669651e-03	4.00459940315625e-02	1
15	56	1.92269690938947e-03	3.63326530535765e-02	1
16	56	1.89079754745321e-03	3.48569229289043e-02	1
17	56	1.84977718889441e-03	3.22614032428002e-02	1
18	56	1.82333004262344e-03	3.58326959774603e-02	1
19	56	1.78603077931360e-03	3.28123935237412e-02	1
20	56	1.75348205461507e-03	3.44483960330107e-02	1
21	56	1.71961870498569e-03	3.56474856596531e-02	1
22	56	1.68483975714067e-03	3.02560670148437e-02	1
23	56	1.64986827588716e-03	3.34597639517129e-02	1
24	56	1.61192017711487e-03	3.23170736466918e-02	1
25	56	1.58606841853801e-03	3.37944393780289e-02	1
26	56	1.54491029240505e-03	2.95018231247960e-02	1
27	56	1.51227935163888e-03	2.90368860288107e-02	1
28	56	1.45355388375801e-03	2.83039288295679e-02	1
29	56	1.41401490897862e-03	2.61984880222174e-02	1
30	56	1.36380777451638e-03	2.75919185401510e-02	1
31	56	1.30863833609689e-03	2.42549842921622e-02	1
32	56	1.26696651691382e-03	2.49689627711491e-02	1
33	56	1.21758967191483e-03	2.33457260423293e-02	1
34	56	1.18633648723470e-03	2.53156753987321e-02	1
35	56	1.15236155982534e-03	2.44746566287662e-02	1
36	56	1.13341130799042e-03	2.20157878633013e-02	1
37	56	1.08550713899560e-03	2.20877782046287e-02	1
38	56	1.05662899153106e-03	2.13089528574665e-02	1
39	56	1.02418390182509e-03	2.25467296704268e-02	1
40	56	9.91618692221504e-04	1.93022086628976e-02	1
41	56	9.61960657607064e-04	1.96610177685490e-02	1
42	56	9.31114666989276e-04	1.80566869774578e-02	1
43	56	8.93980976946334e-04	1.85919019525837e-02	1
44	56	8.60876892223683e-04	1.66823826793456e-02	1
45	56	8.26776799919600e-04	1.59767132348194e-02	1
46	56	7.99860122799947e-04	1.62323799388941e-02	1
47	56	7.65087311133267e-04	1.54965934287297e-02	1
48	56	7.40983434510820e-04	1.43906573875446e-02	1
49	56	6.96329097893587e-04	1.42857268271104e-02	1
50	56	6.58743147018206e-04	1.29201606587080e-02	1
51	56	6.00750446546923e-04	1.32401957450530e-02	1
52	56	5.31918109406214e-04	1.02727105032736e-02	1
53	56	4.20334021600031e-04	8.31988732421539e-03	1
54	56	2.71276917977247e-04	5.76535508322855e-03	1
55	56	1.58528044904386e-04	2.99072877470405e-03	1
57	56	1.19904478841904e-04	2.09350311869077e-03	1
58	56	2.69852588857525e-04	4.76229115978303e-03	1
59	56	4.16571340236392e-04	7.84333822525966e-03	1
60	56	5.31799749523279e-04	1.06836043703999e-02	1
61	56	6.59235939991755e-04	1.21732531993248e-02	1
62	56	7.16275407048907e-04	1.43352212977694e-02	1
63	56	7.90919770346883e-04	1.57349126758104e-02	1
64	56	8.34017371653872e-04	1.66243730692471e-02	1
65	56	8.88224695754806e-04	1.65294649742992e-02	1
66	56	9.48327837006463e-04	2.03775815066493e-02	1
67	56	9.83735854083887e-04	1.90585074324792e-02	1
68	56	1.02251075409601e-03	2.10955323497503e-02	1
69	56	1.05475123706302e-03	2.21178920990665e-02	1
70	56	1.09227149364544e-03	2.21600893315598e-02	1
71	56	1.12539705814263e-03	2.47923923911036e-02	1
72	56	1.15143264411726e-03	2.37033097131376e-02	1
1	61	2.46714430623921e-03	5.28365942366944e-02	1
2	61	2.44394298076713e-03	4.82518257798819e-02	1
3	61	2.41120972551927e-03	5.18586313986921e-02	1
4	61	2.39595343436535e-03	4.85331175416178e-02	1
5	61	2.35573640821857e-03	4.50958089042040e-02	1
6	61	2.33730670285010e-03	4.37496559289067e-02	1
7	61	2.30390462903251e-03	4.49903838290954e-02	1
8	61	2.27071387981034e-03	4.38633766394484e-02	1
9	61	2.24834381648980e-03	4.36693585141677e-02	1
10	61	2.21486389450958e-03	4.52128658002037e-02	1
11	61	2.19048219088989e-03	4.53682258084812e-02	1
12	61	2.16188878529530e-03	4.41457922620242e-02	1
13	61	2.13665683342542e-03	4.25903976310709e-02	1
14	61	2.10695868938296e-03	4.32228563174113e-02	1
15	61	2.07779253884298e-03	4.30309193328359e-02	1
16	61	2.04669156234512e-03	4.06209951774401e-02	1
17	61	2.00687833790402e-03	3.77824923455528e-02	1
18	61	1.98043119163305e-03	3.75137132627189e-02	1
19	61	1.94313192832321e-03	3.71496038434148e-02	1
20	61	1.91058320362468e-03	3.53614320241000e-02	1
21	61	1.87832743450370e-03	3.79511193811735e-02	1
22	61	1.84354848665868e-03	3.41857005702445e-02	1
23	61	1.80868340544517e-03	3.78203944559100e-02	1
24	61	1.77073530667288e-03	3.31352060912538e-02	1
25	61	1.74488354809602e-03	3.70709252691568e-02	1
26	61	1.70494755224478e-03	3.44361962272750e-02	1
27	61	1.67600556664850e-03	3.45098723707182e-02	1
28	61	1.63249108290489e-03	3.23071445486626e-02	1
29	61	1.60006357324843e-03	3.03780522072013e-02	1
30	61	1.55909158572881e-03	2.92329647382982e-02	1
31	61	1.50533270318019e-03	3.05068824846982e-02	1
32	61	1.46366088399711e-03	2.67373438780563e-02	1
33	61	1.41452899950438e-03	2.97690539454485e-02	1
34	61	1.38531458983693e-03	2.70128529691810e-02	1
35	61	1.35626785535032e-03	2.51774791125960e-02	1
36	61	1.33773097551086e-03	2.78976088313889e-02	1
37	61	1.29586994632285e-03	2.57713904230861e-02	1
38	61	1.26888217601272e-03	2.28451362747251e-02	1
39	61	1.23918589540350e-03	2.56815737755447e-02	1
40	61	1.20791514917494e-03	2.52512210857989e-02	1
41	61	1.18052272010663e-03	2.39381419713545e-02	1
42	61	1.15347743621590e-03	2.33150746322256e-02	1
43	61	1.11843399339065e-03	2.13837472596814e-02	1
44	61	1.08815249659561e-03	2.06805416362382e-02	1
45	61	1.05980903485069e-03	2.26101498869702e-02	1
46	61	1.03409883293823e-03	2.02837717602041e-02	1
47	61	9.99326021271551e-04	1.83328576152821e-02	1
48	61	9.75222144649103e-04	1.79292782733130e-02	1
49	61	9.30567808031870e-04	1.87288735412879e-02	1
50	61	8.98402927601800e-04	1.72426230047476e-02	1
51	61	8.71756434125924e-04	1.69983529911285e-02	1
52	61	8.33545312153180e-04	1.63594383690688e-02	1
53	61	7.97391427829796e-04	1.57519295169365e-02	1
54	61	7.55880587383157e-04	1.41926751811663e-02	1
55	61	7.11758600669004e-04	1.31417547957496e-02	1
56	61	6.59235939991755e-04	1.30808190337210e-02	1
57	61	5.67333018164155e-04	1.07688352589819e-02	1
58	61	4.17384908148535e-04	8.39193899187605e-03	1
59	61	2.70666156769667e-04	5.52902242674245e-03	1
60	61	1.55437747482781e-04	2.87512878369748e-03	1
62	61	1.20008188306408e-04	2.09349998171635e-03	1
63	61	2.66644739353181e-04	4.76574275524143e-03	1
64	61	3.74792576621501e-04	7.24862929697260e-03	1
65	61	5.18011889799127e-04	9.04377930865833e-03	1
66	61	6.62541307629324e-04	1.25529588466115e-02	1
67	61	7.59461156475262e-04	1.39707394527998e-02	1
68	61	8.13244955657660e-04	1.54551833411089e-02	1
69	61	8.64033779018245e-04	1.69098767628569e-02	1
70	61	9.13385288406580e-04	1.78665588704099e-02	1
71	61	9.51481048890173e-04	1.88405047319149e-02	1
72	61	9.87562731634435e-04	1.88187896480823e-02	1
1	66	2.57425711012779e-03	5.66608022987057e-02	1
2	66	2.55146219361446e-03	5.12142122805057e-02	1
3	66	2.51872893836659e-03	5.10283258645092e-02	1
4	66	2.50347264721267e-03	4.87088426720263e-02	1
5	66	2.46325562106590e-03	4.97644599230653e-02	1
6	66	2.44482591569742e-03	4.84505856587828e-02	1
7	66	2.41155770695132e-03	4.91519719821787e-02	1
8	66	2.37836695772915e-03	4.97647493605006e-02	1
9	66	2.35599689440861e-03	4.74925522387288e-02	1
10	66	2.32259052476512e-03	4.50350549615909e-02	1
11	66	2.29820882114543e-03	4.44398191241335e-02	1
12	66	2.26961541555084e-03	4.81298483116099e-02	1
13	66	2.24496443567250e-03	4.41709871892027e-02	1
14	66	2.21563154522760e-03	4.91584186577645e-02	1
15	66	2.18694410476654e-03	4.37720398300596e-02	1
16	66	2.15584312826868e-03	4.18493944734399e-02	1
17	66	2.11602990382758e-03	4.65030880124846e-02	1
18	66	2.08958275755661e-03	4.53757770882377e-02	1
19	66	2.05228349424677e-03	3.76984842638358e-02	1
20	66	2.01973476954824e-03	3.84310836256723e-02	1
21	66	1.98747900042726e-03	4.03780647102825e-02	1
22	66	1.95270005258224e-03	3.88633149862364e-02	1
23	66	1.91818727901929e-03	3.80760836404156e-02	1
24	66	1.88023918024701e-03	3.59537475531292e-02	1
25	66	1.85438742167015e-03	3.43311013968544e-02	1
26	66	1.81445142581890e-03	3.78820315492986e-02	1
27	66	1.78550944022262e-03	3.55653776321919e-02	1
28	66	1.74276669293017e-03	3.46064114277895e-02	1
29	66	1.71288222738041e-03	3.39609635101270e-02	1
30	66	1.67461391591099e-03	3.52593757822595e-02	1
31	66	1.63420185650292e-03	3.02022331509052e-02	1
32	66	1.59997231736123e-03	3.09744585245037e-02	1
33	66	1.56684346316756e-03	3.22694238507342e-02	1
34	66	1.55648532090850e-03	3.26045175012389e-02	1
35	66	1.53817525849669e-03	3.05045346217932e-02	1
36	66	1.52280427430810e-03	3.04851259147645e-02	1
37	66	1.48241889580899e-03	3.06947000726206e-02	1
38	66	1.46195379128791e-03	3.14896016911523e-02	1
39	66	1.43225751067870e-03	2.64953409054978e-02	1
40	66	1.40597229283687e-03	2.64857812724212e-02	1
41	66	1.37992296534871e-03	2.81445349292495e-02	1
42	66	1.35402142504355e-03	2.73821274046905e-02	1
43	66	1.32101610081339e-03	2.67008776392081e-02	1
44	66	1.29449328896655e-03	2.46631202799146e-02	1
45	66	1.26837684215926e-03	2.63053244619996e-02	1
46	66	1.24557197495636e-03	2.51489355605115e-02	1
47	66	1.21504999280249e-03	2.38300589497487e-02	1
48	66	1.19172256269956e-03	2.37982312164325e-02	1
49	66	1.15029869607902e-03	2.33541392974843e-02	1
50	66	1.11941854571265e-03	2.20869884762900e-02	1
51	66	1.09385138982260e-03	2.14218503031582e-02	1
52	66	1.05617388298064e-03	2.09817697709982e-02	1
53	66	1.03548262646322e-03	2.00351310747136e-02	1
54	66	1.00490529101233e-03	2.07350192018691e-02	1
55	66	9.80696986003086e-04	2.01012407516772e-02	1
56	66	9.48327837006462e-04	1.71016038159533e-02	1
57	66	9.11233251901043e-04	1.70231607278055e-02	1
58	66	8.66470190244479e-04	1.81179804067725e-02	1
59	66	7.95901465518499e-04	1.62099024363469e-02	1
60	66	7.64023864598135e-04	1.43190856172609e-02	1
61	66	6.62541307629324e-04	1.34452679073753e-02	1
62	66	5.52533119322915e-04	1.10475554727730e-02	1
63	66	4.05896568276142e-04	8.37417834352593e-03	1
64	66	2.97748731007823e-04	5.75001217308730e-03	1
65	66	1.54529417830197e-04	2.87056699392343e-03	1
67	66	1.19803106241135e-04	2.37370069184253e-03	1
68	66	2.64097662992006e-04	5.15584860152444e-03	1
69	66	3.74555895115454e-04	7.81073876291670e-03	1
70	66	5.18920265396780e-04	1.01247291243657e-02	1
71	66	6.24695750739965e-04	1.15147468970717e-02	1
72	66	7.16597360929873e-04	1.42519564938634e-02	1
1	71	2.65630204931323e-03	5.49068669774930e-02	1
2	71	2.63447778608073e-03	5.30872858093917e-02	1
3	71	2.60174453083286e-03	4.71193296535581e-02	1
4	71	2.58755181978313e-03	5.14237951622158e-02	1
5	71	2.54733479363635e-03	4.91856641970623e-02	1
6	71	2.52890508826788e-03	4.29716559684966e-02	1
7	71	2.49610078329881e-03	5.31302541209648e-02	1
8	71	2.46291003407663e-03	5.30319578544971e-02	1
9	71	2.44053997075610e-03	4.37152323787412e-02	1
10	71	2.40810491075700e-03	4.70307251503649e-02	1
11	71	2.38372320713731e-03	4.70190829445252e-02	1
12	71	2.35512980154271e-03	4.65085663157656e-02	1
13	71	2.33083425126125e-03	4.36896689960331e-02	1
14	71	2.30150136081635e-03	4.18245802111987e-02	1
15	71	2.27319680567243e-03	4.82020915593158e-02	1
16	71	2.24209582917456e-03	4.33185665300623e-02	1
17	71	2.20228260473346e-03	4.49230948428430e-02	1
18	71	2.17583545846249e-03	4.10752134616877e-02	1
19	71	2.13853619515265e-03	4.90986485915545e-02	1
20	71	2.10598747045412e-03	4.04976341568579e-02	1
21	71	2.07373170133315e-03	4.17827820040031e-02	1
22	71	2.03895275348813e-03	4.26592470521734e-02	1
23	71	2.00443997992518e-03	4.24873988423554e-02	1
24	71	1.96649188115290e-03	3.69459667791348e-02	1
25	71	1.94064012257604e-03	3.77383848070302e-02	1
26	71	1.90070412672479e-03	3.95872641713853e-02	1
27	71	1.87176214112851e-03	3.60399766822068e-02	1
28	71	1.82901939383606e-03	3.98558887865594e-02	1
29	71	1.79913492828630e-03	3.45362574475570e-02	1
30	71	1.76086661681688e-03	3.63716245891095e-02	1
31	71	1.72045455740881e-03	3.72716741260534e-02	1
32	71	1.68688559905088e-03	3.42836050975895e-02	1
33	71	1.65375674485721e-03	3.31378732802331e-02	1
34	71	1.64339860259816e-03	3.24719046139156e-02	1
35	71	1.64756921998074e-03	3.56846042475234e-02	1
36	71	1.64348858468036e-03	3.33964958650703e-02	1
37	71	1.62525837532965e-03	3.30983133192771e-02	1
38	71	1.60824228998228e-03	3.19185567130390e-02	1
39	71	1.58329263859328e-03	3.03532516338581e-02	1
40	71	1.55907694766251e-03	2.95643669296246e-02	1
41	71	1.53719243717618e-03	2.98955738670329e-02	1
42	71	1.51342931199010e-03	2.95606549699181e-02	1
43	71	1.48444604604589e-03	2.94503845123511e-02	1
44	71	1.45847595792714e-03	3.15017176021921e-02	1
45	71	1.43325128670245e-03	2.84081594702320e-02	1
46	71	1.41329732936270e-03	2.81661882842049e-02	1
47	71	1.38387337773361e-03	2.63762118405859e-02	1
48	71	1.36185472808886e-03	2.55348912727500e-02	1
49	71	1.32309228048844e-03	2.71752428127456e-02	1
50	71	1.29319975229449e-03	2.55960030210562e-02	1
51	71	1.26907679731264e-03	2.52538809102590e-02	1
52	71	1.23139929047068e-03	2.38262808438937e-02	1
53	71	1.21070803395326e-03	2.28707523423942e-02	1
54	71	1.18013069850237e-03	2.33477674257463e-02	1
55	71	1.15592239349313e-03	2.38398045192445e-02	1
56	71	1.12539705814263e-03	2.28184465430006e-02	1
57	71	1.09593691056457e-03	2.31301762310586e-02	1
58	71	1.06691226355096e-03	2.24888633147561e-02	1
59	71	1.01777822680855e-03	2.01890472463009e-02	1
60	71	9.98918091795202e-04	2.08221113709365e-02	1
61	71	9.51481048890173e-04	1.87301312838415e-02	1
62	71	9.18969300331855e-04	1.81463092288806e-02	1
63	71	8.64651388346844e-04	1.90327977174475e-02	1
64	71	8.02212279326970e-04	1.49728428082131e-02	1
65	71	7.38677538754807e-04	1.45901178934237e-02	1
66	71	6.24695750739965e-04	1.19297087100894e-02	1
67	71	5.14892644498830e-04	1.13233278022430e-02	1
68	71	3.70598087747959e-04	7.26354981462611e-03	1
69	71	2.60139855624511e-04	5.18772132014961e-03	1
70	71	1.15775485343186e-04	1.99569544022799e-03	1
72	71	1.52846251980944e-04	2.90055322079664e-03	1
0
