HARYANA Gradient_3
10.00
11
15
Type of measurement (0=app.resistivity,1=resistance)
1
928
2
11
Chargeability
mV/V
2 0.01 0.02 0.02 0.80 0.50
4 0.00 0.00 100.00 0.00 10.00 0.00 20.00 0.00 0.330974 11.275 10.3064
4 0.00 0.00 100.00 0.00 20.00 0.00 30.00 0.00 0.162057 28.9301 17.657
4 0.00 0.00 100.00 0.00 30.00 0.00 40.00 0.00 0.120255 19.6554 14.3874
4 10.00 0.00 110.00 0.00 20.00 0.00 30.00 0.00 0.349408 15.3191 10.6514
4 10.00 0.00 110.00 0.00 30.00 0.00 40.00 0.00 0.199614 17.5644 13.2643
4 20.00 0.00 120.00 0.00 30.00 0.00 40.00 0.00 0.399615 30.473 12.405
4 0.00 0.00 100.00 0.00 50.00 0.00 60.00 0.00 0.0572853 2840.84 1631.81
4 0.00 0.00 100.00 0.00 60.00 0.00 70.00 0.00 0.105332 20.6202 15.2721
4 10.00 0.00 110.00 0.00 50.00 0.00 60.00 0.00 0.0774268 458.326 324.303
4 0.00 0.00 100.00 0.00 70.00 0.00 80.00 0.00 0.189292 22.7284 17.1003
4 20.00 0.00 120.00 0.00 50.00 0.00 60.00 0.00 0.10089 581.414 294.812
4 10.00 0.00 110.00 0.00 60.00 0.00 70.00 0.00 0.0870714 18.5486 13.9056
4 20.00 0.00 120.00 0.00 60.00 0.00 70.00 0.00 0.0874901 39.1838 13.9614
4 10.00 0.00 110.00 0.00 70.00 0.00 80.00 0.00 0.119659 20.8184 15.5373
4 30.00 0.00 130.00 0.00 50.00 0.00 60.00 0.00 0.14325 343.639 201.834
4 0.00 0.00 100.00 0.00 80.00 0.00 90.00 0.00 0.663007 23.0329 17.7375
4 10.00 0.00 110.00 0.00 80.00 0.00 90.00 0.00 0.268354 21.2676 16.3441
4 30.00 0.00 130.00 0.00 60.00 0.00 70.00 0.00 0.101306 17.2775 13.0056
4 20.00 0.00 120.00 0.00 70.00 0.00 80.00 0.00 0.0982822 19.3665 14.879
4 40.00 0.00 140.00 0.00 60.00 0.00 70.00 0.00 0.149377 17.6009 13.1915
4 10.00 0.00 110.00 0.00 90.00 0.00 100.00 0.00 0.48973 18.6646 14.2287
4 30.00 0.00 130.00 0.00 70.00 0.00 80.00 0.00 0.0960597 19.6283 14.6914
4 20.00 0.00 120.00 0.00 80.00 0.00 90.00 0.00 0.169669 21.0607 16.3955
4 50.00 0.00 150.00 0.00 60.00 0.00 70.00 0.00 0.294558 16.4672 12.3257
4 40.00 0.00 140.00 0.00 70.00 0.00 80.00 0.00 0.115772 19.3222 14.5092
4 30.00 0.00 130.00 0.00 80.00 0.00 90.00 0.00 0.134725 21.3012 16.5562
4 20.00 0.00 120.00 0.00 90.00 0.00 100.00 0.00 0.222188 18.343 14.1491
4 0.00 0.00 200.00 0.00 60.00 0.00 80.00 0.00 0.0666833 18.7112 14.7201
4 30.00 0.00 130.00 0.00 90.00 0.00 100.00 0.00 0.141315 19.3449 14.9507
4 40.00 0.00 140.00 0.00 80.00 0.00 90.00 0.00 0.132094 22.1525 16.998
4 20.00 0.00 120.00 0.00 100.00 0.00 110.00 0.00 0.432556 17.2824 12.9302
4 50.00 0.00 150.00 0.00 70.00 0.00 80.00 0.00 0.170238 18.1346 13.6069
4 40.00 0.00 140.00 0.00 90.00 0.00 100.00 0.00 0.112267 20.0106 15.6043
4 30.00 0.00 130.00 0.00 100.00 0.00 110.00 0.00 0.204767 18.8357 14.2418
4 60.00 0.00 160.00 0.00 70.00 0.00 80.00 0.00 0.353822 17.2516 12.7754
4 50.00 0.00 150.00 0.00 80.00 0.00 90.00 0.00 0.157547 21.2673 16.3678
4 0.00 0.00 200.00 0.00 80.00 0.00 100.00 0.00 0.0726941 20.4883 16.6111
4 20.00 0.00 220.00 0.00 60.00 0.00 80.00 0.00 0.106461 18.3972 14.1554
4 30.00 0.00 130.00 0.00 110.00 0.00 120.00 0.00 0.391188 15.9087 11.7258
4 40.00 0.00 140.00 0.00 100.00 0.00 110.00 0.00 0.129523 19.7895 15.1722
4 50.00 0.00 150.00 0.00 90.00 0.00 100.00 0.00 0.106866 20.2251 15.6132
4 60.00 0.00 160.00 0.00 80.00 0.00 90.00 0.00 0.243348 21.1302 16.0429
4 40.00 0.00 140.00 0.00 110.00 0.00 120.00 0.00 0.191736 17.3595 13.1408
4 60.00 0.00 160.00 0.00 90.00 0.00 100.00 0.00 0.128216 20.9901 15.832
4 70.00 0.00 170.00 0.00 80.00 0.00 90.00 0.00 0.596916 19.8517 15.3957
4 50.00 0.00 150.00 0.00 100.00 0.00 110.00 0.00 0.098422 18.966 14.964
4 0.00 0.00 200.00 0.00 100.00 0.00 120.00 0.00 0.0616638 18.9704 14.9481
4 20.00 0.00 220.00 0.00 80.00 0.00 100.00 0.00 0.0893375 21.5187 16.8901
4 40.00 0.00 240.00 0.00 60.00 0.00 80.00 0.00 0.223261 17.9229 13.5344
4 40.00 0.00 140.00 0.00 120.00 0.00 130.00 0.00 0.371768 15.382 11.2955
4 70.00 0.00 170.00 0.00 90.00 0.00 100.00 0.00 0.211705 20.9469 16.291
4 60.00 0.00 160.00 0.00 100.00 0.00 110.00 0.00 0.093432 21.1036 15.5883
4 50.00 0.00 150.00 0.00 110.00 0.00 120.00 0.00 0.120049 17.3342 13.4563
4 80.00 0.00 180.00 0.00 90.00 0.00 100.00 0.00 0.582323 22.142 17.1144
4 70.00 0.00 170.00 0.00 100.00 0.00 110.00 0.00 0.110969 20.7487 16.0271
4 60.00 0.00 160.00 0.00 110.00 0.00 120.00 0.00 0.0967068 18.9983 14.2985
4 50.00 0.00 150.00 0.00 120.00 0.00 130.00 0.00 0.176434 16.8137 12.7534
4 40.00 0.00 240.00 0.00 80.00 0.00 100.00 0.00 0.13298 21.5349 16.7427
4 0.00 0.00 200.00 0.00 120.00 0.00 140.00 0.00 0.0754969 18.2617 14.1188
4 20.00 0.00 220.00 0.00 100.00 0.00 120.00 0.00 0.0593428 18.6872 14.7852
4 60.00 0.00 160.00 0.00 120.00 0.00 130.00 0.00 0.118955 18.6025 13.9342
4 80.00 0.00 180.00 0.00 100.00 0.00 110.00 0.00 0.181351 22.2196 17.016
4 50.00 0.00 150.00 0.00 130.00 0.00 140.00 0.00 0.330516 14.2488 10.6075
4 70.00 0.00 170.00 0.00 110.00 0.00 120.00 0.00 0.0935171 18.8999 14.6328
4 80.00 0.00 180.00 0.00 110.00 0.00 120.00 0.00 0.114835 20.4499 15.4573
4 70.00 0.00 170.00 0.00 120.00 0.00 130.00 0.00 0.0959549 18.8314 14.3024
4 90.00 0.00 190.00 0.00 100.00 0.00 110.00 0.00 0.577543 23.2175 17.9338
4 60.00 0.00 160.00 0.00 130.00 0.00 140.00 0.00 0.175015 16.7864 12.5337
4 60.00 0.00 260.00 0.00 80.00 0.00 100.00 0.00 0.312928 20.9791 16.0087
4 40.00 0.00 240.00 0.00 100.00 0.00 120.00 0.00 0.066533 20.1315 15.7222
4 0.00 0.00 200.00 0.00 140.00 0.00 160.00 0.00 0.117646 17.3377 13.162
4 20.00 0.00 220.00 0.00 120.00 0.00 140.00 0.00 0.0601402 16.4829 14.1503
4 90.00 0.00 190.00 0.00 110.00 0.00 120.00 0.00 0.214725 20.5759 15.8198
4 80.00 0.00 180.00 0.00 120.00 0.00 130.00 0.00 0.0956824 18.457 13.995
4 70.00 0.00 170.00 0.00 130.00 0.00 140.00 0.00 0.116738 17.7169 13.3994
4 60.00 0.00 160.00 0.00 140.00 0.00 150.00 0.00 0.396461 15.3375 11.2255
4 70.00 0.00 170.00 0.00 140.00 0.00 150.00 0.00 0.194433 17.0028 12.6488
4 90.00 0.00 190.00 0.00 120.00 0.00 130.00 0.00 0.130469 19.0471 14.7097
4 80.00 0.00 180.00 0.00 130.00 0.00 140.00 0.00 0.0974009 18.1232 13.7945
4 100.00 0.00 200.00 0.00 110.00 0.00 120.00 0.00 0.481947 20.3484 15.5528
4 40.00 0.00 240.00 0.00 120.00 0.00 140.00 0.00 0.0559354 18.61 14.8401
4 60.00 0.00 260.00 0.00 100.00 0.00 120.00 0.00 0.09387 20.5289 15.2744
4 0.00 0.00 200.00 0.00 160.00 0.00 180.00 0.00 0.262624 18.1201 13.7748
4 20.00 0.00 220.00 0.00 140.00 0.00 160.00 0.00 0.0754553 16.2028 13.2628
4 70.00 0.00 170.00 0.00 150.00 0.00 160.00 0.00 0.320843 13.7615 10.1327
4 100.00 0.00 200.00 0.00 120.00 0.00 130.00 0.00 0.210797 14.14 11.5183
4 90.00 0.00 190.00 0.00 130.00 0.00 140.00 0.00 0.103163 19.2291 14.8804
4 80.00 0.00 180.00 0.00 140.00 0.00 150.00 0.00 0.133475 17.5419 13.2715
4 80.00 0.00 180.00 0.00 150.00 0.00 160.00 0.00 0.171337 15.3327 11.433
4 110.00 0.00 210.00 0.00 120.00 0.00 130.00 0.00 0.437006 16.2258 12.2699
4 100.00 0.00 200.00 0.00 130.00 0.00 140.00 0.00 0.132402 17.4244 13.8716
4 90.00 0.00 190.00 0.00 140.00 0.00 150.00 0.00 0.110678 18.5822 13.965
4 20.00 0.00 220.00 0.00 160.00 0.00 180.00 0.00 0.115476 18.2432 14.4609
4 80.00 0.00 280.00 0.00 100.00 0.00 120.00 0.00 0.242874 21.9407 16.6605
4 40.00 0.00 240.00 0.00 140.00 0.00 160.00 0.00 0.0587904 17.5947 13.5136
4 60.00 0.00 260.00 0.00 120.00 0.00 140.00 0.00 0.0619734 18.879 14.0061
4 110.00 0.00 210.00 0.00 130.00 0.00 140.00 0.00 0.206273 18.3164 13.8931
4 100.00 0.00 200.00 0.00 140.00 0.00 150.00 0.00 0.114484 18.0121 14.3587
4 80.00 0.00 180.00 0.00 160.00 0.00 170.00 0.00 0.354886 15.5057 11.5564
4 90.00 0.00 190.00 0.00 150.00 0.00 160.00 0.00 0.112758 16.5513 12.375
4 20.00 0.00 420.00 0.00 60.00 0.00 100.00 0.00 0.161995 19.9679 15.3565
4 100.00 0.00 200.00 0.00 150.00 0.00 160.00 0.00 0.0963357 15.3547 12.0597
4 120.00 0.00 220.00 0.00 130.00 0.00 140.00 0.00 0.404052 16.8229 12.2931
4 90.00 0.00 190.00 0.00 160.00 0.00 170.00 0.00 0.170393 17.0482 12.7724
4 110.00 0.00 210.00 0.00 140.00 0.00 150.00 0.00 0.141999 19.1119 14.4992
4 20.00 0.00 220.00 0.00 180.00 0.00 200.00 0.00 0.290712 8.99511 6.57793
4 60.00 0.00 260.00 0.00 140.00 0.00 160.00 0.00 0.0536828 17.745 13.1912
4 80.00 0.00 280.00 0.00 120.00 0.00 140.00 0.00 0.0972568 19.5086 14.6705
4 40.00 0.00 240.00 0.00 160.00 0.00 180.00 0.00 0.0719748 19.0115 14.7595
4 100.00 0.00 200.00 0.00 160.00 0.00 170.00 0.00 0.118743 17.4571 13.4538
4 90.00 0.00 190.00 0.00 170.00 0.00 180.00 0.00 0.369575 17.0422 12.6943
4 120.00 0.00 220.00 0.00 140.00 0.00 150.00 0.00 0.210167 19.0275 13.9632
4 110.00 0.00 210.00 0.00 150.00 0.00 160.00 0.00 0.0985943 16.8836 12.8887
4 130.00 0.00 230.00 0.00 140.00 0.00 150.00 0.00 0.403616 16.3854 12.0657
4 100.00 0.00 200.00 0.00 170.00 0.00 180.00 0.00 0.188075 17.3767 13.5442
4 120.00 0.00 220.00 0.00 150.00 0.00 160.00 0.00 0.118763 17.6471 12.8172
4 110.00 0.00 210.00 0.00 160.00 0.00 170.00 0.00 0.101229 18.4051 14.3174
4 60.00 0.00 260.00 0.00 160.00 0.00 180.00 0.00 0.0539407 17.9397 13.9649
4 80.00 0.00 280.00 0.00 140.00 0.00 160.00 0.00 0.0638531 18.3236 13.7897
4 100.00 0.00 300.00 0.00 120.00 0.00 140.00 0.00 0.291008 17.6947 13.584
4 40.00 0.00 240.00 0.00 180.00 0.00 200.00 0.00 0.129808 22.5306 21.2047
4 120.00 0.00 220.00 0.00 160.00 0.00 170.00 0.00 0.101232 20.1118 14.6391
4 110.00 0.00 210.00 0.00 170.00 0.00 180.00 0.00 0.127767 18.952 14.6523
4 130.00 0.00 230.00 0.00 150.00 0.00 160.00 0.00 0.174654 15.6351 11.7368
4 40.00 0.00 440.00 0.00 80.00 0.00 120.00 0.00 0.165087 17.9296 13.7839
4 20.00 0.00 420.00 0.00 100.00 0.00 140.00 0.00 0.0545968 16.1925 13.3383
4 0.00 0.00 400.00 0.00 120.00 0.00 160.00 0.00 0.0297218 4.0858 6.69011
4 140.00 0.00 240.00 0.00 150.00 0.00 160.00 0.00 0.328241 13.4454 9.8065
4 130.00 0.00 230.00 0.00 160.00 0.00 170.00 0.00 0.12306 18.5154 14.0942
4 120.00 0.00 220.00 0.00 170.00 0.00 180.00 0.00 0.102803 20.0147 15.0234
4 110.00 0.00 210.00 0.00 180.00 0.00 190.00 0.00 0.128999 1550.59 797.173
4 80.00 0.00 280.00 0.00 160.00 0.00 180.00 0.00 0.0513054 19.2085 14.6872
4 100.00 0.00 300.00 0.00 140.00 0.00 160.00 0.00 0.116018 17.6501 13.6012
4 60.00 0.00 260.00 0.00 180.00 0.00 200.00 0.00 0.0754091 17.9938 11.8873
4 40.00 0.00 240.00 0.00 200.00 0.00 220.00 0.00 0.335017 16.8786 10.9803
4 140.00 0.00 240.00 0.00 160.00 0.00 170.00 0.00 0.179452 17.5698 13.1147
4 130.00 0.00 230.00 0.00 170.00 0.00 180.00 0.00 0.102289 19.2331 14.8353
4 120.00 0.00 220.00 0.00 180.00 0.00 190.00 0.00 0.0318792 5975.79 2930.36
4 130.00 0.00 230.00 0.00 180.00 0.00 190.00 0.00 0.0156356 11652.4 5763.44
4 150.00 0.00 250.00 0.00 160.00 0.00 170.00 0.00 0.380321 16.3696 11.3905
4 140.00 0.00 240.00 0.00 170.00 0.00 180.00 0.00 0.119349 18.6466 14.1103
4 100.00 0.00 300.00 0.00 160.00 0.00 180.00 0.00 0.0676531 17.52 13.844
4 120.00 0.00 320.00 0.00 140.00 0.00 160.00 0.00 0.276877 17.9893 13.5109
4 80.00 0.00 280.00 0.00 180.00 0.00 200.00 0.00 0.0584111 21.994 18.3689
4 60.00 0.00 260.00 0.00 200.00 0.00 220.00 0.00 0.137311 19.9722 15.8681
4 120.00 0.00 220.00 0.00 200.00 0.00 210.00 0.00 0.410029 41.1744 29.9929
4 150.00 0.00 250.00 0.00 170.00 0.00 180.00 0.00 0.179227 19.1959 13.2182
4 0.00 0.00 400.00 0.00 160.00 0.00 200.00 0.00 0.0297128 195.594 205.231
4 40.00 0.00 440.00 0.00 120.00 0.00 160.00 0.00 0.0516725 10.5826 9.65395
4 60.00 0.00 460.00 0.00 100.00 0.00 140.00 0.00 0.125279 21.0424 15.8486
4 20.00 0.00 420.00 0.00 140.00 0.00 180.00 0.00 0.0234606 360.854 173.008
4 130.00 0.00 230.00 0.00 200.00 0.00 210.00 0.00 0.21862 66.3812 49.0531
4 160.00 0.00 260.00 0.00 170.00 0.00 180.00 0.00 0.327395 14.7102 10.8439
4 150.00 0.00 250.00 0.00 180.00 0.00 190.00 0.00 0.0765991 2125.02 1144.91
4 80.00 0.00 280.00 0.00 200.00 0.00 220.00 0.00 0.0805305 17.0872 12.5392
4 100.00 0.00 300.00 0.00 180.00 0.00 200.00 0.00 0.0596079 5.80634 8.59467
4 0.00 0.00 600.00 0.00 60.00 0.00 120.00 0.00 0.11088 20.942 16.0824
4 120.00 0.00 320.00 0.00 160.00 0.00 180.00 0.00 0.109793 19.7955 15.0793
4 140.00 0.00 240.00 0.00 200.00 0.00 210.00 0.00 0.136777 544.132 218.145
4 130.00 0.00 230.00 0.00 210.00 0.00 220.00 0.00 0.49402 16.2112 11.9966
4 150.00 0.00 250.00 0.00 200.00 0.00 210.00 0.00 0.105815 661.929 259.718
4 140.00 0.00 240.00 0.00 210.00 0.00 220.00 0.00 0.245562 17.6005 13.1874
4 170.00 0.00 270.00 0.00 180.00 0.00 190.00 0.00 0.0959163 12370.4 7087.18
4 100.00 0.00 300.00 0.00 200.00 0.00 220.00 0.00 0.0629792 19.181 16.5248
4 140.00 0.00 340.00 0.00 160.00 0.00 180.00 0.00 0.248193 17.9141 13.2836
4 80.00 0.00 280.00 0.00 220.00 0.00 240.00 0.00 0.144274 29.532 16.8305
4 120.00 0.00 320.00 0.00 180.00 0.00 200.00 0.00 0.0744767 20.3956 14.8276
4 150.00 0.00 250.00 0.00 210.00 0.00 220.00 0.00 0.160162 20.9427 14.1116
4 140.00 0.00 240.00 0.00 220.00 0.00 230.00 0.00 0.45624 16.0326 11.871
4 60.00 0.00 460.00 0.00 140.00 0.00 180.00 0.00 0.0489754 16.92 12.8873
4 0.00 0.00 400.00 0.00 200.00 0.00 240.00 0.00 0.0124465 1243.88 602.43
4 80.00 0.00 480.00 0.00 120.00 0.00 160.00 0.00 0.132202 20.0317 15.1148
4 40.00 0.00 440.00 0.00 160.00 0.00 200.00 0.00 0.028962 18.7507 14.087
4 160.00 0.00 260.00 0.00 210.00 0.00 220.00 0.00 0.125236 17.6924 13.8571
4 150.00 0.00 250.00 0.00 220.00 0.00 230.00 0.00 0.22884 18.9671 13.061
4 140.00 0.00 340.00 0.00 180.00 0.00 200.00 0.00 0.117224 20.9115 15.5287
4 80.00 0.00 280.00 0.00 240.00 0.00 260.00 0.00 0.394458 14.6381 13.2025
4 120.00 0.00 320.00 0.00 200.00 0.00 220.00 0.00 0.0620494 19.7489 16.0311
4 20.00 0.00 620.00 0.00 80.00 0.00 140.00 0.00 0.117739 17.7916 14.02
4 170.00 0.00 270.00 0.00 210.00 0.00 220.00 0.00 0.118089 19.3264 14.112
4 160.00 0.00 260.00 0.00 220.00 0.00 230.00 0.00 0.14633 17.3214 13.4271
4 180.00 0.00 280.00 0.00 210.00 0.00 220.00 0.00 0.139461 19.2287 14.2106
4 170.00 0.00 270.00 0.00 220.00 0.00 230.00 0.00 0.113355 18.7062 13.7842
4 190.00 0.00 290.00 0.00 200.00 0.00 210.00 0.00 0.378844 41.4061 23.1284
4 160.00 0.00 360.00 0.00 180.00 0.00 200.00 0.00 0.265339 18.0806 13.0903
4 120.00 0.00 320.00 0.00 220.00 0.00 240.00 0.00 0.0659615 39.5843 17.5698
4 140.00 0.00 340.00 0.00 200.00 0.00 220.00 0.00 0.0755311 19.6023 14.2402
4 100.00 0.00 300.00 0.00 240.00 0.00 260.00 0.00 0.151244 135.438 72.9465
4 190.00 0.00 290.00 0.00 210.00 0.00 220.00 0.00 0.213345 18.1612 13.4122
4 160.00 0.00 260.00 0.00 240.00 0.00 250.00 0.00 0.533301 189.113 97.9007
4 180.00 0.00 280.00 0.00 220.00 0.00 230.00 0.00 0.108562 19.1029 14.0648
4 0.00 0.00 400.00 0.00 240.00 0.00 280.00 0.00 0.0341561 26.6771 24.6829
4 20.00 0.00 420.00 0.00 220.00 0.00 260.00 0.00 0.0241215 44.3611 28.2887
4 100.00 0.00 500.00 0.00 140.00 0.00 180.00 0.00 0.157422 15.3139 12.5263
4 200.00 0.00 300.00 0.00 210.00 0.00 220.00 0.00 0.430482 15.976 11.9537
4 170.00 0.00 270.00 0.00 240.00 0.00 250.00 0.00 0.25347 427.829 215.484
4 190.00 0.00 290.00 0.00 220.00 0.00 230.00 0.00 0.129501 18.6997 13.7345
4 140.00 0.00 340.00 0.00 220.00 0.00 240.00 0.00 0.0643535 4.26763 4.03878
4 160.00 0.00 360.00 0.00 200.00 0.00 220.00 0.00 0.11702 19.3871 14.9977
4 100.00 0.00 300.00 0.00 260.00 0.00 280.00 0.00 0.371805 18.1686 13.6059
4 120.00 0.00 320.00 0.00 240.00 0.00 260.00 0.00 0.088715 4.00938 13.0655
4 40.00 0.00 640.00 0.00 100.00 0.00 160.00 0.00 0.0955354 17.0231 13.6842
4 190.00 0.00 290.00 0.00 230.00 0.00 240.00 0.00 0.126993 1.13022 3.76335
4 180.00 0.00 280.00 0.00 240.00 0.00 250.00 0.00 0.171636 40.7941 25.5482
4 200.00 0.00 300.00 0.00 220.00 0.00 230.00 0.00 0.190419 18.6993 13.282
4 190.00 0.00 290.00 0.00 240.00 0.00 250.00 0.00 0.132112 44.7761 26.4435
4 210.00 0.00 310.00 0.00 220.00 0.00 230.00 0.00 0.379352 17.0287 12.3803
4 200.00 0.00 300.00 0.00 230.00 0.00 240.00 0.00 0.143947 364.962 182.252
4 140.00 0.00 340.00 0.00 240.00 0.00 260.00 0.00 0.0685641 47.2603 35.0015
4 160.00 0.00 360.00 0.00 220.00 0.00 240.00 0.00 0.0789976 7.85894 13.2521
4 120.00 0.00 320.00 0.00 260.00 0.00 280.00 0.00 0.144944 19.3521 14.8952
4 180.00 0.00 380.00 0.00 200.00 0.00 220.00 0.00 0.263501 18.47 13.9447
4 20.00 0.00 620.00 0.00 140.00 0.00 200.00 0.00 0.0284815 415.323 294.2
4 210.00 0.00 310.00 0.00 230.00 0.00 240.00 0.00 0.214642 316.276 159.118
4 180.00 0.00 280.00 0.00 260.00 0.00 270.00 0.00 0.584581 59.0118 35.5941
4 0.00 0.00 400.00 0.00 280.00 0.00 320.00 0.00 0.308264 46.3842 63.7953
4 20.00 0.00 420.00 0.00 260.00 0.00 300.00 0.00 0.0342382 41.7894 40.3668
4 100.00 0.00 500.00 0.00 180.00 0.00 220.00 0.00 0.0627814 19.7753 16.1781
4 120.00 0.00 520.00 0.00 160.00 0.00 200.00 0.00 0.159613 3.86535 4.05755
4 40.00 0.00 440.00 0.00 240.00 0.00 280.00 0.00 0.0239633 45.6302 34.387
4 60.00 0.00 460.00 0.00 220.00 0.00 260.00 0.00 0.0241928 37.3437 32.6898
4 200.00 0.00 300.00 0.00 250.00 0.00 260.00 0.00 0.133344 19.5238 14.7805
4 220.00 0.00 320.00 0.00 230.00 0.00 240.00 0.00 0.451286 353.695 180.171
4 190.00 0.00 290.00 0.00 260.00 0.00 270.00 0.00 0.28016 111.812 64.9605
4 120.00 0.00 320.00 0.00 280.00 0.00 300.00 0.00 0.369845 13.1332 10.4418
4 180.00 0.00 380.00 0.00 220.00 0.00 240.00 0.00 0.119792 1.3497 4.65594
4 140.00 0.00 340.00 0.00 260.00 0.00 280.00 0.00 0.0827845 19.1116 14.9134
4 160.00 0.00 360.00 0.00 240.00 0.00 260.00 0.00 0.0675218 33.851 16.4096
4 60.00 0.00 660.00 0.00 120.00 0.00 180.00 0.00 0.0903433 3.21219 4.96391
4 210.00 0.00 310.00 0.00 250.00 0.00 260.00 0.00 0.128708 20.3838 15.0561
4 190.00 0.00 290.00 0.00 270.00 0.00 280.00 0.00 0.523792 17.3142 12.9412
4 200.00 0.00 300.00 0.00 270.00 0.00 280.00 0.00 0.219279 1846.85 1061.59
4 220.00 0.00 320.00 0.00 250.00 0.00 260.00 0.00 0.157136 18.5525 14.0984
4 140.00 0.00 340.00 0.00 280.00 0.00 300.00 0.00 0.139228 13.6888 9.80653
4 200.00 0.00 400.00 0.00 220.00 0.00 240.00 0.00 0.28044 151.113 72.4881
4 160.00 0.00 360.00 0.00 260.00 0.00 280.00 0.00 0.0652568 19.4718 14.1708
4 180.00 0.00 380.00 0.00 240.00 0.00 260.00 0.00 0.083179 45.1088 29.2025
4 40.00 0.00 640.00 0.00 160.00 0.00 220.00 0.00 0.0333519 16.0543 14.6718
4 210.00 0.00 310.00 0.00 270.00 0.00 280.00 0.00 0.151803 2000.06 928.735
4 230.00 0.00 330.00 0.00 250.00 0.00 260.00 0.00 0.235736 17.9508 13.3429
4 200.00 0.00 300.00 0.00 280.00 0.00 290.00 0.00 0.54944 18.5037 14.0405
4 140.00 0.00 540.00 0.00 180.00 0.00 220.00 0.00 0.166535 19.8106 14.9261
4 80.00 0.00 480.00 0.00 240.00 0.00 280.00 0.00 0.0244206 659.001 311.774
4 100.00 0.00 500.00 0.00 220.00 0.00 260.00 0.00 0.037585 38.5822 25.8726
4 40.00 0.00 440.00 0.00 280.00 0.00 320.00 0.00 0.154805 554.828 487.064
4 220.00 0.00 320.00 0.00 270.00 0.00 280.00 0.00 0.124153 502.755 206.08
4 210.00 0.00 310.00 0.00 280.00 0.00 290.00 0.00 0.277181 20.2669 15.0397
4 240.00 0.00 340.00 0.00 250.00 0.00 260.00 0.00 0.502423 16.7721 12.423
4 140.00 0.00 340.00 0.00 300.00 0.00 320.00 0.00 0.348579 20.2985 10.0617
4 180.00 0.00 380.00 0.00 260.00 0.00 280.00 0.00 0.0644419 19.1361 14.9485
4 160.00 0.00 360.00 0.00 280.00 0.00 300.00 0.00 0.082407 18.563 12.5871
4 80.00 0.00 680.00 0.00 140.00 0.00 200.00 0.00 0.0884318 363.332 223.64
4 220.00 0.00 320.00 0.00 280.00 0.00 290.00 0.00 0.168951 20.0718 15.4488
4 210.00 0.00 310.00 0.00 290.00 0.00 300.00 0.00 0.558533 16.3908 12.665
4 240.00 0.00 340.00 0.00 260.00 0.00 270.00 0.00 0.247518 709.991 296.926
4 230.00 0.00 330.00 0.00 270.00 0.00 280.00 0.00 0.117341 1457.87 673.061
4 220.00 0.00 320.00 0.00 290.00 0.00 300.00 0.00 0.257278 23.0614 16.9664
4 230.00 0.00 330.00 0.00 280.00 0.00 290.00 0.00 0.130178 20.4127 15.3758
4 250.00 0.00 350.00 0.00 260.00 0.00 270.00 0.00 0.521475 342.036 169.864
4 0.00 0.00 600.00 0.00 240.00 0.00 300.00 0.00 0.012584 57.8536 43.651
4 180.00 0.00 380.00 0.00 280.00 0.00 300.00 0.00 0.0651902 19.6271 15.1332
4 160.00 0.00 360.00 0.00 300.00 0.00 320.00 0.00 0.13384 24.8689 10.7004
4 200.00 0.00 400.00 0.00 260.00 0.00 280.00 0.00 0.0798671 29.4496 19.7018
4 60.00 0.00 660.00 0.00 180.00 0.00 240.00 0.00 0.0347856 16.0884 13.623
4 230.00 0.00 330.00 0.00 290.00 0.00 300.00 0.00 0.158946 21.5299 15.8417
4 220.00 0.00 320.00 0.00 300.00 0.00 310.00 0.00 0.542414 16.593 12.847
4 240.00 0.00 340.00 0.00 280.00 0.00 290.00 0.00 0.130686 20.1021 15.1627
4 120.00 0.00 520.00 0.00 240.00 0.00 280.00 0.00 0.0361467 3125.19 1505.11
4 100.00 0.00 500.00 0.00 260.00 0.00 300.00 0.00 0.0265698 4.5137 11.643
4 60.00 0.00 460.00 0.00 300.00 0.00 340.00 0.00 0.0285507 66.7061 32.9056
4 20.00 0.00 420.00 0.00 340.00 0.00 380.00 0.00 0.144339 19.624 14.5734
4 230.00 0.00 330.00 0.00 300.00 0.00 310.00 0.00 0.245995 18.795 14.56
4 250.00 0.00 350.00 0.00 280.00 0.00 290.00 0.00 0.167392 19.5978 14.5817
4 240.00 0.00 340.00 0.00 290.00 0.00 300.00 0.00 0.127174 18.4368 13.5683
4 160.00 0.00 360.00 0.00 320.00 0.00 340.00 0.00 0.344518 18.0392 16.9339
4 200.00 0.00 400.00 0.00 280.00 0.00 300.00 0.00 0.0635364 105.416 80.3581
4 100.00 0.00 700.00 0.00 160.00 0.00 220.00 0.00 0.111855 17.5318 14.3368
4 40.00 0.00 640.00 0.00 220.00 0.00 280.00 0.00 0.0188821 13.9559 15.4298
4 260.00 0.00 360.00 0.00 280.00 0.00 290.00 0.00 0.270809 18.5059 13.922
4 250.00 0.00 350.00 0.00 290.00 0.00 300.00 0.00 0.130166 17.5251 12.7439
4 240.00 0.00 340.00 0.00 300.00 0.00 310.00 0.00 0.152377 22.1143 17.0242
4 230.00 0.00 330.00 0.00 310.00 0.00 320.00 0.00 0.546185 18.4186 13.7756
4 270.00 0.00 370.00 0.00 280.00 0.00 290.00 0.00 0.575415 16.9662 12.6905
4 260.00 0.00 360.00 0.00 290.00 0.00 300.00 0.00 0.170821 21.1626 15.131
4 250.00 0.00 350.00 0.00 300.00 0.00 310.00 0.00 0.120546 23.4766 18.059
4 240.00 0.00 340.00 0.00 310.00 0.00 320.00 0.00 0.253678 19.7497 14.658
4 180.00 0.00 380.00 0.00 320.00 0.00 340.00 0.00 0.128834 51.1051 29.9157
4 220.00 0.00 420.00 0.00 280.00 0.00 300.00 0.00 0.0728908 885.704 566.814
4 200.00 0.00 400.00 0.00 300.00 0.00 320.00 0.00 0.187243 158.561 227.753
4 270.00 0.00 370.00 0.00 290.00 0.00 300.00 0.00 0.280064 19.2827 14.0756
4 260.00 0.00 360.00 0.00 300.00 0.00 310.00 0.00 0.125526 17.3199 14.2828
4 250.00 0.00 350.00 0.00 310.00 0.00 320.00 0.00 0.15736 19.7217 14.915
4 240.00 0.00 340.00 0.00 320.00 0.00 330.00 0.00 0.55107 18.4531 13.8554
4 60.00 0.00 460.00 0.00 340.00 0.00 380.00 0.00 0.0556989 20.0189 14.5979
4 180.00 0.00 580.00 0.00 220.00 0.00 260.00 0.00 0.175344 10.6483 9.4369
4 160.00 0.00 560.00 0.00 240.00 0.00 280.00 0.00 0.0708769 978.08 466.237
4 40.00 0.00 440.00 0.00 360.00 0.00 400.00 0.00 0.124545 248.058 97.8586
4 140.00 0.00 540.00 0.00 260.00 0.00 300.00 0.00 0.035485 736.526 406.727
4 280.00 0.00 380.00 0.00 290.00 0.00 300.00 0.00 0.552665 16.9303 12.5599
4 250.00 0.00 350.00 0.00 320.00 0.00 330.00 0.00 0.246478 19.486 14.7822
4 270.00 0.00 370.00 0.00 300.00 0.00 310.00 0.00 0.16399 17.1395 13.87
4 260.00 0.00 360.00 0.00 310.00 0.00 320.00 0.00 0.131357 20.6853 15.619
4 240.00 0.00 440.00 0.00 280.00 0.00 300.00 0.00 0.145077 70.5124 51.3142
4 180.00 0.00 380.00 0.00 340.00 0.00 360.00 0.00 0.343935 24.4134 14.8894
4 60.00 0.00 660.00 0.00 240.00 0.00 300.00 0.00 0.0164875 149.227 85.8995
4 120.00 0.00 720.00 0.00 180.00 0.00 240.00 0.00 0.122011 21.3268 15.6575
4 270.00 0.00 370.00 0.00 310.00 0.00 320.00 0.00 0.138459 20.2603 15.4077
4 260.00 0.00 360.00 0.00 320.00 0.00 330.00 0.00 0.159705 20.0859 15.2461
4 280.00 0.00 380.00 0.00 300.00 0.00 310.00 0.00 0.25282 18.8017 13.9631
4 250.00 0.00 350.00 0.00 330.00 0.00 340.00 0.00 0.504541 17.2671 12.9572
4 280.00 0.00 380.00 0.00 310.00 0.00 320.00 0.00 0.176302 20.2154 14.8085
4 270.00 0.00 370.00 0.00 320.00 0.00 330.00 0.00 0.131072 20.425 15.4518
4 260.00 0.00 360.00 0.00 330.00 0.00 340.00 0.00 0.244652 18.531 13.9665
4 290.00 0.00 390.00 0.00 300.00 0.00 310.00 0.00 0.524766 17.8552 13.4118
4 240.00 0.00 440.00 0.00 300.00 0.00 320.00 0.00 0.207031 532.897 439.77
4 260.00 0.00 460.00 0.00 280.00 0.00 300.00 0.00 0.386915 81.5065 53.6007
4 100.00 0.00 700.00 0.00 220.00 0.00 280.00 0.00 0.0442735 14.8032 14.0793
4 40.00 0.00 640.00 0.00 280.00 0.00 340.00 0.00 0.0120958 14.8922 19.078
4 260.00 0.00 360.00 0.00 340.00 0.00 350.00 0.00 0.534606 18.2194 13.1728
4 280.00 0.00 380.00 0.00 320.00 0.00 330.00 0.00 0.132851 20.6984 15.3112
4 270.00 0.00 370.00 0.00 330.00 0.00 340.00 0.00 0.157385 19.1663 14.6093
4 290.00 0.00 390.00 0.00 310.00 0.00 320.00 0.00 0.28512 19.301 14.4718
4 180.00 0.00 580.00 0.00 260.00 0.00 300.00 0.00 0.0703085 44.3626 26.6656
4 100.00 0.00 500.00 0.00 340.00 0.00 380.00 0.00 0.0307077 16.2573 16.8706
4 60.00 0.00 460.00 0.00 380.00 0.00 420.00 0.00 0.133503 19.821 14.354
4 80.00 0.00 480.00 0.00 360.00 0.00 400.00 0.00 0.0355022 1220.32 297.995
4 300.00 0.00 400.00 0.00 310.00 0.00 320.00 0.00 0.586838 17.721 13.2943
4 280.00 0.00 380.00 0.00 330.00 0.00 340.00 0.00 0.126692 20.0022 15.3755
4 270.00 0.00 370.00 0.00 340.00 0.00 350.00 0.00 0.252728 18.7682 14.1676
4 290.00 0.00 390.00 0.00 320.00 0.00 330.00 0.00 0.170984 20.0515 15.102
4 200.00 0.00 400.00 0.00 360.00 0.00 380.00 0.00 0.316279 592.761 253.893
4 20.00 0.00 620.00 0.00 320.00 0.00 380.00 0.00 0.0108867 2.19734 12.5169
4 140.00 0.00 740.00 0.00 200.00 0.00 260.00 0.00 0.123616 231.099 132.447
4 300.00 0.00 400.00 0.00 320.00 0.00 330.00 0.00 0.267871 19.4369 14.6482
4 290.00 0.00 390.00 0.00 330.00 0.00 340.00 0.00 0.128912 19.871 15.0301
4 280.00 0.00 380.00 0.00 340.00 0.00 350.00 0.00 0.159932 19.8917 15.0085
4 270.00 0.00 370.00 0.00 350.00 0.00 360.00 0.00 0.508754 18.3398 13.7182
4 300.00 0.00 400.00 0.00 330.00 0.00 340.00 0.00 0.161242 19.6473 14.9881
4 290.00 0.00 390.00 0.00 340.00 0.00 350.00 0.00 0.127712 20.0366 14.8526
4 280.00 0.00 380.00 0.00 350.00 0.00 360.00 0.00 0.239504 19.15 14.6233
4 310.00 0.00 410.00 0.00 320.00 0.00 330.00 0.00 0.564963 17.9728 13.6849
4 0.00 0.00 600.00 0.00 360.00 0.00 420.00 0.00 0.01515 875.284 67.7928
4 120.00 0.00 720.00 0.00 240.00 0.00 300.00 0.00 0.0466262 18.6422 16.405
4 290.00 0.00 390.00 0.00 350.00 0.00 360.00 0.00 0.14976 19.176 14.5824
4 300.00 0.00 400.00 0.00 340.00 0.00 350.00 0.00 0.14335 595.506 380.65
4 280.00 0.00 380.00 0.00 360.00 0.00 370.00 0.00 0.52399 9.76319 7.08943
4 310.00 0.00 410.00 0.00 330.00 0.00 340.00 0.00 0.25493 18.5938 14.5957
4 140.00 0.00 540.00 0.00 340.00 0.00 380.00 0.00 0.023815 20.1777 17.3193
4 160.00 0.00 560.00 0.00 320.00 0.00 360.00 0.00 0.0294462 4314.31 2938.42
4 80.00 0.00 480.00 0.00 400.00 0.00 440.00 0.00 0.126738 21.1885 15.532
4 100.00 0.00 500.00 0.00 380.00 0.00 420.00 0.00 0.0531176 17.4445 15.6942
4 120.00 0.00 520.00 0.00 360.00 0.00 400.00 0.00 0.0310069 846.761 230.863
4 180.00 0.00 580.00 0.00 300.00 0.00 340.00 0.00 0.0367437 24.0743 22.5744
4 220.00 0.00 620.00 0.00 260.00 0.00 300.00 0.00 0.195652 47.6345 34.7258
4 310.00 0.00 410.00 0.00 340.00 0.00 350.00 0.00 0.157532 20.4699 16.0042
4 320.00 0.00 420.00 0.00 330.00 0.00 340.00 0.00 0.548918 17.8479 13.6921
4 220.00 0.00 420.00 0.00 380.00 0.00 400.00 0.00 0.269512 19.4635 14.5016
4 160.00 0.00 760.00 0.00 220.00 0.00 280.00 0.00 0.131628 20.0244 14.5389
4 40.00 0.00 640.00 0.00 340.00 0.00 400.00 0.00 0.011296 16.2017 19.5572
4 100.00 0.00 700.00 0.00 280.00 0.00 340.00 0.00 0.020513 10.6472 14.4365
4 290.00 0.00 390.00 0.00 370.00 0.00 380.00 0.00 0.558574 36.9222 24.7791
4 310.00 0.00 410.00 0.00 350.00 0.00 360.00 0.00 0.109069 17.9881 14.3537
4 320.00 0.00 420.00 0.00 340.00 0.00 350.00 0.00 0.255882 20.7677 15.8093
4 300.00 0.00 400.00 0.00 370.00 0.00 380.00 0.00 0.118393 6486.01 4045.23
4 310.00 0.00 410.00 0.00 360.00 0.00 370.00 0.00 0.109104 19.842 15.6891
4 330.00 0.00 430.00 0.00 340.00 0.00 350.00 0.00 0.562057 19.1368 14.1775
4 320.00 0.00 420.00 0.00 350.00 0.00 360.00 0.00 0.139722 18.5165 14.808
4 240.00 0.00 440.00 0.00 380.00 0.00 400.00 0.00 0.102509 20.1266 14.9282
4 20.00 0.00 620.00 0.00 380.00 0.00 440.00 0.00 0.0150247 5.57413 11.7041
4 80.00 0.00 680.00 0.00 320.00 0.00 380.00 0.00 0.0116047 10.6049 15.6508
4 300.00 0.00 400.00 0.00 380.00 0.00 390.00 0.00 0.557023 18.2025 13.5581
4 320.00 0.00 420.00 0.00 360.00 0.00 370.00 0.00 0.10934 17.6425 14.7642
4 310.00 0.00 410.00 0.00 370.00 0.00 380.00 0.00 0.138634 21.0357 16.6354
4 330.00 0.00 430.00 0.00 350.00 0.00 360.00 0.00 0.230315 18.8527 14.1932
4 200.00 0.00 600.00 0.00 320.00 0.00 360.00 0.00 0.139124 2408.78 2154.59
4 180.00 0.00 580.00 0.00 340.00 0.00 380.00 0.00 0.0239676 22.655 17.482
4 120.00 0.00 520.00 0.00 400.00 0.00 440.00 0.00 0.0516605 22.8275 16.4251
4 100.00 0.00 500.00 0.00 420.00 0.00 460.00 0.00 0.119796 20.964 16.6225
4 140.00 0.00 540.00 0.00 380.00 0.00 420.00 0.00 0.031566 21.1672 17.5626
4 160.00 0.00 560.00 0.00 360.00 0.00 400.00 0.00 0.02231 902.592 257.678
4 240.00 0.00 640.00 0.00 280.00 0.00 320.00 0.00 0.202859 20.0275 14.81
4 340.00 0.00 440.00 0.00 350.00 0.00 360.00 0.00 0.491051 23.1375 17.2408
4 330.00 0.00 430.00 0.00 360.00 0.00 370.00 0.00 0.144031 18.5612 14.269
4 320.00 0.00 420.00 0.00 370.00 0.00 380.00 0.00 0.105085 18.5152 13.6113
4 310.00 0.00 410.00 0.00 380.00 0.00 390.00 0.00 0.228971 19.2728 14.4339
4 0.00 0.00 600.00 0.00 420.00 0.00 480.00 0.00 0.0299813 18.8282 17.0922
4 260.00 0.00 460.00 0.00 380.00 0.00 400.00 0.00 0.0715366 20.3885 15.1548
4 240.00 0.00 440.00 0.00 400.00 0.00 420.00 0.00 0.201432 20.5714 15.3076
4 120.00 0.00 720.00 0.00 300.00 0.00 360.00 0.00 0.0202038 14.8321 12.4658
4 60.00 0.00 660.00 0.00 360.00 0.00 420.00 0.00 0.0112682 4.5735 15.3806
4 180.00 0.00 780.00 0.00 240.00 0.00 300.00 0.00 0.132664 21.6999 15.3295
4 320.00 0.00 420.00 0.00 380.00 0.00 390.00 0.00 0.12654 20.4381 15.3745
4 340.00 0.00 440.00 0.00 360.00 0.00 370.00 0.00 0.235483 8.92384 8.34715
4 330.00 0.00 430.00 0.00 370.00 0.00 380.00 0.00 0.11055 18.7853 13.8952
4 310.00 0.00 410.00 0.00 390.00 0.00 400.00 0.00 0.543522 16.883 12.5775
4 330.00 0.00 430.00 0.00 380.00 0.00 390.00 0.00 0.104402 19.85 15.3829
4 350.00 0.00 450.00 0.00 360.00 0.00 370.00 0.00 0.520384 13.4124 10.2822
4 340.00 0.00 440.00 0.00 370.00 0.00 380.00 0.00 0.146494 10.8172 8.84257
4 320.00 0.00 420.00 0.00 390.00 0.00 400.00 0.00 0.202093 18.9269 14.0797
4 260.00 0.00 460.00 0.00 400.00 0.00 420.00 0.00 0.0918988 20.8163 15.438
4 320.00 0.00 520.00 0.00 340.00 0.00 360.00 0.00 0.293595 274.762 135.12
4 160.00 0.00 760.00 0.00 280.00 0.00 340.00 0.00 0.0450823 21.8105 16.202
4 100.00 0.00 700.00 0.00 340.00 0.00 400.00 0.00 0.0123065 3.17228 13.8384
4 40.00 0.00 640.00 0.00 400.00 0.00 460.00 0.00 0.0147236 8.52556 12.0539
4 350.00 0.00 450.00 0.00 370.00 0.00 380.00 0.00 0.242844 13.7623 9.86299
4 340.00 0.00 440.00 0.00 380.00 0.00 390.00 0.00 0.113113 17.6388 13.5302
4 330.00 0.00 430.00 0.00 390.00 0.00 400.00 0.00 0.125346 19.1989 14.5648
4 320.00 0.00 420.00 0.00 400.00 0.00 410.00 0.00 0.401647 17.9759 13.2785
4 200.00 0.00 600.00 0.00 360.00 0.00 400.00 0.00 0.0283586 6195.15 1700.5
4 180.00 0.00 580.00 0.00 380.00 0.00 420.00 0.00 0.0227677 24.0351 19.7333
4 160.00 0.00 560.00 0.00 400.00 0.00 440.00 0.00 0.0290047 24.2156 18.1693
4 120.00 0.00 520.00 0.00 440.00 0.00 480.00 0.00 0.12787 22.8176 16.3719
4 140.00 0.00 540.00 0.00 420.00 0.00 460.00 0.00 0.0516901 21.9811 17.1623
4 240.00 0.00 640.00 0.00 320.00 0.00 360.00 0.00 0.0690518 20.4548 15.0794
4 220.00 0.00 620.00 0.00 340.00 0.00 380.00 0.00 0.0346471 17.3359 14.8226
4 350.00 0.00 450.00 0.00 380.00 0.00 390.00 0.00 0.152751 20.1192 14.6246
4 340.00 0.00 440.00 0.00 390.00 0.00 400.00 0.00 0.109867 19.0909 14.4586
4 330.00 0.00 430.00 0.00 400.00 0.00 410.00 0.00 0.163162 19.5086 14.7069
4 360.00 0.00 460.00 0.00 370.00 0.00 380.00 0.00 0.513201 15.1387 11.3168
4 260.00 0.00 460.00 0.00 420.00 0.00 440.00 0.00 0.236534 19.686 14.5816
4 300.00 0.00 500.00 0.00 380.00 0.00 400.00 0.00 0.0642759 23.0059 15.8021
4 200.00 0.00 800.00 0.00 260.00 0.00 320.00 0.00 0.131643 21.4155 15.2084
4 80.00 0.00 680.00 0.00 380.00 0.00 440.00 0.00 0.01093 6.42325 15.5588
4 140.00 0.00 740.00 0.00 320.00 0.00 380.00 0.00 0.0197729 20.2566 18.2967
4 20.00 0.00 620.00 0.00 440.00 0.00 500.00 0.00 0.0292202 15.3957 15.3139
4 350.00 0.00 450.00 0.00 390.00 0.00 400.00 0.00 0.123524 21.5202 14.8851
4 340.00 0.00 440.00 0.00 400.00 0.00 410.00 0.00 0.109471 19.7615 14.891
4 330.00 0.00 430.00 0.00 410.00 0.00 420.00 0.00 0.35472 18.4851 13.9184
4 360.00 0.00 460.00 0.00 380.00 0.00 390.00 0.00 0.24537 8.20551 7.14167
4 350.00 0.00 450.00 0.00 400.00 0.00 410.00 0.00 0.101807 19.1176 14.9471
4 340.00 0.00 440.00 0.00 410.00 0.00 420.00 0.00 0.147429 20.0067 15.091
4 370.00 0.00 470.00 0.00 380.00 0.00 390.00 0.00 0.522527 13.909 10.6612
4 360.00 0.00 460.00 0.00 390.00 0.00 400.00 0.00 0.164125 18.876 14.4002
4 320.00 0.00 520.00 0.00 380.00 0.00 400.00 0.00 0.0849038 21.8803 15.9973
4 300.00 0.00 500.00 0.00 400.00 0.00 420.00 0.00 0.0531897 20.4612 15.5661
4 280.00 0.00 480.00 0.00 420.00 0.00 440.00 0.00 0.0919563 6.4245 16.5249
4 0.00 0.00 600.00 0.00 480.00 0.00 540.00 0.00 0.0879123 22.4085 17.1505
4 120.00 0.00 720.00 0.00 360.00 0.00 420.00 0.00 0.0123217 18.4499 16.722
4 60.00 0.00 660.00 0.00 420.00 0.00 480.00 0.00 0.0153936 7.74945 14.274
4 180.00 0.00 780.00 0.00 300.00 0.00 360.00 0.00 0.0425575 22.3021 17.9128
4 360.00 0.00 460.00 0.00 400.00 0.00 410.00 0.00 0.114453 19.846 15.1995
4 350.00 0.00 450.00 0.00 410.00 0.00 420.00 0.00 0.100959 19.8075 15.3792
4 340.00 0.00 440.00 0.00 420.00 0.00 430.00 0.00 0.427081 18.1398 13.6431
4 370.00 0.00 470.00 0.00 390.00 0.00 400.00 0.00 0.267264 18.5474 13.8848
4 180.00 0.00 580.00 0.00 420.00 0.00 460.00 0.00 0.0265887 23.929 18.5944
4 160.00 0.00 560.00 0.00 440.00 0.00 480.00 0.00 0.0521178 23.3852 17.5297
4 140.00 0.00 540.00 0.00 460.00 0.00 500.00 0.00 0.138914 22.0625 16.4054
4 200.00 0.00 600.00 0.00 400.00 0.00 440.00 0.00 0.0207127 23.5231 20.2524
4 240.00 0.00 640.00 0.00 360.00 0.00 400.00 0.00 0.0366297 21.3644 15.6049
4 220.00 0.00 620.00 0.00 380.00 0.00 420.00 0.00 0.0243698 17.0443 15.8724
4 280.00 0.00 680.00 0.00 320.00 0.00 360.00 0.00 0.203869 19.7974 14.9234
4 260.00 0.00 660.00 0.00 340.00 0.00 380.00 0.00 0.0683402 19.6254 15.0925
4 350.00 0.00 450.00 0.00 420.00 0.00 430.00 0.00 0.173325 19.5229 14.8991
4 370.00 0.00 470.00 0.00 400.00 0.00 410.00 0.00 0.155387 20.1301 15.0768
4 360.00 0.00 460.00 0.00 410.00 0.00 420.00 0.00 0.0914222 20.2484 15.6379
4 380.00 0.00 480.00 0.00 390.00 0.00 400.00 0.00 0.580968 17.4013 13.0152
4 320.00 0.00 520.00 0.00 400.00 0.00 420.00 0.00 0.0580676 22.0619 15.9303
4 300.00 0.00 500.00 0.00 420.00 0.00 440.00 0.00 0.059003 21.0719 15.6693
4 280.00 0.00 480.00 0.00 440.00 0.00 460.00 0.00 0.244686 15.6698 16.8464
4 340.00 0.00 540.00 0.00 380.00 0.00 400.00 0.00 0.145701 20.7414 15.6899
4 40.00 0.00 640.00 0.00 460.00 0.00 520.00 0.00 0.0306025 20.4301 17.7195
4 160.00 0.00 760.00 0.00 340.00 0.00 400.00 0.00 0.01964 24.738 18.1889
4 350.00 0.00 450.00 0.00 430.00 0.00 440.00 0.00 0.379489 17.2153 13.0479
4 370.00 0.00 470.00 0.00 410.00 0.00 420.00 0.00 0.101006 21.203 15.8124
4 360.00 0.00 460.00 0.00 420.00 0.00 430.00 0.00 0.112226 19.9898 15.1579
4 380.00 0.00 480.00 0.00 400.00 0.00 410.00 0.00 0.264792 19.5919 14.8322
4 390.00 0.00 490.00 0.00 400.00 0.00 410.00 0.00 0.59428 18.103 13.3827
4 380.00 0.00 480.00 0.00 410.00 0.00 420.00 0.00 0.140962 21.3274 16.2231
4 370.00 0.00 470.00 0.00 420.00 0.00 430.00 0.00 0.0907767 20.0837 15.3129
4 360.00 0.00 460.00 0.00 430.00 0.00 440.00 0.00 0.16864 18.6973 14.09
4 300.00 0.00 500.00 0.00 440.00 0.00 460.00 0.00 0.0841479 22.1243 16.3657
4 360.00 0.00 560.00 0.00 380.00 0.00 400.00 0.00 0.365613 19.7625 14.7436
4 320.00 0.00 520.00 0.00 420.00 0.00 440.00 0.00 0.0509106 22.7682 16.5342
4 340.00 0.00 540.00 0.00 400.00 0.00 420.00 0.00 0.0783471 20.862 15.9949
4 140.00 0.00 740.00 0.00 380.00 0.00 440.00 0.00 0.0120235 15.3364 16.8367
4 20.00 0.00 620.00 0.00 500.00 0.00 560.00 0.00 0.0927797 20.1466 16.1823
4 200.00 0.00 800.00 0.00 320.00 0.00 380.00 0.00 0.0413205 27.1216 18.7793
4 80.00 0.00 680.00 0.00 440.00 0.00 500.00 0.00 0.0153925 12.6471 16.6137
4 390.00 0.00 490.00 0.00 410.00 0.00 420.00 0.00 0.246978 20.6002 15.38
4 360.00 0.00 460.00 0.00 440.00 0.00 450.00 0.00 0.418797 17.3439 13.1268
4 380.00 0.00 480.00 0.00 420.00 0.00 430.00 0.00 0.0947212 21.2844 15.9306
4 370.00 0.00 470.00 0.00 430.00 0.00 440.00 0.00 0.101176 19.4553 14.7301
4 160.00 0.00 560.00 0.00 480.00 0.00 520.00 0.00 0.138099 23.7406 17.6054
4 200.00 0.00 600.00 0.00 440.00 0.00 480.00 0.00 0.0266216 25.346 21.0574
4 180.00 0.00 580.00 0.00 460.00 0.00 500.00 0.00 0.0504076 24.3706 17.7854
4 300.00 0.00 700.00 0.00 340.00 0.00 380.00 0.00 0.192665 20.281 15.2973
4 220.00 0.00 620.00 0.00 420.00 0.00 460.00 0.00 0.0191689 13.405 14.1106
4 240.00 0.00 640.00 0.00 400.00 0.00 440.00 0.00 0.02263 22.3438 15.8827
4 260.00 0.00 660.00 0.00 380.00 0.00 420.00 0.00 0.0376793 20.5159 16.4313
4 280.00 0.00 680.00 0.00 360.00 0.00 400.00 0.00 0.0706361 20.1166 15.0398
4 400.00 0.00 500.00 0.00 410.00 0.00 420.00 0.00 0.591696 17.0572 12.8979
4 380.00 0.00 480.00 0.00 430.00 0.00 440.00 0.00 0.0834569 21.5003 14.6823
4 370.00 0.00 470.00 0.00 440.00 0.00 450.00 0.00 0.157177 19.0478 14.5313
4 390.00 0.00 490.00 0.00 420.00 0.00 430.00 0.00 0.12184 21.4976 15.5948
4 360.00 0.00 560.00 0.00 400.00 0.00 420.00 0.00 0.136357 20.9576 15.4543
4 340.00 0.00 540.00 0.00 420.00 0.00 440.00 0.00 0.0530529 20.2213 15.605
4 300.00 0.00 500.00 0.00 460.00 0.00 480.00 0.00 0.215232 21.3251 15.7381
4 320.00 0.00 520.00 0.00 440.00 0.00 460.00 0.00 0.0571425 23.3133 17.0474
4 180.00 0.00 780.00 0.00 360.00 0.00 420.00 0.00 0.0191971 45.9018 27.9661
4 120.00 0.00 720.00 0.00 420.00 0.00 480.00 0.00 0.0103904 18.1855 17.4829
4 60.00 0.00 660.00 0.00 480.00 0.00 540.00 0.00 0.0325163 18.2768 17.5117
4 400.00 0.00 500.00 0.00 420.00 0.00 430.00 0.00 0.204216 18.9359 14.7114
4 390.00 0.00 490.00 0.00 430.00 0.00 440.00 0.00 0.0845421 21.5986 15.1934
4 380.00 0.00 480.00 0.00 440.00 0.00 450.00 0.00 0.0934939 21.1514 14.8115
4 370.00 0.00 470.00 0.00 450.00 0.00 460.00 0.00 0.47118 19.0191 14.3693
4 400.00 0.00 500.00 0.00 430.00 0.00 440.00 0.00 0.107434 18.8437 15.0089
4 390.00 0.00 490.00 0.00 440.00 0.00 450.00 0.00 0.0721185 22.2717 15.3721
4 380.00 0.00 480.00 0.00 450.00 0.00 460.00 0.00 0.188645 21.8571 15.8853
4 410.00 0.00 510.00 0.00 420.00 0.00 430.00 0.00 0.44586 18.0948 13.3306
4 380.00 0.00 580.00 0.00 400.00 0.00 420.00 0.00 0.368946 19.9061 15.085
4 340.00 0.00 540.00 0.00 440.00 0.00 460.00 0.00 0.0481955 20.8395 16.6625
4 360.00 0.00 560.00 0.00 420.00 0.00 440.00 0.00 0.06616 20.7212 14.5884
4 320.00 0.00 520.00 0.00 460.00 0.00 480.00 0.00 0.0937847 22.405 16.4478
4 100.00 0.00 700.00 0.00 460.00 0.00 520.00 0.00 0.0153545 8.38683 14.099
4 40.00 0.00 640.00 0.00 520.00 0.00 580.00 0.00 0.113212 22.1357 17.1536
4 160.00 0.00 760.00 0.00 400.00 0.00 460.00 0.00 0.0108857 23.227 15.9064
4 400.00 0.00 500.00 0.00 440.00 0.00 450.00 0.00 0.0740492 17.7513 14.8603
4 380.00 0.00 480.00 0.00 460.00 0.00 470.00 0.00 0.514159 18.9405 13.9419
4 410.00 0.00 510.00 0.00 430.00 0.00 440.00 0.00 0.16575 20.0163 14.718
4 390.00 0.00 490.00 0.00 450.00 0.00 460.00 0.00 0.102626 23.4772 16.7081
4 200.00 0.00 600.00 0.00 480.00 0.00 520.00 0.00 0.0460675 22.5176 18.3143
4 180.00 0.00 580.00 0.00 500.00 0.00 540.00 0.00 0.140263 24.022 18.3098
4 220.00 0.00 620.00 0.00 460.00 0.00 500.00 0.00 0.0267455 19.2116 16.8178
4 280.00 0.00 680.00 0.00 400.00 0.00 440.00 0.00 0.0337986 21.2113 16.0894
4 240.00 0.00 640.00 0.00 440.00 0.00 480.00 0.00 0.0203145 17.9225 17.4423
4 260.00 0.00 660.00 0.00 420.00 0.00 460.00 0.00 0.0212345 20.2767 16.8207
4 300.00 0.00 700.00 0.00 380.00 0.00 420.00 0.00 0.0718388 21.0799 16.1152
4 320.00 0.00 720.00 0.00 360.00 0.00 400.00 0.00 0.193935 20.2873 15.2305
4 410.00 0.00 510.00 0.00 440.00 0.00 450.00 0.00 0.0908554 20.4261 14.9201
4 400.00 0.00 500.00 0.00 450.00 0.00 460.00 0.00 0.082063 21.6848 16.1914
4 420.00 0.00 520.00 0.00 430.00 0.00 440.00 0.00 0.376104 18.3416 13.6228
4 390.00 0.00 490.00 0.00 460.00 0.00 470.00 0.00 0.179053 22.0093 16.0054
4 360.00 0.00 560.00 0.00 440.00 0.00 460.00 0.00 0.0476115 21.1593 14.367
4 320.00 0.00 520.00 0.00 480.00 0.00 500.00 0.00 0.208807 20.4746 15.1379
4 380.00 0.00 580.00 0.00 420.00 0.00 440.00 0.00 0.10674 20.6294 15.3889
4 340.00 0.00 540.00 0.00 460.00 0.00 480.00 0.00 0.0645143 21.4942 16.8905
4 200.00 0.00 800.00 0.00 380.00 0.00 440.00 0.00 0.0185957 21.8723 17.9554
4 140.00 0.00 740.00 0.00 440.00 0.00 500.00 0.00 0.0104634 22.1402 20.4363
4 80.00 0.00 680.00 0.00 500.00 0.00 560.00 0.00 0.0353382 19.4259 17.64
4 420.00 0.00 520.00 0.00 440.00 0.00 450.00 0.00 0.141401 20.2068 14.9862
4 410.00 0.00 510.00 0.00 450.00 0.00 460.00 0.00 0.0821478 22.1931 16.1135
4 390.00 0.00 490.00 0.00 470.00 0.00 480.00 0.00 0.404778 18.9386 13.8826
4 400.00 0.00 500.00 0.00 460.00 0.00 470.00 0.00 0.106318 21.8535 16.3367
4 410.00 0.00 510.00 0.00 460.00 0.00 470.00 0.00 0.0885862 21.9353 16.1934
4 430.00 0.00 530.00 0.00 440.00 0.00 450.00 0.00 0.396877 18.9628 14.0163
4 400.00 0.00 500.00 0.00 470.00 0.00 480.00 0.00 0.152489 20.1354 14.9069
4 420.00 0.00 520.00 0.00 450.00 0.00 460.00 0.00 0.096966 21.9069 16.1285
4 340.00 0.00 540.00 0.00 480.00 0.00 500.00 0.00 0.0991285 21.4628 16.7762
4 400.00 0.00 600.00 0.00 420.00 0.00 440.00 0.00 0.275032 19.2978 14.5001
4 380.00 0.00 580.00 0.00 440.00 0.00 460.00 0.00 0.0574399 20.9151 15.5492
4 360.00 0.00 560.00 0.00 460.00 0.00 480.00 0.00 0.05243 21.3921 15.9299
4 120.00 0.00 720.00 0.00 480.00 0.00 540.00 0.00 0.0154228 17.6627 16.3932
4 180.00 0.00 780.00 0.00 420.00 0.00 480.00 0.00 0.010398 30.813 21.3643
4 60.00 0.00 660.00 0.00 540.00 0.00 600.00 0.00 0.127358 21.6113 17.0567
4 420.00 0.00 520.00 0.00 460.00 0.00 470.00 0.00 0.0889911 22.0238 16.1966
4 410.00 0.00 510.00 0.00 470.00 0.00 480.00 0.00 0.0961763 20.8985 15.2702
4 430.00 0.00 530.00 0.00 450.00 0.00 460.00 0.00 0.159664 21.7657 16.0197
4 400.00 0.00 500.00 0.00 480.00 0.00 490.00 0.00 0.417771 17.5116 12.8275
4 200.00 0.00 600.00 0.00 520.00 0.00 560.00 0.00 0.145127 22.8836 16.9788
4 340.00 0.00 740.00 0.00 380.00 0.00 420.00 0.00 0.201242 21.311 15.9019
4 240.00 0.00 640.00 0.00 480.00 0.00 520.00 0.00 0.0268997 20.7716 18.3597
4 260.00 0.00 660.00 0.00 460.00 0.00 500.00 0.00 0.0219395 20.7902 18.4988
4 320.00 0.00 720.00 0.00 400.00 0.00 440.00 0.00 0.0642147 20.9128 15.9076
4 300.00 0.00 700.00 0.00 420.00 0.00 460.00 0.00 0.0302224 21.6039 16.8859
4 280.00 0.00 680.00 0.00 440.00 0.00 480.00 0.00 0.0213857 20.4725 15.6529
4 220.00 0.00 620.00 0.00 500.00 0.00 540.00 0.00 0.0453033 20.8975 17.0325
4 430.00 0.00 530.00 0.00 460.00 0.00 470.00 0.00 0.113075 22.5343 16.4384
4 420.00 0.00 520.00 0.00 470.00 0.00 480.00 0.00 0.0807832 21.5688 15.4436
4 410.00 0.00 510.00 0.00 480.00 0.00 490.00 0.00 0.166245 20.2017 14.7428
4 440.00 0.00 540.00 0.00 450.00 0.00 460.00 0.00 0.370764 18.1818 13.4087
4 400.00 0.00 600.00 0.00 440.00 0.00 460.00 0.00 0.0906351 19.6047 14.7849
4 340.00 0.00 540.00 0.00 500.00 0.00 520.00 0.00 0.248722 21.9735 16.6971
4 380.00 0.00 580.00 0.00 460.00 0.00 480.00 0.00 0.0516386 21.4718 16.2016
4 360.00 0.00 560.00 0.00 480.00 0.00 500.00 0.00 0.0633558 20.7229 15.5475
4 100.00 0.00 700.00 0.00 520.00 0.00 580.00 0.00 0.0396058 18.948 17.2435
4 160.00 0.00 760.00 0.00 460.00 0.00 520.00 0.00 0.0103452 35.3169 26.4436
4 430.00 0.00 530.00 0.00 470.00 0.00 480.00 0.00 0.0836864 21.7624 15.5936
4 410.00 0.00 510.00 0.00 490.00 0.00 500.00 0.00 0.305454 19.9033 14.7338
4 420.00 0.00 520.00 0.00 480.00 0.00 490.00 0.00 0.109232 20.9854 15.1062
4 440.00 0.00 540.00 0.00 460.00 0.00 470.00 0.00 0.180726 20.4692 14.8646
4 420.00 0.00 520.00 0.00 490.00 0.00 500.00 0.00 0.140182 21.0293 15.3736
4 440.00 0.00 540.00 0.00 470.00 0.00 480.00 0.00 0.102948 20.541 14.471
4 430.00 0.00 530.00 0.00 480.00 0.00 490.00 0.00 0.09318 21.9857 15.6455
4 450.00 0.00 550.00 0.00 460.00 0.00 470.00 0.00 0.441395 17.9543 13.3956
4 380.00 0.00 580.00 0.00 480.00 0.00 500.00 0.00 0.0497164 20.7874 15.7255
4 360.00 0.00 560.00 0.00 500.00 0.00 520.00 0.00 0.0979866 23.4416 17.4937
4 400.00 0.00 600.00 0.00 460.00 0.00 480.00 0.00 0.0650048 21.2211 16.2024
4 200.00 0.00 800.00 0.00 440.00 0.00 500.00 0.00 0.0103797 29.7528 19.9205
4 420.00 0.00 620.00 0.00 440.00 0.00 460.00 0.00 0.201387 20.7286 15.1816
4 140.00 0.00 740.00 0.00 500.00 0.00 560.00 0.00 0.0166642 21.5467 19.0881
4 80.00 0.00 680.00 0.00 560.00 0.00 620.00 0.00 0.138571 19.945 16.0057
4 430.00 0.00 530.00 0.00 490.00 0.00 500.00 0.00 0.0968955 22.5579 16.2892
4 420.00 0.00 520.00 0.00 500.00 0.00 510.00 0.00 0.297187 20.9495 15.6702
4 450.00 0.00 550.00 0.00 470.00 0.00 480.00 0.00 0.166115 18.9082 13.8785
4 440.00 0.00 540.00 0.00 480.00 0.00 490.00 0.00 0.0932178 21.4167 14.9178
4 260.00 0.00 660.00 0.00 500.00 0.00 540.00 0.00 0.0285109 22.7421 19.1719
4 320.00 0.00 720.00 0.00 440.00 0.00 480.00 0.00 0.0301124 23.931 18.156
4 220.00 0.00 620.00 0.00 540.00 0.00 580.00 0.00 0.145334 20.5944 15.7372
4 240.00 0.00 640.00 0.00 520.00 0.00 560.00 0.00 0.0572246 22.2736 17.9417
4 300.00 0.00 700.00 0.00 460.00 0.00 500.00 0.00 0.022628 22.2965 17.7685
4 360.00 0.00 760.00 0.00 400.00 0.00 440.00 0.00 0.181439 21.4716 15.6734
4 280.00 0.00 680.00 0.00 480.00 0.00 520.00 0.00 0.0206632 23.8157 18.4736
4 340.00 0.00 740.00 0.00 420.00 0.00 460.00 0.00 0.0560078 21.4158 15.6484
4 440.00 0.00 540.00 0.00 490.00 0.00 500.00 0.00 0.0807743 21.638 15.8628
4 430.00 0.00 530.00 0.00 500.00 0.00 510.00 0.00 0.14438 22.8956 16.8138
4 460.00 0.00 560.00 0.00 470.00 0.00 480.00 0.00 0.448148 18.3139 13.4318
4 450.00 0.00 550.00 0.00 480.00 0.00 490.00 0.00 0.112819 20.3105 14.7926
4 380.00 0.00 580.00 0.00 500.00 0.00 520.00 0.00 0.0552343 23.3322 17.5316
4 360.00 0.00 560.00 0.00 520.00 0.00 540.00 0.00 0.356241 21.8599 16.5399
4 400.00 0.00 600.00 0.00 480.00 0.00 500.00 0.00 0.050852 18.7328 15.7341
4 120.00 0.00 720.00 0.00 540.00 0.00 600.00 0.00 0.0413966 23.4236 18.81
4 180.00 0.00 780.00 0.00 480.00 0.00 540.00 0.00 0.0100174 37.3309 28.0959
4 420.00 0.00 620.00 0.00 460.00 0.00 480.00 0.00 0.0965903 21.9362 15.7398
4 430.00 0.00 530.00 0.00 510.00 0.00 520.00 0.00 0.409764 19.8451 14.7752
4 460.00 0.00 560.00 0.00 480.00 0.00 490.00 0.00 0.197586 21.1126 15.4788
4 450.00 0.00 550.00 0.00 490.00 0.00 500.00 0.00 0.0788373 21.5927 15.7334
4 440.00 0.00 540.00 0.00 500.00 0.00 510.00 0.00 0.0954265 22.6428 16.7679
4 470.00 0.00 570.00 0.00 480.00 0.00 490.00 0.00 0.53212 18.2363 13.453
4 460.00 0.00 560.00 0.00 490.00 0.00 500.00 0.00 0.0992421 22.4734 16.4415
4 450.00 0.00 550.00 0.00 500.00 0.00 510.00 0.00 0.0761842 20.6112 16.8812
4 440.00 0.00 540.00 0.00 510.00 0.00 520.00 0.00 0.188572 21.8019 16.3246
4 400.00 0.00 600.00 0.00 500.00 0.00 520.00 0.00 0.0443389 22.7206 17.7174
4 380.00 0.00 580.00 0.00 520.00 0.00 540.00 0.00 0.107 23.4628 17.7331
4 100.00 0.00 700.00 0.00 580.00 0.00 640.00 0.00 0.126853 21.167 16.6688
4 440.00 0.00 640.00 0.00 460.00 0.00 480.00 0.00 0.242318 19.7784 14.6394
4 160.00 0.00 760.00 0.00 520.00 0.00 580.00 0.00 0.0183129 28.4841 22.2592
4 420.00 0.00 620.00 0.00 480.00 0.00 500.00 0.00 0.0612355 22.252 15.8513
4 470.00 0.00 570.00 0.00 490.00 0.00 500.00 0.00 0.172512 21.2025 15.7872
4 440.00 0.00 540.00 0.00 520.00 0.00 530.00 0.00 0.46264 20.0059 15.0698
4 460.00 0.00 560.00 0.00 500.00 0.00 510.00 0.00 0.0741754 23.1113 16.6996
4 450.00 0.00 550.00 0.00 510.00 0.00 520.00 0.00 0.11572 21.5247 17.0637
4 320.00 0.00 720.00 0.00 480.00 0.00 520.00 0.00 0.0214515 22.5929 17.7206
4 240.00 0.00 640.00 0.00 560.00 0.00 600.00 0.00 0.16954 22.3124 17.1584
4 300.00 0.00 700.00 0.00 500.00 0.00 540.00 0.00 0.0206518 26.0551 19.9565
4 380.00 0.00 780.00 0.00 420.00 0.00 460.00 0.00 0.144653 21.6059 15.8235
4 360.00 0.00 760.00 0.00 440.00 0.00 480.00 0.00 0.054461 23.0868 15.7795
4 280.00 0.00 680.00 0.00 520.00 0.00 560.00 0.00 0.032399 23.6464 18.2214
4 340.00 0.00 740.00 0.00 460.00 0.00 500.00 0.00 0.0321182 25.1052 18.0618
4 260.00 0.00 660.00 0.00 540.00 0.00 580.00 0.00 0.0676952 22.509 17.6649
4 480.00 0.00 580.00 0.00 490.00 0.00 500.00 0.00 0.424908 18.6884 14.1722
4 450.00 0.00 550.00 0.00 520.00 0.00 530.00 0.00 0.209327 21.6399 16.8954
4 470.00 0.00 570.00 0.00 500.00 0.00 510.00 0.00 0.0915284 21.7697 15.8566
4 460.00 0.00 560.00 0.00 510.00 0.00 520.00 0.00 0.0873486 23.6439 17.3329
4 400.00 0.00 600.00 0.00 520.00 0.00 540.00 0.00 0.0586697 22.6312 13.9261
4 380.00 0.00 580.00 0.00 540.00 0.00 560.00 0.00 0.378632 21.9329 16.6176
4 440.00 0.00 640.00 0.00 480.00 0.00 500.00 0.00 0.0958067 20.3434 14.9536
4 140.00 0.00 740.00 0.00 560.00 0.00 620.00 0.00 0.0453839 21.7572 17.7517
4 200.00 0.00 800.00 0.00 500.00 0.00 560.00 0.00 0.0103781 45.5214 30.5802
4 420.00 0.00 620.00 0.00 500.00 0.00 520.00 0.00 0.0438948 23.6934 16.9794
4 470.00 0.00 570.00 0.00 510.00 0.00 520.00 0.00 0.0807876 23.2145 16.8551
4 460.00 0.00 560.00 0.00 520.00 0.00 530.00 0.00 0.122863 23.225 17.3659
4 480.00 0.00 580.00 0.00 500.00 0.00 510.00 0.00 0.147279 20.1072 15.1862
4 450.00 0.00 550.00 0.00 530.00 0.00 540.00 0.00 0.618989 19.521 14.9656
4 490.00 0.00 590.00 0.00 500.00 0.00 510.00 0.00 0.398975 18.4804 13.3613
4 480.00 0.00 580.00 0.00 510.00 0.00 520.00 0.00 0.0922789 21.8499 16.4976
4 470.00 0.00 570.00 0.00 520.00 0.00 530.00 0.00 0.0878955 22.7805 17.3192
4 460.00 0.00 560.00 0.00 530.00 0.00 540.00 0.00 0.269419 21.3491 16.1736
4 400.00 0.00 600.00 0.00 540.00 0.00 560.00 0.00 0.110482 22.6956 16.3449
4 180.00 0.00 780.00 0.00 540.00 0.00 600.00 0.00 0.0187114 26.6134 21.2565
4 420.00 0.00 620.00 0.00 520.00 0.00 540.00 0.00 0.0461839 25.7194 17.7617
4 440.00 0.00 640.00 0.00 500.00 0.00 520.00 0.00 0.05488 21.9565 16.403
4 120.00 0.00 720.00 0.00 600.00 0.00 660.00 0.00 0.120625 22.6636 17.3004
4 460.00 0.00 660.00 0.00 480.00 0.00 500.00 0.00 0.256519 20.6049 15.3364
4 490.00 0.00 590.00 0.00 510.00 0.00 520.00 0.00 0.147794 22.6593 16.0772
4 460.00 0.00 560.00 0.00 540.00 0.00 550.00 0.00 0.727292 19.1041 14.4795
4 480.00 0.00 580.00 0.00 520.00 0.00 530.00 0.00 0.077871 22.1535 16.9238
4 470.00 0.00 570.00 0.00 530.00 0.00 540.00 0.00 0.145143 22.137 16.8535
4 360.00 0.00 760.00 0.00 480.00 0.00 520.00 0.00 0.0301687 27.6554 18.3963
4 380.00 0.00 780.00 0.00 460.00 0.00 500.00 0.00 0.0577299 21.3239 15.5376
4 280.00 0.00 680.00 0.00 560.00 0.00 600.00 0.00 0.0671718 23.7663 17.7944
4 400.00 0.00 800.00 0.00 440.00 0.00 480.00 0.00 0.136135 21.3531 15.3223
4 260.00 0.00 660.00 0.00 580.00 0.00 620.00 0.00 0.213505 21.646 16.4959
4 320.00 0.00 720.00 0.00 520.00 0.00 560.00 0.00 0.0232434 28.3592 20.2058
4 340.00 0.00 740.00 0.00 500.00 0.00 540.00 0.00 0.0209456 28.076 20.0787
4 300.00 0.00 700.00 0.00 540.00 0.00 580.00 0.00 0.0362208 26.1691 20.0442
4 470.00 0.00 570.00 0.00 540.00 0.00 550.00 0.00 0.300189 20.7984 15.8773
4 490.00 0.00 590.00 0.00 520.00 0.00 530.00 0.00 0.0915972 23.5588 16.4022
4 500.00 0.00 600.00 0.00 510.00 0.00 520.00 0.00 0.313048 19.8169 14.5921
4 480.00 0.00 580.00 0.00 530.00 0.00 540.00 0.00 0.0959945 22.4821 16.8661
4 400.00 0.00 600.00 0.00 560.00 0.00 580.00 0.00 0.268397 20.4486 15.1141
4 160.00 0.00 760.00 0.00 580.00 0.00 640.00 0.00 0.0414815 23.1206 17.4773
4 440.00 0.00 640.00 0.00 520.00 0.00 540.00 0.00 0.0480763 23.0705 17.3898
4 420.00 0.00 620.00 0.00 540.00 0.00 560.00 0.00 0.065533 24.0157 17.0201
4 460.00 0.00 660.00 0.00 500.00 0.00 520.00 0.00 0.0828626 22.0909 16.3588
4 470.00 0.00 570.00 0.00 550.00 0.00 560.00 0.00 0.726166 19.0207 14.3742
4 500.00 0.00 600.00 0.00 520.00 0.00 530.00 0.00 0.135187 21.1086 15.4997
4 490.00 0.00 590.00 0.00 530.00 0.00 540.00 0.00 0.0846124 24.3429 16.8277
4 480.00 0.00 580.00 0.00 540.00 0.00 550.00 0.00 0.149379 22.4375 16.9584
4 500.00 0.00 600.00 0.00 530.00 0.00 540.00 0.00 0.0988439 21.3047 15.5542
4 480.00 0.00 580.00 0.00 550.00 0.00 560.00 0.00 0.271287 21.3725 16.154
4 490.00 0.00 590.00 0.00 540.00 0.00 550.00 0.00 0.0960433 24.547 16.9599
4 510.00 0.00 610.00 0.00 520.00 0.00 530.00 0.00 0.287942 20.1098 14.9587
4 420.00 0.00 620.00 0.00 560.00 0.00 580.00 0.00 0.105146 22.1257 15.9514
4 140.00 0.00 740.00 0.00 620.00 0.00 680.00 0.00 0.130939 22.3423 17.0207
4 200.00 0.00 800.00 0.00 560.00 0.00 620.00 0.00 0.0196927 28.3716 20.9036
4 480.00 0.00 680.00 0.00 500.00 0.00 520.00 0.00 0.204863 20.9353 15.5108
4 440.00 0.00 640.00 0.00 540.00 0.00 560.00 0.00 0.0566955 23.3711 17.5572
4 460.00 0.00 660.00 0.00 520.00 0.00 540.00 0.00 0.0579204 22.978 17.1353
4 500.00 0.00 600.00 0.00 540.00 0.00 550.00 0.00 0.0887642 383.942 199.784
4 490.00 0.00 590.00 0.00 550.00 0.00 560.00 0.00 0.128106 23.5399 16.7246
4 480.00 0.00 580.00 0.00 560.00 0.00 570.00 0.00 0.627079 20.343 15.2795
4 510.00 0.00 610.00 0.00 530.00 0.00 540.00 0.00 0.146784 20.9415 15.3854
4 340.00 0.00 740.00 0.00 540.00 0.00 580.00 0.00 0.0258215 28.4255 21.1063
4 360.00 0.00 760.00 0.00 520.00 0.00 560.00 0.00 0.0229566 30.9196 20.1494
4 280.00 0.00 680.00 0.00 600.00 0.00 640.00 0.00 0.184964 21.7933 16.2673
4 400.00 0.00 800.00 0.00 480.00 0.00 520.00 0.00 0.0553559 23.637 16.7687
4 300.00 0.00 700.00 0.00 580.00 0.00 620.00 0.00 0.0740483 21.1444 16.484
4 320.00 0.00 720.00 0.00 560.00 0.00 600.00 0.00 0.0363112 27.4992 20.093
4 380.00 0.00 780.00 0.00 500.00 0.00 540.00 0.00 0.0286924 27.849 20.1787
4 490.00 0.00 590.00 0.00 560.00 0.00 570.00 0.00 0.202094 22.5823 16.4208
4 510.00 0.00 610.00 0.00 540.00 0.00 550.00 0.00 0.106484 24.9287 17.4024
4 520.00 0.00 620.00 0.00 530.00 0.00 540.00 0.00 0.366445 18.2727 13.7061
4 420.00 0.00 620.00 0.00 580.00 0.00 600.00 0.00 0.246746 20.0507 14.8664
4 480.00 0.00 680.00 0.00 520.00 0.00 540.00 0.00 0.0874418 21.9528 16.2084
4 440.00 0.00 640.00 0.00 560.00 0.00 580.00 0.00 0.0746913 22.966 17.2718
4 460.00 0.00 660.00 0.00 540.00 0.00 560.00 0.00 0.0565526 23.1173 17.3763
4 180.00 0.00 780.00 0.00 600.00 0.00 660.00 0.00 0.0388092 22.9784 17.7771
4 490.00 0.00 590.00 0.00 570.00 0.00 580.00 0.00 0.450625 20.4759 15.1393
4 500.00 0.00 600.00 0.00 560.00 0.00 570.00 0.00 0.123047 21.8361 16.1371
4 520.00 0.00 620.00 0.00 540.00 0.00 550.00 0.00 0.175297 40.1376 23.4411
4 510.00 0.00 610.00 0.00 550.00 0.00 560.00 0.00 0.0956493 19.4814 15.2844
4 500.00 0.00 600.00 0.00 570.00 0.00 580.00 0.00 0.189978 20.5031 15.1808
4 510.00 0.00 610.00 0.00 560.00 0.00 570.00 0.00 0.100617 21.7391 16.2998
4 480.00 0.00 680.00 0.00 540.00 0.00 560.00 0.00 0.0674065 22.1622 16.5302
4 460.00 0.00 660.00 0.00 560.00 0.00 580.00 0.00 0.0619868 23.3023 16.7621
4 440.00 0.00 640.00 0.00 580.00 0.00 600.00 0.00 0.119028 23.3026 17.5832
4 160.00 0.00 760.00 0.00 640.00 0.00 700.00 0.00 0.138564 21.725 16.4136
4 500.00 0.00 700.00 0.00 520.00 0.00 540.00 0.00 0.197505 20.9471 15.0593
4 500.00 0.00 600.00 0.00 580.00 0.00 590.00 0.00 0.462913 19.8715 14.7004
4 520.00 0.00 620.00 0.00 560.00 0.00 570.00 0.00 0.0979933 22.1696 16.7602
4 510.00 0.00 610.00 0.00 570.00 0.00 580.00 0.00 0.125907 20.5227 15.4236
4 340.00 0.00 740.00 0.00 580.00 0.00 620.00 0.00 0.0392778 25.6661 19.3594
4 360.00 0.00 760.00 0.00 560.00 0.00 600.00 0.00 0.0255127 30.9073 20.7403
4 400.00 0.00 800.00 0.00 520.00 0.00 560.00 0.00 0.0315309 28.7427 20.5045
4 380.00 0.00 780.00 0.00 540.00 0.00 580.00 0.00 0.0248945 27.6783 20.4287
4 320.00 0.00 720.00 0.00 600.00 0.00 640.00 0.00 0.0667417 23.3581 17.0492
4 300.00 0.00 700.00 0.00 620.00 0.00 660.00 0.00 0.165968 25.5291 19.0091
4 540.00 0.00 640.00 0.00 550.00 0.00 560.00 0.00 0.553915 11.7738 11.5665
4 520.00 0.00 620.00 0.00 570.00 0.00 580.00 0.00 0.0954096 20.2439 15.6969
4 510.00 0.00 610.00 0.00 580.00 0.00 590.00 0.00 0.221602 20.525 15.2545
4 480.00 0.00 680.00 0.00 560.00 0.00 580.00 0.00 0.0597386 22.0316 16.6628
4 460.00 0.00 660.00 0.00 580.00 0.00 600.00 0.00 0.0763279 24.3994 17.6693
4 500.00 0.00 700.00 0.00 540.00 0.00 560.00 0.00 0.102689 23.0719 16.4494
4 200.00 0.00 800.00 0.00 620.00 0.00 680.00 0.00 0.0394819 25.6634 18.4316
4 440.00 0.00 640.00 0.00 600.00 0.00 620.00 0.00 0.372814 19.6992 15.0785
4 510.00 0.00 610.00 0.00 590.00 0.00 600.00 0.00 0.467572 19.3415 14.6384
4 520.00 0.00 620.00 0.00 580.00 0.00 590.00 0.00 0.121174 20.7381 15.7056
4 540.00 0.00 640.00 0.00 560.00 0.00 570.00 0.00 0.25776 21.1811 16.4327
4 540.00 0.00 640.00 0.00 570.00 0.00 580.00 0.00 0.152973 20.0433 16.344
4 550.00 0.00 650.00 0.00 560.00 0.00 570.00 0.00 0.684918 19.2316 14.7091
4 520.00 0.00 620.00 0.00 590.00 0.00 600.00 0.00 0.164323 18.8921 14.5925
4 480.00 0.00 680.00 0.00 580.00 0.00 600.00 0.00 0.0575177 22.7819 17.6334
4 180.00 0.00 780.00 0.00 660.00 0.00 720.00 0.00 0.141195 21.5254 16.1225
4 460.00 0.00 660.00 0.00 600.00 0.00 620.00 0.00 0.158976 22.1012 16.3018
4 500.00 0.00 700.00 0.00 560.00 0.00 580.00 0.00 0.0719833 23.7523 17.0092
4 520.00 0.00 720.00 0.00 540.00 0.00 560.00 0.00 0.25277 21.7894 16.021
4 520.00 0.00 620.00 0.00 600.00 0.00 610.00 0.00 0.384557 16.2977 12.3776
4 550.00 0.00 650.00 0.00 570.00 0.00 580.00 0.00 0.303074 19.3362 15.3301
4 540.00 0.00 640.00 0.00 580.00 0.00 590.00 0.00 0.11593 21.965 17.6857
4 400.00 0.00 800.00 0.00 560.00 0.00 600.00 0.00 0.0244624 29.5858 21.0174
4 380.00 0.00 780.00 0.00 580.00 0.00 620.00 0.00 0.0259797 26.551 18.5279
4 360.00 0.00 760.00 0.00 600.00 0.00 640.00 0.00 0.0353449 25.4952 17.3314
4 320.00 0.00 720.00 0.00 640.00 0.00 680.00 0.00 0.196638 23.708 17.6905
4 340.00 0.00 740.00 0.00 620.00 0.00 660.00 0.00 0.0600619 24.7653 18.3503
4 560.00 0.00 660.00 0.00 570.00 0.00 580.00 0.00 0.757815 18.2029 14.0955
4 550.00 0.00 650.00 0.00 580.00 0.00 590.00 0.00 0.167963 22.1994 17.3905
4 540.00 0.00 640.00 0.00 590.00 0.00 600.00 0.00 0.0918886 25.3509 17.9495
4 480.00 0.00 680.00 0.00 600.00 0.00 620.00 0.00 0.0881161 19.6526 15.5173
4 520.00 0.00 720.00 0.00 560.00 0.00 580.00 0.00 0.113373 23.4731 17.2583
4 460.00 0.00 660.00 0.00 620.00 0.00 640.00 0.00 0.32368 19.6861 14.5737
4 500.00 0.00 700.00 0.00 580.00 0.00 600.00 0.00 0.0548409 25.274 17.9213
4 560.00 0.00 660.00 0.00 580.00 0.00 590.00 0.00 0.31113 21.8331 16.7407
4 550.00 0.00 650.00 0.00 590.00 0.00 600.00 0.00 0.0931206 21.4777 17.6128
4 540.00 0.00 640.00 0.00 600.00 0.00 610.00 0.00 0.136219 23.6302 16.9651
4 560.00 0.00 660.00 0.00 590.00 0.00 600.00 0.00 0.122055 22.6003 17.7721
4 550.00 0.00 650.00 0.00 600.00 0.00 610.00 0.00 0.105459 23.3828 17.313
4 540.00 0.00 640.00 0.00 610.00 0.00 620.00 0.00 0.275262 22.5588 16.6341
4 570.00 0.00 670.00 0.00 580.00 0.00 590.00 0.00 0.734405 20.5597 15.3893
4 520.00 0.00 720.00 0.00 580.00 0.00 600.00 0.00 0.0641811 24.739 18.0497
4 200.00 0.00 800.00 0.00 680.00 0.00 740.00 0.00 0.134524 20.5907 15.374
4 540.00 0.00 740.00 0.00 560.00 0.00 580.00 0.00 0.362099 22.0934 16.5734
4 500.00 0.00 700.00 0.00 600.00 0.00 620.00 0.00 0.0653211 20.4186 15.7587
4 480.00 0.00 680.00 0.00 620.00 0.00 640.00 0.00 0.116104 22.055 16.5207
4 570.00 0.00 670.00 0.00 590.00 0.00 600.00 0.00 0.199306 22.758 17.1564
4 560.00 0.00 660.00 0.00 600.00 0.00 610.00 0.00 0.102445 22.022 17.2478
4 550.00 0.00 650.00 0.00 610.00 0.00 620.00 0.00 0.174551 22.9579 17.2412
4 380.00 0.00 780.00 0.00 620.00 0.00 660.00 0.00 0.0306423 27.2823 19.8283
4 360.00 0.00 760.00 0.00 640.00 0.00 680.00 0.00 0.0703867 25.3745 18.3338
4 340.00 0.00 740.00 0.00 660.00 0.00 700.00 0.00 0.213288 21.8109 16.299
4 400.00 0.00 800.00 0.00 600.00 0.00 640.00 0.00 0.0231665 31.9007 19.6789
4 570.00 0.00 670.00 0.00 600.00 0.00 610.00 0.00 0.118606 23.1995 17.0431
4 560.00 0.00 660.00 0.00 610.00 0.00 620.00 0.00 0.141914 23.4694 17.5019
4 580.00 0.00 680.00 0.00 590.00 0.00 600.00 0.00 0.458847 20.6191 15.7085
4 540.00 0.00 740.00 0.00 580.00 0.00 600.00 0.00 0.111857 25.4772 18.6198
4 520.00 0.00 720.00 0.00 600.00 0.00 620.00 0.00 0.0588044 23.5746 17.2227
4 500.00 0.00 700.00 0.00 620.00 0.00 640.00 0.00 0.0652761 26.3045 18.8386
4 480.00 0.00 680.00 0.00 640.00 0.00 660.00 0.00 0.300188 21.8635 16.7626
4 580.00 0.00 680.00 0.00 600.00 0.00 610.00 0.00 0.179701 21.3804 16.0429
4 570.00 0.00 670.00 0.00 610.00 0.00 620.00 0.00 0.132014 24.0597 17.7438
4 590.00 0.00 690.00 0.00 600.00 0.00 610.00 0.00 0.418938 19.7591 14.9199
4 580.00 0.00 680.00 0.00 610.00 0.00 620.00 0.00 0.156086 23.2339 17.4847
4 500.00 0.00 700.00 0.00 640.00 0.00 660.00 0.00 0.117133 25.05 19.0052
4 560.00 0.00 760.00 0.00 580.00 0.00 600.00 0.00 0.379961 22.6274 17.0128
4 520.00 0.00 720.00 0.00 620.00 0.00 640.00 0.00 0.0471277 19.3814 15.2223
4 540.00 0.00 740.00 0.00 600.00 0.00 620.00 0.00 0.0677441 25.7155 18.4562
4 590.00 0.00 690.00 0.00 610.00 0.00 620.00 0.00 0.252614 22.3192 16.9774
4 560.00 0.00 660.00 0.00 640.00 0.00 650.00 0.00 0.45738 20.2831 15.414
4 360.00 0.00 760.00 0.00 680.00 0.00 720.00 0.00 0.216618 20.4112 15.0311
4 400.00 0.00 800.00 0.00 640.00 0.00 680.00 0.00 0.03522 32.2601 21.5905
4 380.00 0.00 780.00 0.00 660.00 0.00 700.00 0.00 0.073261 23.3943 17.1312
4 600.00 0.00 700.00 0.00 610.00 0.00 620.00 0.00 0.552629 77.1941 17.7749
4 570.00 0.00 670.00 0.00 640.00 0.00 650.00 0.00 0.207486 21.8591 16.6041
4 560.00 0.00 760.00 0.00 600.00 0.00 620.00 0.00 0.110678 24.8755 18.1221
4 520.00 0.00 720.00 0.00 640.00 0.00 660.00 0.00 0.0673051 23.2323 18.2663
4 540.00 0.00 740.00 0.00 620.00 0.00 640.00 0.00 0.0430285 22.6216 15.3038
4 500.00 0.00 700.00 0.00 660.00 0.00 680.00 0.00 0.390411 21.5652 16.1816
4 580.00 0.00 680.00 0.00 640.00 0.00 650.00 0.00 0.127497 23.1063 17.6873
4 570.00 0.00 670.00 0.00 650.00 0.00 660.00 0.00 0.458918 19.8035 14.9963
4 580.00 0.00 680.00 0.00 650.00 0.00 660.00 0.00 0.211806 23.0272 16.989
4 590.00 0.00 690.00 0.00 640.00 0.00 650.00 0.00 0.0998751 22.9332 18.0535
4 580.00 0.00 780.00 0.00 600.00 0.00 620.00 0.00 0.27258 22.6612 16.7493
4 540.00 0.00 740.00 0.00 640.00 0.00 660.00 0.00 0.0511776 26.7939 19.2251
4 560.00 0.00 760.00 0.00 620.00 0.00 640.00 0.00 0.051222 20.2283 14.0046
4 520.00 0.00 720.00 0.00 660.00 0.00 680.00 0.00 0.148715 22.312 17.0734
4 590.00 0.00 690.00 0.00 650.00 0.00 660.00 0.00 0.130733 22.9542 18.0977
4 580.00 0.00 680.00 0.00 660.00 0.00 670.00 0.00 0.599774 19.6471 14.4341
4 600.00 0.00 700.00 0.00 640.00 0.00 650.00 0.00 0.0974564 84.1102 20.2372
4 400.00 0.00 800.00 0.00 680.00 0.00 720.00 0.00 0.071267 23.2063 16.2266
4 380.00 0.00 780.00 0.00 700.00 0.00 740.00 0.00 0.206093 20.292 14.9244
4 590.00 0.00 690.00 0.00 660.00 0.00 670.00 0.00 0.276662 21.0611 16.5795
4 610.00 0.00 710.00 0.00 640.00 0.00 650.00 0.00 0.126857 23.6092 17.8044
4 600.00 0.00 700.00 0.00 650.00 0.00 660.00 0.00 0.102819 83.2791 20.3333
4 540.00 0.00 740.00 0.00 660.00 0.00 680.00 0.00 0.0871558 24.2234 17.6124
4 560.00 0.00 760.00 0.00 640.00 0.00 660.00 0.00 0.0493009 25.9859 18.481
4 520.00 0.00 720.00 0.00 680.00 0.00 700.00 0.00 0.36671 18.4611 14.1056
4 580.00 0.00 780.00 0.00 620.00 0.00 640.00 0.00 0.081219 17.7811 12.6832
4 620.00 0.00 720.00 0.00 640.00 0.00 650.00 0.00 0.228618 20.8681 15.9387
4 610.00 0.00 710.00 0.00 650.00 0.00 660.00 0.00 0.1009 24.2354 18.2136
4 590.00 0.00 690.00 0.00 670.00 0.00 680.00 0.00 0.560966 17.6675 13.4287
4 600.00 0.00 700.00 0.00 660.00 0.00 670.00 0.00 0.173296 80.9528 18.7841
4 610.00 0.00 710.00 0.00 660.00 0.00 670.00 0.00 0.134779 24.5538 18.1456
4 600.00 0.00 700.00 0.00 670.00 0.00 680.00 0.00 0.269594 21.0559 15.658
4 620.00 0.00 720.00 0.00 650.00 0.00 660.00 0.00 0.135077 21.9694 16.7719
4 540.00 0.00 740.00 0.00 680.00 0.00 700.00 0.00 0.148078 21.667 16.0254
4 600.00 0.00 800.00 0.00 620.00 0.00 640.00 0.00 0.207979 14.3837 10.469
4 580.00 0.00 780.00 0.00 640.00 0.00 660.00 0.00 0.0609454 25.3102 18.4154
4 560.00 0.00 760.00 0.00 660.00 0.00 680.00 0.00 0.0661871 25.239 17.6564
4 620.00 0.00 720.00 0.00 660.00 0.00 670.00 0.00 0.139756 23.2877 17.3237
4 610.00 0.00 710.00 0.00 670.00 0.00 680.00 0.00 0.165887 21.9528 16.4255
4 600.00 0.00 700.00 0.00 680.00 0.00 690.00 0.00 0.586467 18.3753 13.5116
4 400.00 0.00 800.00 0.00 720.00 0.00 760.00 0.00 0.199588 20.5572 14.8198
4 640.00 0.00 740.00 0.00 650.00 0.00 660.00 0.00 0.408246 19.1824 14.5745
4 620.00 0.00 720.00 0.00 670.00 0.00 680.00 0.00 0.133779 21.4561 16.2094
4 610.00 0.00 710.00 0.00 680.00 0.00 690.00 0.00 0.272082 20.2813 15.2747
4 600.00 0.00 800.00 0.00 640.00 0.00 660.00 0.00 0.102622 24.1849 17.5031
4 540.00 0.00 740.00 0.00 700.00 0.00 720.00 0.00 0.397696 19.4588 14.5192
4 580.00 0.00 780.00 0.00 660.00 0.00 680.00 0.00 0.0634901 16.1874 9.35624
4 560.00 0.00 760.00 0.00 680.00 0.00 700.00 0.00 0.0849276 22.5374 16.1112
4 620.00 0.00 720.00 0.00 680.00 0.00 690.00 0.00 0.171401 21.7109 16.0302
4 640.00 0.00 740.00 0.00 660.00 0.00 670.00 0.00 0.258277 26.5981 19.3772
4 610.00 0.00 710.00 0.00 690.00 0.00 700.00 0.00 0.527204 17.8672 13.309
4 650.00 0.00 750.00 0.00 660.00 0.00 670.00 0.00 0.505906 24.0231 17.678
4 620.00 0.00 720.00 0.00 690.00 0.00 700.00 0.00 0.251471 20.0558 14.8944
4 640.00 0.00 740.00 0.00 670.00 0.00 680.00 0.00 0.159237 12.0518 9.50276
4 600.00 0.00 800.00 0.00 660.00 0.00 680.00 0.00 0.0796516 26.4499 18.5567
4 580.00 0.00 780.00 0.00 680.00 0.00 700.00 0.00 0.0635653 23.6101 17.0224
4 560.00 0.00 760.00 0.00 700.00 0.00 720.00 0.00 0.154483 21.4843 15.6514
4 620.00 0.00 720.00 0.00 700.00 0.00 710.00 0.00 0.564462 18.6959 13.7109
4 650.00 0.00 750.00 0.00 670.00 0.00 680.00 0.00 0.236299 12.7519 10.0672
4 640.00 0.00 740.00 0.00 680.00 0.00 690.00 0.00 0.129077 22.3289 16.2586
4 640.00 0.00 740.00 0.00 690.00 0.00 700.00 0.00 0.125966 22.9637 16.6429
4 660.00 0.00 760.00 0.00 670.00 0.00 680.00 0.00 0.482164 7.98161 6.91354
4 650.00 0.00 750.00 0.00 680.00 0.00 690.00 0.00 0.152006 22.3659 16.3518
4 600.00 0.00 800.00 0.00 680.00 0.00 700.00 0.00 0.0612635 24.8121 17.1285
4 560.00 0.00 760.00 0.00 720.00 0.00 740.00 0.00 0.381181 17.8787 13.3967
4 580.00 0.00 780.00 0.00 700.00 0.00 720.00 0.00 0.0861484 22.3108 16.2779
4 640.00 0.00 740.00 0.00 700.00 0.00 710.00 0.00 0.174651 21.4648 15.8017
4 660.00 0.00 760.00 0.00 680.00 0.00 690.00 0.00 0.229608 21.7126 16.1036
4 650.00 0.00 750.00 0.00 690.00 0.00 700.00 0.00 0.119982 23.0327 16.7989
4 650.00 0.00 750.00 0.00 700.00 0.00 710.00 0.00 0.134316 22.3646 16.712
4 640.00 0.00 740.00 0.00 710.00 0.00 720.00 0.00 0.276084 18.7674 13.9603
4 670.00 0.00 770.00 0.00 680.00 0.00 690.00 0.00 0.551986 18.9647 14.0036
4 660.00 0.00 760.00 0.00 690.00 0.00 700.00 0.00 0.142863 22.9085 17.2203
4 600.00 0.00 800.00 0.00 700.00 0.00 720.00 0.00 0.0645177 25.8122 17.1826
4 580.00 0.00 780.00 0.00 720.00 0.00 740.00 0.00 0.144463 19.6586 14.6852
4 650.00 0.00 750.00 0.00 710.00 0.00 720.00 0.00 0.173188 19.5524 14.7267
4 670.00 0.00 770.00 0.00 690.00 0.00 700.00 0.00 0.244408 21.7811 16.3783
4 640.00 0.00 740.00 0.00 720.00 0.00 730.00 0.00 0.563428 18.7652 14.0396
4 660.00 0.00 760.00 0.00 700.00 0.00 710.00 0.00 0.126363 23.5112 17.3457
4 680.00 0.00 780.00 0.00 690.00 0.00 700.00 0.00 0.534521 18.4934 13.6765
4 660.00 0.00 760.00 0.00 710.00 0.00 720.00 0.00 0.130574 21.7922 16.0494
4 650.00 0.00 750.00 0.00 720.00 0.00 730.00 0.00 0.273151 20.5247 15.527
4 670.00 0.00 770.00 0.00 700.00 0.00 710.00 0.00 0.163168 23.6148 17.6057
4 600.00 0.00 800.00 0.00 720.00 0.00 740.00 0.00 0.0817242 21.4061 14.5431
4 580.00 0.00 780.00 0.00 740.00 0.00 760.00 0.00 0.382347 18.7385 14.122
4 670.00 0.00 770.00 0.00 710.00 0.00 720.00 0.00 0.128588 22.5479 16.6971
4 660.00 0.00 760.00 0.00 720.00 0.00 730.00 0.00 0.167016 21.6709 16.237
4 680.00 0.00 780.00 0.00 700.00 0.00 710.00 0.00 0.265597 21.9175 16.2272
4 650.00 0.00 750.00 0.00 730.00 0.00 740.00 0.00 0.562771 16.7929 12.5672
4 690.00 0.00 790.00 0.00 700.00 0.00 710.00 0.00 0.581258 18.9482 13.9656
4 680.00 0.00 780.00 0.00 710.00 0.00 720.00 0.00 0.162124 22.3225 16.3995
4 670.00 0.00 770.00 0.00 720.00 0.00 730.00 0.00 0.12896 23.8591 17.3038
4 660.00 0.00 760.00 0.00 730.00 0.00 740.00 0.00 0.263582 17.7472 13.355
4 600.00 0.00 800.00 0.00 740.00 0.00 760.00 0.00 0.143554 22.9623 15.8574
4 670.00 0.00 770.00 0.00 730.00 0.00 740.00 0.00 0.163941 18.3351 13.7263
4 690.00 0.00 790.00 0.00 710.00 0.00 720.00 0.00 0.264076 20.6179 15.267
4 660.00 0.00 760.00 0.00 740.00 0.00 750.00 0.00 0.546879 17.7959 13.3253
4 680.00 0.00 780.00 0.00 720.00 0.00 730.00 0.00 0.12678 23.6145 17.4042
4 700.00 0.00 800.00 0.00 710.00 0.00 720.00 0.00 0.53965 17.972 13.2286
4 680.00 0.00 780.00 0.00 730.00 0.00 740.00 0.00 0.129415 21.1585 15.3936
4 670.00 0.00 770.00 0.00 740.00 0.00 750.00 0.00 0.256117 19.584 14.3168
4 690.00 0.00 790.00 0.00 720.00 0.00 730.00 0.00 0.161024 22.8807 17.1354
4 600.00 0.00 800.00 0.00 760.00 0.00 780.00 0.00 0.377608 17.6196 13.3265
4 680.00 0.00 780.00 0.00 740.00 0.00 750.00 0.00 0.161349 20.3758 15.0473
4 670.00 0.00 770.00 0.00 750.00 0.00 760.00 0.00 0.590013 18.2705 13.7313
4 700.00 0.00 800.00 0.00 720.00 0.00 730.00 0.00 0.247304 20.9177 15.7245
4 690.00 0.00 790.00 0.00 730.00 0.00 740.00 0.00 0.131473 21.1905 15.6094
4 690.00 0.00 790.00 0.00 740.00 0.00 750.00 0.00 0.130775 21.123 15.8165
4 700.00 0.00 800.00 0.00 730.00 0.00 740.00 0.00 0.162612 20.0045 14.9051
4 680.00 0.00 780.00 0.00 750.00 0.00 760.00 0.00 0.278024 19.2031 14.3629
4 700.00 0.00 800.00 0.00 740.00 0.00 750.00 0.00 0.128429 21.092 15.7452
4 690.00 0.00 790.00 0.00 750.00 0.00 760.00 0.00 0.178777 20.0299 15.0155
4 680.00 0.00 780.00 0.00 760.00 0.00 770.00 0.00 0.595596 17.8642 13.4083
4 700.00 0.00 800.00 0.00 750.00 0.00 760.00 0.00 0.136448 21.0453 15.2618
4 690.00 0.00 790.00 0.00 760.00 0.00 770.00 0.00 0.292506 18.5364 13.9569
4 690.00 0.00 790.00 0.00 770.00 0.00 780.00 0.00 0.60896 16.6695 12.7842
4 700.00 0.00 800.00 0.00 760.00 0.00 770.00 0.00 0.174085 14.8771 11.8993
4 700.00 0.00 800.00 0.00 770.00 0.00 780.00 0.00 0.265146 16.9105 12.0533
0
0
0
0
0
0
0
0
