80
# x y z
0.0 0.0 0.0
10.0 0.0 0.0
20.0 0.0 0.0
30.0 0.0 0.0
40.0 0.0 0.0
50.0 0.0 0.0
60.0 0.0 0.0
70.0 0.0 0.0
80.0 0.0 0.0
90.0 0.0 0.0
100.0 0.0 0.0
110.0 0.0 0.0
120.0 0.0 0.0
130.0 0.0 0.0
140.0 0.0 0.0
150.0 0.0 0.0
160.0 0.0 0.0
170.0 0.0 0.0
180.0 0.0 0.0
190.0 0.0 0.0
200.0 0.0 0.0
210.0 0.0 0.0
220.0 0.0 0.0
230.0 0.0 0.0
240.0 0.0 0.0
250.0 0.0 0.0
260.0 0.0 0.0
270.0 0.0 0.0
280.0 0.0 0.0
290.0 0.0 0.0
300.0 0.0 0.0
310.0 0.0 0.0
320.0 0.0 0.0
330.0 0.0 0.0
340.0 0.0 0.0
350.0 0.0 0.0
360.0 0.0 0.0
370.0 0.0 0.0
380.0 0.0 0.0
390.0 0.0 0.0
400.0 0.0 0.0
410.0 0.0 0.0
420.0 0.0 0.0
430.0 0.0 0.0
440.0 0.0 0.0
450.0 0.0 0.0
460.0 0.0 0.0
470.0 0.0 0.0
480.0 0.0 0.0
490.0 0.0 0.0
500.0 0.0 0.0
510.0 0.0 0.0
520.0 0.0 0.0
530.0 0.0 0.0
540.0 0.0 0.0
550.0 0.0 0.0
560.0 0.0 0.0
570.0 0.0 0.0
580.0 0.0 0.0
590.0 0.0 0.0
600.0 0.0 0.0
610.0 0.0 0.0
620.0 0.0 0.0
640.0 0.0 0.0
650.0 0.0 0.0
660.0 0.0 0.0
670.0 0.0 0.0
680.0 0.0 0.0
690.0 0.0 0.0
700.0 0.0 0.0
710.0 0.0 0.0
720.0 0.0 0.0
730.0 0.0 0.0
740.0 0.0 0.0
750.0 0.0 0.0
760.0 0.0 0.0
770.0 0.0 0.0
780.0 0.0 0.0
790.0 0.0 0.0
800.0 0.0 0.0
654
# a b m n r rhoa k err
1 11 2 3 0.08427696725167103 10.3064 122.29201329970314 0.330974
1 11 3 4 0.0518612779929632 17.657 340.46596388148765 0.162057
1 11 4 5 0.024510676777905575 14.3874 586.9850159734918 0.120255
2 12 3 4 0.08715419612795239 10.6514 122.21327799710893 0.349408
2 12 4 5 0.03896280546777468 13.2643 340.4349312312899 0.199614
3 13 4 5 0.10142335890079741 12.405 122.30910250303758 0.399615
1 11 7 8 0.02601593082644613 15.2721 587.0287748641829 0.105332
2 12 6 7 0.42940924752862214 324.303 755.2305914846039 0.0774268
1 11 8 9 0.050223254080667135 17.1003 340.485703545493 0.189292
3 13 6 7 0.5022517392060247 294.812 586.9805457837698 0.10089
2 12 7 8 0.018411408331994696 13.9056 755.2708488809809 0.0870714
3 13 7 8 0.018484670171858956 13.9614 755.2961383782125 0.0874901
2 12 8 9 0.02647025243591608 15.5373 586.9721128506603 0.119659
4 14 6 7 0.592827022053801 201.834 340.4601890459759 0.14325
1 11 9 10 0.14499864934130624 17.7375 122.32872568521962 0.5
2 12 9 10 0.04801259237089455 16.3441 340.4127790839277 0.268354
4 14 7 8 0.022153723393821947 13.0056 587.0615863889903 0.101306
3 13 8 9 0.019700445863050593 14.879 755.2620942405414 0.0982822
5 15 7 8 0.03874198238890999 13.1915 340.4962572017509 0.149377
2 12 10 11 0.1164982608891434 14.2287 122.13658720227288 0.48973
4 14 8 9 0.019452047364589126 14.6914 755.2624011570372 0.0960597
3 13 9 10 0.027930656088724953 16.3955 587.0073351631197 0.169669
6 16 7 8 0.10051462264538973 12.3257 122.62593914802245 0.294558
5 15 8 9 0.02471861557271847 14.5092 586.9746206989669 0.115772
4 14 9 10 0.02192165784528622 16.5562 755.243974559162 0.134725
3 13 10 11 0.04155313002329375 14.1491 340.506238448664 0.222188
4 14 10 11 0.025470334832675797 14.9507 586.9848236474616 0.141315
5 15 9 10 0.02250658687303859 16.998 755.2455685922989 0.132094
3 13 11 12 0.10540801804416385 12.9302 122.66808768363812 0.432556
6 16 8 9 0.03996273118577035 13.6069 340.48974122281834 0.170238
5 15 10 11 0.02066103614286094 15.6043 755.2525387451003 0.112267
4 14 11 12 0.04182440276660889 14.2418 340.5141271107437 0.204767
7 17 8 9 0.10462398272348511 12.7754 122.1077583498672 0.353822
6 16 9 10 0.027882744728860327 16.3678 587.0225531655905 0.157547
3 23 7 9 0.02075300541022542 14.1554 682.0891586635134 0.106461
4 14 12 13 0.0960508867470272 11.7258 122.07903952914745 0.391188
5 15 11 12 0.025845147599065095 15.1722 587.042497700761 0.129523
6 16 10 11 0.020672281185963873 15.6132 755.2722343289863 0.106866
7 17 9 10 0.047128063536027345 16.0429 340.41076157809675 0.243348
5 15 12 13 0.0386067320813908 13.1408 340.37586948039365 0.191736
7 17 10 11 0.026971813807378134 15.832 586.9831414774619 0.128216
8 18 9 10 0.12589229735479412 15.3957 122.2926288858745 0.5
6 16 11 12 0.019812172238236565 14.964 755.2932520503825 0.098422
5 25 7 9 0.05533472651058889 13.5344 244.5914320622882 0.223261
5 15 13 14 0.09233963059814797 11.2955 122.32559223847005 0.371768
8 18 10 11 0.04784416316108984 16.291 340.50130514664244 0.211705
7 17 11 12 0.020639469503453873 15.5883 755.266505148856 0.093432
6 16 12 13 0.02292585070326987 13.4563 586.9487756055549 0.120049
9 19 10 11 0.1398866530710546 17.1144 122.34476716879372 0.5
8 18 11 12 0.027302220724363065 16.0271 587.0255083572107 0.110969
7 17 12 13 0.018932976961023213 14.2985 755.2166798404668 0.0967068
6 16 13 14 0.037452340348241714 12.7534 340.5234461028478 0.176434
5 25 9 11 0.024547478886802088 16.7427 682.0537488679412 0.13298
7 17 13 14 0.02373659341179221 13.9342 587.0345317992246 0.118955
9 19 11 12 0.04997300721508585 17.016 340.50382292909535 0.181351
6 16 14 15 0.08670336911656121 10.6075 122.34242000146061 0.330516
8 18 12 13 0.019375482657943137 14.6328 755.2224766902085 0.0935171
9 19 12 13 0.026334648340403742 15.4573 586.9567651026784 0.114835
8 18 13 14 0.01893671554376807 14.3024 755.2735302456827 0.0959549
10 20 11 12 0.14658934533734255 17.9338 122.34040583733679 0.5
7 17 14 15 0.03681180058641625 12.5337 340.48049267725855 0.175015
7 27 9 11 0.06546227893234384 16.0087 244.5484676227849 0.312928
1 21 15 17 0.019297269461895934 13.162 682.0654096160841 0.117646
10 20 12 13 0.04647472687809995 15.8198 340.3957605064417 0.214725
9 19 13 14 0.018529385638143575 13.995 755.2867792438116 0.0956824
8 18 14 15 0.022828143969776563 13.3994 586.9684376329589 0.116738
7 17 15 16 0.09177489657428492 11.2255 122.31558322611453 0.396461
8 18 15 16 0.037158620366254495 12.6488 340.4001514406863 0.194433
10 20 13 14 0.025057907508870183 14.7097 587.0282662186758 0.130469
9 19 14 15 0.018264570314383968 13.7945 755.2600341841255 0.0974009
11 21 12 13 0.1273541608032064 15.5528 122.12243323587136 0.481947
7 27 11 13 0.022395211969362373 15.2744 682.0386438358362 0.09387
1 21 17 19 0.05632223599590403 13.7748 244.57125603113053 0.262624
8 18 16 17 0.08297120991886507 10.1327 122.12308353594514 0.320843
11 21 13 14 0.03382551482205557 11.5183 340.5210552032637 0.210797
10 20 14 15 0.0197030382763732 14.8804 755.2337761960173 0.103163
9 19 15 16 0.0226087076036183 13.2715 587.0083435408766 0.133475
9 19 16 17 0.03357642584943795 11.433 340.5067606441316 0.171337
12 22 13 14 0.10002450350008849 12.2699 122.66894181573363 0.437006
11 21 14 15 0.023632363219142083 13.8716 586.9747291614104 0.132402
10 20 15 16 0.01849109877589584 13.965 755.2282408552238 0.110678
3 23 17 19 0.02120278857256142 14.4609 682.0282129641139 0.115476
9 29 11 13 0.06811571587398746 16.6605 244.5911312276531 0.242874
12 22 14 15 0.04080318788992526 13.8931 340.49055278424345 0.206273
11 21 15 16 0.019012002515867866 14.3587 755.2439564436146 0.114484
9 19 17 18 0.0941887563290571 11.5564 122.69405022852888 0.354886
10 20 16 17 0.02108298457724496 12.375 586.9662312117061 0.112758
3 43 7 11 0.03135558619512952 15.3565 489.75324219533593 0.161995
11 21 16 17 0.015967541735805894 12.0597 755.26340870349 0.0963357
13 23 14 15 0.10068574789733743 12.2931 122.09374471285109 0.404052
10 20 17 18 0.03751075326648226 12.7724 340.4996937614894 0.170393
12 22 15 16 0.024699923415279025 14.4992 587.0139658421369 0.141999
3 23 19 21 0.026896301512487314 6.57793 244.56633923984023 0.290712
9 29 13 15 0.02150915098350712 14.6705 682.0585345860053 0.0972568
11 21 17 18 0.022916672802475606 13.4538 587.0747519049377 0.118743
10 20 18 19 0.10402387238130806 12.6943 122.03256530835537 0.369575
13 23 15 16 0.04102020288101837 13.9632 340.3981213964525 0.210167
12 22 16 17 0.01706518668487288 12.8887 755.2627602617996 0.0985943
14 24 15 16 0.09864892351367348 12.0657 122.30949482512705 0.403616
11 21 18 19 0.0397862954216499 13.5442 340.42375286415484 0.188075
13 23 16 17 0.021836157882115566 12.8172 586.971392549678 0.118763
12 22 17 18 0.018956346879928428 14.3174 755.2826549697563 0.101229
11 31 13 15 0.055534875528443356 13.584 244.60305115913457 0.291008
5 25 19 21 0.031089747436694775 21.2047 682.0479980796628 0.129808
13 23 17 18 0.01938284291251715 14.6391 755.2607254814146 0.101232
12 22 18 19 0.024964888058823 14.6523 586.9163108392804 0.127767
14 24 16 17 0.03446907013158931 11.7368 340.50236792560776 0.174654
5 45 9 13 0.028145820867164575 13.7839 489.731675087883 0.165087
15 25 16 17 0.08015437220139418 9.8065 122.34516634177353 0.328241
14 24 17 18 0.024009352889565794 14.0942 587.0295657208316 0.12306
13 23 18 19 0.019893254576383117 15.0234 755.2007109905228 0.102803
12 22 19 20 2.341011179562747 797.173 340.5250717977757 0.128999
11 31 15 17 0.019941938893928757 13.6012 682.0399998387735 0.116018
5 25 21 23 0.04489743352191086 10.9803 244.56409060979823 0.335017
15 25 17 18 0.03851598352212468 13.1147 340.5001975989148 0.179452
14 24 18 19 0.01964356275865282 14.8353 755.2245069935278 0.102289
16 26 17 18 0.09311405835042957 11.3905 122.32846684796496 0.380321
15 25 18 19 0.024040145948917784 14.1103 586.9473517333286 0.119349
13 33 15 17 0.055250284283559804 13.5109 244.53991821396443 0.276877
7 27 21 23 0.023264920447394585 15.8681 682.0612189876219 0.137311
13 23 21 22 0.24505522211314681 29.9929 122.39241319310342 0.410029
16 26 18 19 0.038833651596737316 13.2182 340.3800429911297 0.179227
7 47 11 15 0.03236237782452765 15.8486 489.72297665928136 0.125279
14 24 21 22 0.14405340707864014 49.0531 340.5202347850158 0.21862
17 27 18 19 0.08880670976277762 10.8439 122.10676455603925 0.327395
16 26 19 20 1.950279324887746 1144.91 587.0492423263005 0.0765991
1 61 7 13 0.0219121669814157 16.0824 733.9484047214462 0.11088
13 33 17 19 0.022109120102233357 15.0793 682.0398066622635 0.109793
15 25 21 22 0.37162153952822236 218.145 587.0084933099881 0.136777
14 24 22 23 0.09799871830169038 11.9966 122.41588673709289 0.49402
16 26 21 22 0.34386435631394713 259.718 755.2920075347334 0.105815
15 25 22 23 0.03873702298657327 13.1874 340.43400817277353 0.245562
15 35 17 19 0.05430998621189475 13.2836 244.58853567321805 0.248193
9 29 23 25 0.024676094925873412 16.8305 682.0568672052264 0.144274
16 26 22 23 0.02403955409195444 14.1116 587.0158799959968 0.160162
15 25 23 24 0.09721159386446995 11.871 122.11506393517486 0.45624
9 49 13 17 0.030863423257009952 15.1148 489.7318056436596 0.132202
17 27 22 23 0.018347682114423922 13.8571 755.2507130645306 0.125236
16 26 23 24 0.038362231223035136 13.061 340.4650768112085 0.22884
15 35 19 21 0.022766742011196082 15.5287 682.0782698008962 0.117224
9 29 25 27 0.05398460828168815 13.2025 244.56044825054988 0.394458
3 63 9 15 0.019102362912153836 14.02 733.9406158533301 0.117739
18 28 22 23 0.018685116242920533 14.112 755.2535299504382 0.118089
17 27 23 24 0.022874862472188374 13.4271 586.9805781925414 0.14633
19 29 22 23 0.024211245339889848 14.2106 586.942133727709 0.139461
18 28 23 24 0.018251637046035985 13.7842 755.2308850560748 0.113355
20 30 21 22 0.18863105830744942 23.1284 122.61183395527084 0.378844
17 37 19 21 0.05351617630525993 13.0903 244.6045458354878 0.265339
11 31 25 27 0.106953677107058 72.9465 682.038261545532 0.151244
20 30 22 23 0.03939106383194205 13.4122 340.4883924237686 0.213345
17 27 25 26 0.8004582093617981 97.9007 122.30582290867602 0.5
19 29 23 24 0.018623698022280775 14.0648 755.2098398058935 0.108562
11 51 15 19 0.02557830478585649 12.5263 489.7236194842127 0.157422
21 31 22 23 0.09787387109714184 11.9537 122.13372032803021 0.430482
18 28 25 26 0.6330190480169662 215.484 340.4068182071902 0.25347
20 30 23 24 0.023397735206058506 13.7345 587.0012579868692 0.129501
17 37 21 23 0.021988454570449536 14.9977 682.0715822455086 0.11702
11 31 27 29 0.0556305530751452 13.6059 244.57603327475974 0.371805
5 64 11 17 0.018645108999575104 13.6842 733.9297399823108 0.0955354
20 30 24 25 0.004982681148130795 3.76335 755.2861377477033 0.126993
19 29 25 26 0.043526519444781114 25.5482 586.9571085832195 0.171636
21 31 23 24 0.03901505630887288 13.282 340.4326753971487 0.190419
20 30 25 26 0.03501384530840949 26.4435 755.2298174359303 0.132112
22 32 23 24 0.10116176649338908 12.3803 122.38121603786993 0.379352
21 31 24 25 0.3104767577425235 182.252 587.0069029487241 0.143947
13 33 27 29 0.0218395912630411 14.8952 682.0274162001824 0.144944
19 39 21 23 0.05701562692560174 13.9447 244.57680730576 0.263501
22 32 24 25 0.46727930435150483 159.118 340.5201097464088 0.214642
19 29 27 28 0.2910161434345464 35.5941 122.3097096261452 0.5
13 53 17 21 0.008285326484369967 4.05755 489.7272313474252 0.159613
21 31 26 27 0.019570161141663985 14.7805 755.256939020956 0.133344
23 33 24 25 1.471661039875139 180.171 122.4269686552865 0.451286
20 30 27 28 0.19078510488690203 64.9605 340.49041741759015 0.28016
13 33 29 31 0.042690704467171645 10.4418 244.5918878670543 0.369845
19 39 23 25 0.006826616594078023 4.65594 682.0274635079039 0.119792
7 66 13 19 0.006763494844453094 4.96391 733.9267810739921 0.0903433
22 32 26 27 0.019934494016548312 15.0561 755.2787639105067 0.128708
20 30 28 29 0.1058169547936495 12.9412 122.29798169146193 0.5
21 31 28 29 3.1181098514288905 1061.59 340.45946120644874 0.219279
23 33 26 27 0.024016489015472535 14.0984 587.0300188723321 0.157136
15 35 29 31 0.014378367046107817 9.80653 682.0336390462783 0.139228
21 41 23 25 0.29639764330599433 72.4881 244.56368543107783 0.28044
22 32 28 29 1.5821452675645882 928.735 587.0099408947517 0.151803
24 34 26 27 0.0391883107360909 13.3429 340.4816321340361 0.235736
21 31 29 30 0.11493164105447863 14.0405 122.16392171190418 0.5
15 55 19 23 0.030477152183548375 14.9261 489.74720177619275 0.166535
23 33 28 29 0.2728694600658996 206.08 755.2329232821821 0.124153
22 32 29 30 0.04416750732317604 15.0397 340.51502816207625 0.277181
25 35 26 27 0.1013537941524548 12.423 122.57064576500724 0.5
15 35 31 33 0.04113575455538085 10.0617 244.59743375933428 0.348579
9 68 15 21 0.30471734147021073 223.64 733.9260670921254 0.0884318
23 33 29 30 0.026318889689420855 15.4488 586.9852483256466 0.168951
22 32 30 31 0.10342211970381841 12.665 122.45929629241972 0.5
25 35 27 28 0.8718689300170135 296.926 340.56265773137005 0.247518
24 34 28 29 0.8911970794346674 673.061 755.2325019141193 0.117341
23 33 30 31 0.04982890578927962 16.9664 340.49312806002285 0.257278
24 34 29 30 0.02035922856916803 15.3758 755.2250787775465 0.130178
26 36 27 28 1.3886174002786977 169.864 122.32599128162158 0.5
17 37 31 33 0.015688384368172256 10.7004 682.0587607292687 0.13384
24 34 30 31 0.026986838201943617 15.8417 587.0157845634197 0.158946
23 33 31 32 0.10513712878192308 12.847 122.19279857496802 0.5
25 35 29 30 0.020076736173710964 15.1627 755.2372989716556 0.130686
3 43 35 39 0.02975690347345053 14.5734 489.7485389567689 0.144339
24 34 31 32 0.042764271472312 14.56 340.47113393307694 0.245995
26 36 29 30 0.02484243223439526 14.5817 586.9674862113984 0.167392
25 35 30 31 0.01796543235137473 13.5683 755.2448354498823 0.127174
17 37 33 35 0.06923789378674396 16.9339 244.57560844004337 0.344518
11 70 17 23 0.01953425632605479 14.3368 733.9311904532335 0.111855
27 37 29 30 0.04089467289955041 13.922 340.4355387362215 0.270809
26 36 30 31 0.016874338465125246 12.7439 755.2236804031305 0.130166
25 35 31 32 0.029002227859881203 17.0242 586.9962846388634 0.152377
24 34 32 33 0.11266294119924655 13.7756 122.27268215586162 0.5
28 38 29 30 0.10376297710666581 12.6905 122.30277459131185 0.5
27 37 30 31 0.025777775881218 15.131 586.9784914618887 0.170821
26 36 31 32 0.023911893599968644 18.059 755.2308613494199 0.120546
25 35 32 33 0.043048316278500004 14.658 340.5011221616761 0.253678
19 39 33 35 0.04386030170777344 29.9157 682.0678115558422 0.128834
28 38 30 31 0.041340034308453615 14.0756 340.4835103661654 0.280064
27 37 31 32 0.018911740713832628 14.2828 755.2345506489057 0.125526
26 36 32 33 0.025408508813270638 14.915 587.0080810177269 0.15736
25 35 33 34 0.11331579324355406 13.8554 122.27245296884651 0.5
19 59 23 27 0.019270052848185816 9.4369 489.7184286076537 0.175344
5 45 37 41 0.19981979281052278 97.8586 489.73426818029725 0.124545
29 39 30 31 0.10269655249616681 12.5599 122.30108698603884 0.5
26 36 33 34 0.0434199953405031 14.7822 340.4468352443798 0.246478
28 38 31 32 0.023629171552238967 13.87 586.9863007823377 0.16399
27 37 32 33 0.020680027265580582 15.619 755.2697972500233 0.131357
25 45 29 31 0.07523526266801901 51.3142 682.0498550849431 0.145077
19 39 35 37 0.06087571475713073 14.8894 244.58686126976303 0.343935
13 72 19 25 0.021333508154972126 15.6575 733.9392980404285 0.122011
28 38 32 33 0.020400116664496943 15.4077 755.2750924613375 0.138459
27 37 33 34 0.02597279715050287 15.2461 587.0026209212054 0.159705
29 39 31 32 0.04101343564063414 13.9631 340.4518490561672 0.25282
26 36 34 35 0.10604356515991155 12.9572 122.18751774764273 0.5
29 39 32 33 0.025226079394203328 14.8085 587.0313721205059 0.176302
28 38 33 34 0.020458817270936944 15.4518 755.2636007923229 0.131072
27 37 34 35 0.041022910178575955 13.9665 340.45609975505704 0.244652
30 40 31 32 0.10979257212477955 13.4118 122.15580471835064 0.5
27 47 29 31 0.21917023017325937 53.6007 244.56195514156897 0.386915
27 37 35 36 0.10758680695553453 13.1728 122.43880428056852 0.5
29 39 33 34 0.020273154777249426 15.3112 755.2450601907434 0.132851
28 38 34 35 0.024887433083698993 14.6093 587.0151393624012 0.157385
30 40 32 33 0.04249790228305597 14.4718 340.5297490594011 0.28512
7 47 39 43 0.029309871603074425 14.354 489.7326127656715 0.133503
31 41 32 33 0.10855681836321104 13.2943 122.46397969697058 0.5
29 39 34 35 0.020357872576144756 15.3755 755.2606463416481 0.126692
28 38 35 36 0.04160643031121276 14.1676 340.51467270870126 0.252728
30 40 33 34 0.025727788060385864 15.102 586.9917757622223 0.170984
21 41 37 39 1.0379545553770704 253.893 244.6089751085154 0.316279
15 74 21 27 0.1804602238919563 132.447 733.940128985419 0.123616
31 41 33 34 0.043021685009634394 14.6482 340.48410695024245 0.267871
30 40 34 35 0.0199007422252234 15.0301 755.2532377887868 0.128912
29 39 35 36 0.02556746113486948 15.0085 587.0156571600717 0.159932
28 38 36 37 0.1120918968847473 13.7182 122.38351193311529 0.5
31 41 34 35 0.025532501650495497 14.9881 587.0204261676463 0.161242
30 40 35 36 0.01966551012686864 14.8526 755.2613638894195 0.127712
29 39 36 37 0.04295003221958284 14.6233 340.47238719724606 0.239504
32 42 33 34 0.1119928562823184 13.6849 122.19440109199708 0.5
30 40 36 37 0.024841803219963533 14.5824 587.0105270088121 0.14976
31 41 35 36 0.5039978251663679 380.65 755.2611955703355 0.14335
29 39 37 38 0.05804505804302786 7.08943 122.13666828870635 0.5
32 42 34 35 0.04286814727850445 14.5957 340.47890862124524 0.25493
9 49 41 45 0.0317151175842788 15.532 489.7349019351964 0.126738
23 63 27 31 0.07090703669393018 34.7258 489.73700804750473 0.195652
32 42 35 36 0.027264064859779242 16.0042 587.007112927239 0.157532
33 43 34 35 0.11198261902984327 13.6921 122.26986757963812 0.5
23 43 39 41 0.05928781414219539 14.5016 244.59663777145647 0.269512
17 76 23 29 0.01980955123160796 14.5389 733.9338397934956 0.131628
30 40 38 39 0.20251766139917188 24.7791 122.3552544938746 0.5
32 42 36 37 0.019005571491336127 14.3537 755.2364319348815 0.109069
33 43 35 36 0.046429569252795164 15.8093 340.5006820959952 0.255882
32 42 37 38 0.020773715839247708 15.6891 755.2380191106032 0.109104
34 44 35 36 0.11594359232604105 14.1775 122.27928870904682 0.5
33 43 36 37 0.025226961175384307 14.808 586.9910330083352 0.139722
25 45 39 41 0.021887119446648767 14.9282 682.0541202961143 0.102509
31 41 39 40 0.11079663880619738 13.5581 122.3692356201841 0.5
33 43 37 38 0.01954858896134194 14.7642 755.2565573503415 0.10934
32 42 38 39 0.0283399900499718 16.6354 586.9938546438041 0.138634
34 44 36 37 0.04169053656308545 14.1932 340.44176856594487 0.230315
11 51 43 47 0.033942955779996856 16.6225 489.7186947341785 0.119796
25 64 29 33 0.03024116082880541 14.81 489.729877891894 0.202859
35 45 36 37 0.14110332644291454 17.2408 122.18563824556625 0.491051
34 44 37 38 0.024308643487637446 14.269 586.9928532728176 0.144031
33 43 38 39 0.018021580088612474 13.6113 755.2778354102671 0.105085
32 42 39 40 0.04240034324690309 14.4339 340.41941396439637 0.228971
25 45 41 43 0.06258760848219642 15.3076 244.57876520964015 0.201432
19 78 25 31 0.02088674442306262 15.3295 733.9343886964764 0.132664
33 43 39 40 0.026191199841166083 15.3745 587.0101443705183 0.12654
35 45 37 38 0.024518103179323725 8.34715 340.4484408499922 0.235483
34 44 38 39 0.018397668783640873 13.8952 755.2696030899062 0.11055
32 42 40 41 0.10298225988158947 12.5775 122.13268590592007 0.5
34 44 39 40 0.020368209015629628 15.3829 755.2406786574052 0.104402
36 46 37 38 0.08398420156814665 10.2822 122.4301691033735 0.5
35 45 38 39 0.015063519142944097 8.84257 587.0188709616338 0.146494
33 43 40 41 0.04135077458099231 14.0797 340.49422635173585 0.202093
27 47 41 43 0.022634509127508456 15.438 682.0558781739912 0.0918988
33 53 35 37 0.5524238617774578 135.12 244.59479278328612 0.293595
36 46 38 39 0.028964958121885293 9.86299 340.51456102564634 0.242844
35 45 39 40 0.017914591352555975 13.5302 755.2614365423173 0.113113
34 44 40 41 0.02481376625163231 14.5648 586.9645039894697 0.125346
33 43 41 42 0.10827696743825631 13.2785 122.63457607059333 0.401647
13 53 45 49 0.033430375209285615 16.3719 489.7312667747906 0.12787
36 46 39 40 0.02491361840314643 14.6246 587.0122823328227 0.152751
35 45 40 41 0.019143949655380015 14.4586 755.2568963185038 0.109867
34 44 41 42 0.04319169213036231 14.7069 340.50298274055217 0.163162
37 47 38 39 0.09246593324753892 11.3168 122.38885828042199 0.5
27 47 43 45 0.059619148259664675 14.5816 244.57913985103303 0.236534
21 80 27 33 0.020721749040062902 15.2084 733.9341853140131 0.131643
36 46 40 41 0.01970853756256775 14.8851 755.2615181489233 0.123524
35 45 41 42 0.025365055542138866 14.891 587.0675100735199 0.109471
34 44 42 43 0.11401679869122841 13.9184 122.07323973103954 0.35472
37 47 39 40 0.020975795836931 7.14167 340.47194468903206 0.24537
36 46 41 42 0.019789704312465285 14.9471 755.2967828117074 0.101807
35 45 42 43 0.04432782406173315 15.091 340.440802575455 0.147429
38 48 39 40 0.08728779662450854 10.6612 122.13849372165917 0.5
37 47 40 41 0.0245313954229486 14.4002 587.011042450888 0.164125
29 49 43 45 0.024227891767501748 16.5249 682.0609964159486 0.0919563
1 61 49 55 0.023368211495041563 17.1505 733.9243742996385 0.0879123
37 47 41 42 0.020124008514334494 15.1995 755.2918688726093 0.114453
36 46 42 43 0.026201299125800416 15.3792 586.9632618657487 0.100959
35 45 43 44 0.11133326662896859 13.6431 122.54288779172592 0.427081
38 48 40 41 0.04078262715103569 13.8848 340.4586945460523 0.267264
15 55 47 51 0.033498129465094464 16.4054 489.7407784244987 0.138914
29 68 33 37 0.03047340516163119 14.9234 489.71881943767573 0.203869
36 46 43 44 0.04375084416729918 14.8991 340.5442862548485 0.173325
38 48 41 42 0.025683211594669866 15.0768 587.0293886115452 0.155387
37 47 42 43 0.02070604792577272 15.6379 755.2334494761591 0.0914222
39 49 40 41 0.10637898284110912 13.0152 122.34747552944643 0.5
29 49 45 47 0.06887548347145912 16.8464 244.59211247469315 0.244686
35 55 39 41 0.023003709496226824 15.6899 682.0595609840026 0.145701
36 46 44 45 0.10678484455243857 13.0479 122.18868749293914 0.379489
38 48 42 43 0.020937296564040957 15.8124 755.2264425177614 0.101006
37 47 43 44 0.02581976216355462 15.1579 587.0658259352922 0.112226
39 49 41 42 0.043556246641297126 14.8322 340.5298009754839 0.264792
40 50 41 42 0.1093505790478653 13.3827 122.3834397268448 0.5
39 49 42 43 0.02763883457166545 16.2231 586.9675856966654 0.140962
38 48 43 44 0.020273770832822013 15.3129 755.3059628754085 0.0907767
37 47 44 45 0.04138708644133719 14.09 340.44435623588583 0.16864
31 51 45 47 0.02399551663246621 16.3657 682.0315749258351 0.0841479
37 57 39 41 0.06028010428023311 14.7436 244.58484563097684 0.365613
3 63 51 57 0.02204890141090045 16.1823 733.9277226755552 0.0927797
40 50 42 43 0.04518136070748878 15.38 340.4058611597055 0.246978
37 47 45 46 0.1072983559457111 13.1268 122.3392463407516 0.418797
39 49 43 44 0.021091696582519297 15.9306 755.3019709757825 0.0947212
38 48 44 45 0.025094295138255097 14.7301 586.9899879173988 0.101176
17 57 49 53 0.0359493118713595 17.6054 489.7284282658569 0.138099
31 70 35 39 0.031236851963066126 15.2973 489.7196432626195 0.192665
41 51 42 43 0.1056154663849288 12.8979 122.1213184155433 0.5
39 49 44 45 0.019440361608882184 14.6823 755.248297094008 0.0834569
38 48 45 46 0.04267512167955656 14.5313 340.5098668285975 0.157177
40 50 43 44 0.026564928347885014 15.5948 587.0446852246673 0.12184
37 57 41 43 0.022658172882996395 15.4543 682.0629394878317 0.136357
31 51 47 49 0.06435451376145003 15.7381 244.5531646519489 0.215232
41 51 43 44 0.043202722858385334 14.7114 340.52020397470443 0.204216
40 50 44 45 0.020117393484924098 15.1934 755.2370048031262 0.0845421
39 49 45 46 0.02523114127482857 14.8115 587.032502361534 0.0934939
38 48 46 47 0.1175020392974199 14.3693 122.28979246588719 0.47118
41 51 44 45 0.025570939783737465 15.0089 586.9514428071712 0.107434
40 50 45 46 0.02035280026135367 15.3721 755.2818188457768 0.0721185
39 49 46 47 0.046655448216010344 15.8853 340.48113580331614 0.188645
42 52 43 44 0.10869982681570399 13.3306 122.63680992428327 0.44586
39 59 41 43 0.06167028898949344 15.085 244.60725330101795 0.368946
33 53 47 49 0.024115085917885325 16.4478 682.05438106282 0.0937847
5 64 53 59 0.02337255928893614 17.1536 733.9204829023578 0.113212
41 51 45 46 0.019675693395292175 14.8603 755.2618198226062 0.0740492
39 49 47 48 0.11394224484342486 13.9419 122.3593586308435 0.5
42 52 44 45 0.04322913013813985 14.718 340.4648660051274 0.16575
40 50 46 47 0.028462870640335338 16.7081 587.0138754143301 0.102626
19 59 51 55 0.03738739189588239 18.3098 489.7319409438808 0.140263
33 72 37 41 0.03109986140982717 15.2305 489.72887046973625 0.193935
42 52 45 46 0.025415356449526128 14.9201 587.0505900490011 0.0908554
41 51 46 47 0.021438926918580934 16.1914 755.2336953006288 0.082063
43 53 44 45 0.11159243982796269 13.6228 122.07637023620677 0.376104
40 50 47 48 0.04700143771095861 16.0054 340.53000885690494 0.179053
33 53 49 51 0.061885256376664206 15.1379 244.6123824366707 0.208807
39 59 43 45 0.02256178514446126 15.3889 682.0781202137214 0.10674
43 53 45 46 0.04401615503629804 14.9862 340.4704474446164 0.141401
42 52 46 47 0.02133493120922525 16.1135 755.2637429190539 0.0821478
40 50 48 49 0.11340485207454798 13.8826 122.41627889849117 0.404778
41 51 47 48 0.02783169493394672 16.3367 586.981857870032 0.106318
42 52 47 48 0.021440862792492237 16.1934 755.2587858390804 0.0885862
44 54 45 46 0.11438759620414087 14.0163 122.53339055211832 0.396877
41 51 48 49 0.04378956388049619 14.9069 340.4212940024167 0.152489
43 53 46 47 0.027476874943460707 16.1285 586.9845109091805 0.096966
35 55 49 51 0.024596162561851997 16.7762 682.0657473625356 0.0991285
41 61 43 45 0.05928092428444332 14.5001 244.59976248725866 0.275032
7 66 55 61 0.023239858064197094 17.0567 733.941659750377 0.127358
43 53 47 48 0.021445013307599823 16.1966 755.261830229788 0.0889911
42 52 48 49 0.026014517464531237 15.2702 586.9876318413258 0.0961763
44 54 46 47 0.04704507909348884 16.0197 340.5180798647476 0.159664
41 51 49 50 0.10505968594057309 12.8275 122.09726200072465 0.417771
21 61 53 57 0.03466977182358408 16.9788 489.7292109794097 0.145127
35 74 39 43 0.03247044285728375 15.9019 489.7346201865212 0.201242
44 54 47 48 0.028002046076936925 16.4384 587.0428166154263 0.113075
43 53 48 49 0.02044810075397296 15.4436 755.2584069207204 0.0807832
42 52 49 50 0.0433097178597126 14.7428 340.4039723314382 0.166245
45 55 46 47 0.10972907821116738 13.4087 122.19823786540627 0.370764
41 61 45 47 0.021676747430546667 14.7849 682.0626594174945 0.0906351
35 55 51 53 0.06826596968705989 16.6971 244.5889229515333 0.248722
44 54 48 49 0.02064611942415272 15.5936 755.2799477541496 0.0836864
42 52 50 51 0.12034090508793015 14.7338 122.43384732094523 0.305454
43 53 49 50 0.025735789622077444 15.1062 586.9724699272933 0.109232
45 55 47 48 0.04366005136268402 14.8646 340.46226552781116 0.180726
43 53 50 51 0.04514495664923808 15.3736 340.53859259292176 0.140182
45 55 48 49 0.02465204369530857 14.471 587.0101553792847 0.102948
44 54 49 50 0.020716012265568948 15.6455 755.2370504242077 0.09318
46 56 47 48 0.10950101256063503 13.3956 122.33311534523324 0.441395
37 57 51 53 0.025648736397620768 17.4937 682.0491945023364 0.0979866
43 63 45 47 0.062072209395941186 15.1816 244.57966210225962 0.201387
9 68 57 63 0.021808189177084453 16.0057 733.9307207046069 0.138571
44 54 50 51 0.02774923748383591 16.2892 587.0143282131105 0.0968955
43 53 51 52 0.12802841028903417 15.6702 122.39627098878518 0.297187
46 56 48 49 0.04075887871858595 13.8785 340.5024975250714 0.166115
45 55 49 50 0.019752042493687425 14.9178 755.2535392108231 0.0932178
23 63 55 59 0.03213372558027158 15.7372 489.7409097705687 0.145334
37 76 41 45 0.03200344779394835 15.6734 489.7409835625192 0.181439
45 55 50 51 0.02100236467352205 15.8628 755.2863806806686 0.0807743
44 54 51 52 0.049387238841616006 16.8138 340.44826952001824 0.14438
47 57 48 49 0.10983337914865253 13.4318 122.29251347917567 0.448148
46 56 49 50 0.02519961640385244 14.7926 587.0168721194722 0.112819
37 57 53 55 0.06763318064830319 16.5399 244.5530409993362 0.356241
43 63 47 49 0.02307687449066554 15.7398 682.0594360110013 0.0965903
44 54 52 53 0.12099050576311202 14.7752 122.11867292238985 0.409764
47 57 49 50 0.045461471889141424 15.4788 340.4817168644543 0.197586
46 56 50 51 0.02083073914072956 15.7334 755.2972505539698 0.0788373
45 55 51 52 0.028564318201750285 16.7679 587.0225881663979 0.0954265
48 58 49 50 0.10995223148668573 13.453 122.35313297510513 0.5
47 57 50 51 0.02800714410744225 16.4415 587.0466455603752 0.0992421
46 56 51 52 0.022351255850408907 16.8812 755.2685232982632 0.0761842
45 55 52 53 0.04794657883382989 16.3246 340.47476164205017 0.188572
39 59 53 55 0.02599953704155487 17.7331 682.0544524180302 0.107
11 70 59 64 0.02271111305412484 16.6688 733.9490565819088 0.126853
45 64 47 49 0.05985551566601899 14.6394 244.5789638115346 0.242318
48 58 50 51 0.046357721098400896 15.7872 340.55168429201706 0.172512
45 55 53 54 0.12306560320803045 15.0698 122.453387519874 0.46264
47 57 51 52 0.022111729959193045 16.6996 755.2371538011241 0.0741754
46 56 52 53 0.029068555617309574 17.0637 587.0157507873906 0.11572
25 64 57 61 0.03503610127706961 17.1584 489.7348556082012 0.16954
39 78 43 47 0.032309363244720356 15.8235 489.74967040199107 0.144653
49 59 50 51 0.11575460572456425 14.1722 122.43314131035497 0.424908
46 56 53 54 0.049617029900246 16.8954 340.5161500792741 0.209327
48 58 51 52 0.027014167028138206 15.8566 586.9734937036415 0.0915284
47 57 52 53 0.0229502650832728 17.3329 755.2374640166142 0.0873486
39 59 55 57 0.06793983232693612 16.6176 244.59289095730688 0.378632
45 64 49 51 0.02192405675994372 14.9536 682.0635507257456 0.0958067
48 58 52 53 0.022317844610169498 16.8551 755.2297407931451 0.0807876
47 57 53 54 0.029584331549175863 17.3659 586.9965312933956 0.122863
49 59 51 52 0.04461051705671816 15.1862 340.4174845293128 0.147279
46 56 54 55 0.12231999250891411 14.9656 122.34794732275165 0.5
50 60 51 52 0.10943002171449484 13.3613 122.09903453057794 0.398975
49 59 52 53 0.028106366756931456 16.4976 586.9702100835015 0.0922789
48 58 53 54 0.022931458944280534 17.3192 755.2594033411764 0.0878955
47 57 54 55 0.04751154281849677 16.1736 340.41411919175647 0.269419
41 61 55 57 0.02396445761525466 16.3449 682.0475665426951 0.110482
13 72 61 66 0.02357197483057227 17.3004 733.9393548631236 0.120625
47 66 49 51 0.06270086855861022 15.3364 244.59629272382656 0.256519
50 60 52 53 0.04722993787159666 16.0772 340.40273446280725 0.147794
47 57 55 56 0.11855085322909588 14.4795 122.13745920511269 0.5
49 59 53 54 0.022407865294441196 16.9238 755.2615913037621 0.077871
48 58 54 55 0.02871267509758178 16.8535 586.9707347964741 0.145143
41 80 45 49 0.031286683884517406 15.3223 489.738703422718 0.136135
27 66 59 63 0.033683665082177634 16.4959 489.7299613849963 0.213505
48 58 55 56 0.0466391200852711 15.8773 340.42880678218756 0.300189
50 60 53 54 0.027942893028844864 16.4022 586.990043696204 0.0915972
51 61 52 53 0.11920066601595258 14.5921 122.41626232228555 0.313048
49 59 54 55 0.02233210653055954 16.8661 755.2399939038537 0.0959945
41 61 57 59 0.06179777172504125 15.1141 244.57354331880504 0.268397
47 66 51 53 0.02398555954540566 16.3588 682.0270325164652 0.0828626
48 58 56 57 0.11749063268133197 14.3742 122.34337046245142 0.5
51 61 53 54 0.04551628347564354 15.4997 340.53087854359035 0.135187
50 60 54 55 0.022281663900290537 16.8277 755.2263634934633 0.0846124
49 59 55 56 0.028890654932825978 16.9584 586.9856546841942 0.149379
51 61 54 55 0.0264987187238885 15.5542 586.9793238711555 0.0988439
49 59 56 57 0.04744230783437267 16.154 340.49776955193107 0.271287
50 60 55 56 0.02245593977933768 16.9599 755.2522925629355 0.0960433
52 62 53 54 0.12220466309139455 14.9587 122.40694930612159 0.287942
43 63 57 59 0.023386722333397874 15.9514 682.0707824123043 0.105146
15 74 63 68 0.023190971723237225 17.0207 733.9364733451577 0.130939
49 68 51 53 0.06342596572286428 15.5108 244.5496859720426 0.204863
51 61 55 56 0.2645229918534858 199.784 755.2613804952595 0.0887642
50 60 56 57 0.02849070737666733 16.7246 587.0194719593635 0.128106
49 59 57 58 0.12492968608098921 15.2795 122.30479783719805 0.5
52 62 54 55 0.04519355714601551 15.3854 340.4334814870056 0.146784
29 68 61 64 0.033215870572361805 16.2673 489.7448033030229 0.184964
50 60 57 58 0.048227107911624094 16.4208 340.4890052725331 0.202094
52 62 55 56 0.029645354425315237 17.4024 587.0194618128587 0.106484
53 63 54 55 0.112240835841057 13.7061 122.11331016288096 0.366445
43 63 59 61 0.06077390096719339 14.8664 244.61816278709992 0.246746
49 68 53 55 0.023764453535315574 16.2084 682.0438759895417 0.0874418
50 60 58 59 0.12388540215050468 15.1393 122.20406712332189 0.450625
51 61 57 58 0.0274906587209448 16.1371 587.0030312407661 0.123047
53 63 55 56 0.06884808674684265 23.4411 340.4756923194384 0.175297
52 62 56 57 0.0202364737257499 15.2844 755.2896916299882 0.0956493
51 61 58 59 0.04458994712918034 15.1808 340.4534200504906 0.189978
52 62 57 58 0.02158150268399228 16.2998 755.2671488482638 0.100617
45 64 59 61 0.025779496566841566 17.5832 682.0614186320493 0.119028
17 76 64 70 0.022363763272939575 16.4136 733.9372984626722 0.138564
51 70 53 55 0.061564630468617515 15.0593 244.60960595997497 0.197505
51 61 59 60 0.12016943627953333 14.7004 122.33060630994821 0.462913
53 63 57 58 0.022191267165952894 16.7602 755.2610616898189 0.0979933
52 62 58 59 0.026274405007010275 15.4236 587.0199532923706 0.125907
31 70 63 66 0.038815090629763765 19.0091 489.73478334283857 0.165968
55 64 56 57 0.0945261689197298 11.5665 122.36294067753975 0.5
53 63 58 59 0.020783147689800403 15.6969 755.2705795235943 0.0954096
52 62 59 60 0.044799093209419626 15.2545 340.50912434076974 0.221602
51 70 55 57 0.02411674495381019 16.4494 682.0738052131355 0.102689
45 64 61 63 0.06168984772087385 15.0785 244.4243349120462 0.372814
52 62 60 61 0.11954945542757293 14.6384 122.44639632732107 0.467572
53 63 59 60 0.026754307142721714 15.7056 587.0307130817469 0.121174
55 64 57 58 0.04827163820394906 16.4327 340.42142780759525 0.25776
55 64 58 59 0.027844484477391115 16.344 586.9744154635306 0.152973
56 65 57 58 0.12043158344429393 14.7091 122.13656566928515 0.5
53 63 60 61 0.042852295010147715 14.5925 340.53018622560114 0.164323
19 78 66 72 0.021967336742770512 16.1225 733.9305710468494 0.141195
47 66 61 63 0.02390165319891806 16.3018 682.0365045183537 0.158976
53 72 55 57 0.06550088322952521 16.021 244.59212166437422 0.25277
53 63 61 62 0.1011395178032302 12.3776 122.38144168415921 0.384557
56 65 58 59 0.04503216284400476 15.3301 340.42557656190684 0.303074
55 64 59 60 0.023416893078462956 17.6857 755.2539075418993 0.11593
33 72 64 68 0.03612201847163439 17.6905 489.7428424131906 0.196638
57 66 58 59 0.11522133895419706 14.0955 122.33411039949172 0.5
56 65 59 60 0.0296267379814979 17.3905 586.9866608622416 0.167963
55 64 60 61 0.02376570270395401 17.9495 755.2690624634322 0.0918886
53 72 57 59 0.02530349484006119 17.2583 682.0520291401084 0.113373
47 66 63 64 0.05956602335939151 14.5737 244.6646456834898 0.32368
57 66 59 60 0.04916694548874018 16.7407 340.48688267270586 0.31113
56 65 60 61 0.023319665991288676 17.6128 755.2766839190347 0.0931206
55 64 61 62 0.028904542097718252 16.9651 586.9354353598025 0.136219
57 66 60 61 0.030274741729910775 17.7721 587.0273034382835 0.122055
56 65 61 62 0.022923732350292592 17.313 755.2435063995598 0.105459
55 64 62 63 0.048897098837468955 16.6341 340.1858268788248 0.275262
58 67 59 60 0.1258277792667124 15.3893 122.30447115640403 0.5
21 80 68 74 0.020947671035253666 15.374 733.924070801307 0.134524
55 74 57 59 0.06777025034554138 16.5734 244.55273391343414 0.362099
49 68 63 64 0.02422103663689599 16.5207 682.0806329500349 0.116104
58 67 60 61 0.05038642143920585 17.1564 340.49649707114435 0.199306
57 66 61 62 0.022837133043859485 17.2478 755.2524201209942 0.102445
56 65 62 63 0.029376301901672543 17.2412 586.9084562689073 0.174551
35 74 66 70 0.033281727198798156 16.299 489.72818936478086 0.213288
58 67 61 62 0.029034580219622165 17.0431 586.9931602621182 0.118606
57 66 62 63 0.0231743039617378 17.5019 755.2287235421055 0.141914
59 68 60 61 0.1285374135867262 15.7085 122.20955410310344 0.458847
55 74 59 61 0.02729954441902153 18.6198 682.055338147924 0.111857
49 68 64 66 0.06854667430306184 16.7626 244.54286324509908 0.300188
59 68 61 62 0.047123458751469206 16.0429 340.4440256520818 0.179701
58 67 62 63 0.023494028004987483 17.7438 755.2472482042338 0.132014
60 69 61 62 0.12197212165745548 14.9199 122.32221426713232 0.418938
59 68 62 63 0.02978613927534696 17.4847 587.0079313861105 0.156086
51 70 64 66 0.027864951799254932 19.0052 682.0467566898203 0.117133
57 76 59 61 0.06955530139812084 17.0128 244.59386499703427 0.379961
60 69 62 63 0.04985985071622962 16.9774 340.50242341527456 0.252614
57 66 64 65 0.12575699738090004 15.414 122.56972034178892 0.45738
37 76 68 72 0.030693071595553182 15.0311 489.7228989677823 0.216618
61 70 62 63 0.1451689156048581 17.7749 122.44287922066121 0.5
58 67 64 65 0.04875695647203417 16.6041 340.54832789909096 0.207486
57 76 61 63 0.02657019207603525 18.1221 682.0462549965932 0.110678
51 70 66 68 0.06615462522579942 16.1816 244.6027007902902 0.390411
59 68 64 65 0.030131539845796328 17.6873 587.0028578200117 0.127497
58 67 65 66 0.12259789920776364 14.9963 122.3210193397045 0.458918
59 68 65 66 0.0499101297791148 16.989 340.3918217641893 0.211806
60 69 64 65 0.02390387013347954 18.0535 755.2542705088761 0.0998751
59 78 61 63 0.06848459123653201 16.7493 244.57034345362865 0.27258
53 72 66 68 0.02503160201184354 17.0734 682.0738038229367 0.148715
60 69 65 66 0.030832741850887597 18.0977 586.9636922828196 0.130733
59 68 66 67 0.11819255905666447 14.4341 122.1235931872829 0.5
61 70 64 65 0.026795495981025423 20.2372 755.246329992566 0.0974564
39 78 70 74 0.030475574860737504 14.9244 489.7167672209361 0.206093
60 69 66 67 0.048701739292634265 16.5795 340.4293202010449 0.276662
62 71 64 65 0.030334621189943282 17.8044 586.9333224409153 0.126857
61 70 65 66 0.02692278298187062 20.3333 755.245102770101 0.102819
53 72 68 70 0.05767299547351984 14.1056 244.57893827409208 0.36671
59 78 63 64 0.01859489081915886 12.6832 682.0798316778568 0.081219
63 72 64 65 0.04685179044190902 15.9387 340.19404273913943 0.228618
62 71 65 66 0.024116353272401945 18.2136 755.2385634043235 0.1009
60 69 67 68 0.10972680665878472 13.4287 122.3830384653311 0.5
61 70 66 67 0.03199992754019238 18.7841 587.0044541946819 0.173296
62 71 66 67 0.024025498127097724 18.1456 755.2642573322573 0.134779
61 70 67 68 0.04598386893132674 15.658 340.51071308036256 0.269594
63 72 65 66 0.02857623970293327 16.7719 586.9176691668922 0.135077
55 74 68 70 0.023496185088213363 16.0254 682.0426354250584 0.148078
61 80 63 64 0.04279691013422423 10.469 244.62046365417518 0.207979
63 72 66 67 0.02293752705329553 17.3237 755.2557849740402 0.139756
62 71 67 68 0.027981627484062833 16.4255 587.0101733487546 0.165887
61 70 68 69 0.11045325306016758 13.5116 122.32867412822851 0.5
41 80 72 76 0.030261853161512194 14.8198 489.7188523420702 0.199588
64 74 65 66 0.11913138976484132 14.5745 122.33971272197232 0.408246
63 72 67 68 0.021461623077629485 16.2094 755.2737247023903 0.133779
62 71 68 69 0.04486773650779651 15.2747 340.4383904533666 0.272082
61 80 64 66 0.025662703753196372 17.5031 682.0442681461392 0.102622
55 74 70 72 0.05937081550548929 14.5192 244.5511296481617 0.397696
63 72 68 69 0.027308369729572457 16.0302 587.0068465727841 0.171401
64 74 66 67 0.05689148908448849 19.3772 340.5992761276345 0.258277
62 71 69 70 0.10898960987712356 13.309 122.11255747226508 0.5
65 75 66 67 0.14422038013704463 17.678 122.57629596594862 0.5
63 72 69 70 0.04374777832782394 14.8944 340.4607175337871 0.251471
64 74 67 68 0.016186758329486396 9.50276 587.0699868725056 0.159237
57 76 70 72 0.022948132422806237 15.6514 682.0337146235646 0.154483
63 72 70 71 0.11204172883435738 13.7109 122.37315634668768 0.5
65 75 67 68 0.02955980336998626 10.0672 340.57060102848305 0.236299
64 74 68 69 0.021527044387961047 16.2586 755.2639232301016 0.129077
64 74 69 70 0.022036325265623165 16.6429 755.2484272848818 0.125966
66 76 67 68 0.056508980010379364 6.91354 122.34409466831903 0.482164
65 75 68 69 0.027856156403536877 16.3518 587.0084789559777 0.152006
57 76 72 74 0.054773942010235575 13.3967 244.5816296642766 0.381181
64 74 70 71 0.026920218775859286 15.8017 586.9825996425475 0.174651
66 76 68 69 0.04730686052990419 16.1036 340.4072859542306 0.229608
65 75 69 70 0.02224258419552246 16.7989 755.2584651284225 0.119982
65 75 70 71 0.022127582723928757 16.712 755.2564691997582 0.134316
64 74 71 72 0.04100929636323925 13.9603 340.4179353955953 0.276084
67 77 68 69 0.11467006095340229 14.0036 122.12080366548815 0.5
66 76 69 70 0.029337324501773322 17.2203 586.9758163856798 0.142863
59 78 72 74 0.021531668508888983 14.6852 682.027962391185 0.144463
65 75 71 72 0.02508969343034365 14.7267 586.9621341083995 0.173188
67 77 69 70 0.04811193935097979 16.3783 340.42069849895705 0.244408
64 74 72 73 0.11493571974771814 14.0396 122.1517560495264 0.5
66 76 70 71 0.02296655766716889 17.3457 755.259027119941 0.126363
68 78 69 70 0.11176215392847914 13.6765 122.37147835171568 0.5
66 76 71 72 0.021251029969712926 16.0494 755.22927702204 0.130574
65 75 72 73 0.04561046328068031 15.527 340.4262724640407 0.273151
67 77 70 71 0.02999251036248453 17.6057 587.0032147099531 0.163168
59 78 74 76 0.05773621243797559 14.122 244.5951925781566 0.382347
67 77 71 72 0.022108486879382216 16.6971 755.23486030929 0.128588
66 76 72 73 0.027662709320764 16.237 586.9634753314741 0.167016
68 78 70 71 0.04765575735911475 16.2272 340.50870029655186 0.265597
65 75 73 74 0.10274607084034228 12.5672 122.31319307118075 0.5
69 79 70 71 0.11415609853422122 13.9656 122.33774786735071 0.5
68 78 71 72 0.027938446311591047 16.3995 586.9868287269865 0.162124
67 77 72 73 0.022911901464417527 17.3038 755.2319490755937 0.12896
66 76 73 74 0.03922369902659481 13.355 340.4829307645085 0.263582
61 80 74 76 0.023250089846845477 15.8574 682.0360740305482 0.143554
67 77 73 74 0.023384026220311084 13.7263 586.9947232644437 0.163941
69 79 71 72 0.044846042758431674 15.267 340.4313750097737 0.264076
66 76 74 75 0.108953658685687 13.3253 122.30245556453733 0.5
68 78 72 73 0.023044075445379703 17.4042 755.2570308690563 0.12678
70 80 71 72 0.10833453335526617 13.2286 122.1088012316338 0.5
68 78 73 74 0.020382113277339128 15.3936 755.2504389775241 0.129415
67 77 74 75 0.042046533752356015 14.3168 340.4989358771525 0.256117
69 79 72 73 0.029190991446285588 17.1354 587.009866777937 0.161024
61 80 76 78 0.05448704610184566 13.3265 244.58106932591792 0.377608
68 78 74 75 0.02563353310266612 15.0473 587.0162314236326 0.161349
67 77 75 76 0.11230296536428475 13.7313 122.27014625534464 0.5
70 80 72 73 0.04618539905989611 15.7245 340.46474253924896 0.247304
69 79 73 74 0.02066755454455859 15.6094 755.2611009854422 0.131473
69 79 74 75 0.02094227581615465 15.8165 755.2426555188104 0.130775
70 80 73 74 0.025391271037036253 14.9051 587.0166947632948 0.162612
68 78 75 76 0.042183019489060745 14.3629 340.490087574805 0.278024
70 80 74 75 0.02084806541342927 15.7452 755.235542855585 0.128429
69 79 75 76 0.025580235337788144 15.0155 586.9961633159216 0.178777
68 78 76 77 0.10965080447596585 13.4083 122.28182058562953 0.5
70 80 75 76 0.020207930501030674 15.2618 755.2381476777939 0.136448
69 79 76 77 0.04099349471960735 13.9569 340.4662153218266 0.292506
69 79 77 78 0.10458775322685157 12.7842 122.2341966967297 0.5
70 80 76 77 0.020271612359254416 11.8993 586.9932686714839 0.174085
70 80 77 78 0.03540185028300787 12.0533 340.470904872035 0.265146
