2.50000000000000e+01
3.80000000000000e+01
1.32000000000000e+02
1.37000000000000e+02
2.24000000000000e+02
2.26000000000000e+02
2.62000000000000e+02
2.86000000000000e+02
2.90000000000000e+02
3.46000000000000e+02
3.71000000000000e+02
3.81000000000000e+02
4.42000000000000e+02
4.66000000000000e+02
5.09000000000000e+02
5.31000000000000e+02
5.35000000000000e+02
5.42000000000000e+02
5.46000000000000e+02
5.62000000000000e+02
5.97000000000000e+02
6.07000000000000e+02
6.24000000000000e+02
6.36000000000000e+02
