56
# x y z
21.375 2965.981 0.0
22.875 2964.563 0.0
24.375 2963.821 0.0
25.875 2963.132 0.0
27.375 2962.38 0.0
28.875 2961.36 0.0
30.375 2960.586 0.0
31.875 2959.859 0.0
33.375 2959.2 0.0
34.875 2958.635 0.0
36.375 2958.012 0.0
37.875 2957.277 0.0
39.375 2956.528 0.0
40.875 2955.697 0.0
42.375 2954.975 0.0
43.875 2954.283 0.0
45.375 2953.512 0.0
46.875 2952.847 0.0
48.375 2951.95 0.0
49.875 2951.131 0.0
51.375 2950.357 0.0
52.875 2949.624 0.0
54.375 2948.811 0.0
55.875 2948.158 0.0
57.375 2947.454 0.0
58.875 2946.845 0.0
60.375 2946.19 0.0
61.875 2945.65 0.0
63.375 2945.17 0.0
64.875 2944.684 0.0
66.375 2944.204 0.0
67.875 2943.74 0.0
69.375 2943.484 0.0
70.875 2943.148 0.0
72.375 2942.711 0.0
73.875 2942.282 0.0
75.375 2941.835 0.0
76.875 2941.254 0.0
78.375 2940.771 0.0
79.875 2940.297 0.0
81.375 2939.781 0.0
82.875 2939.288 0.0
84.375 2939.127 0.0
85.875 2939.202 0.0
87.375 2939.147 0.0
88.875 2939.03 0.0
90.375 2938.745 0.0
91.875 2938.389 0.0
93.375 2938.393 0.0
94.875 2938.589 0.0
96.375 2938.645 0.0
97.875 2938.588 0.0
99.375 2938.778 0.0
100.875 2938.937 0.0
102.375 2939.046 0.0
103.875 2939.099 0.0
930
# a b m n r rhoa k err
2 5 3 4 434.061322 4668.922875779817 10.75636699042219 0.05
2 8 4 6 189.157397 4141.458596371654 21.894246072606155 0.05
2 11 5 8 108.616228 3208.136422379806 29.536437431612942 0.05
2 14 6 10 67.4879981 2714.5113932959603 40.22213533840116 0.05
2 17 7 12 54.4777774 2882.3836101444626 52.909346667738 0.05
2 20 8 14 34.8661281 2224.3348904524546 63.796441178464406 0.05
2 23 9 16 24.7948336 1871.711378716683 75.48795885916665 0.05
2 26 10 18 20.4168594 1773.7506801772572 86.87676421855838 0.05
2 29 11 20 16.0963544 1544.048616342012 95.92536160498629 0.05
2 32 12 22 12.2745814 1283.1160554093933 104.53440435935299 0.05
2 35 13 24 10.9741666 1215.1175248410552 110.72526681352325 0.05
2 38 14 26 9.88185492 1165.2630506792207 117.91946553686306 0.05
2 41 15 28 9.15067826 1157.6008606573198 126.50437790141687 0.05
2 44 16 30 8.09875892 1120.9287133419077 138.40746766442922 0.05
2 47 17 32 7.24957476 1055.7778361723529 145.63307105924002 0.05
3 6 4 5 420.959041 4750.178843363274 11.284182974379386 0.05
3 9 5 7 160.62388 3210.8491864669872 19.989861946224853 0.05
3 12 6 9 97.2712787 2856.975736567731 29.37121599253461 0.05
3 15 7 11 73.771863 3101.5374791369127 42.0422821521657 0.05
3 18 8 13 48.9316455 2618.307942753157 53.50950118268876 0.05
3 21 9 15 31.2403657 2010.7402113058063 64.36352988357643 0.05
3 24 10 17 24.9794424 1886.145890745848 75.50792609949724 0.05
3 27 11 19 18.8794026 1627.9164911971543 86.2271188176873 0.05
3 30 12 21 14.0634452 1333.0227076361127 94.7863548852249 0.05
3 33 13 23 12.5965113 1298.6129020084215 103.09306053719982 0.05
3 36 14 25 11.5254056 1266.7011840420607 109.90512854853982 0.05
3 39 15 27 10.1230512 1190.2854046393063 117.58168373576005 0.05
3 42 16 29 8.87256691 1131.9669207795725 127.58054487070333 0.05
3 45 17 31 7.83657368 1083.404041221748 138.24971032770893 0.05
3 48 18 33 6.98030793 1022.9173810235507 146.54330314387013 0.05
4 7 5 6 396.373334 4038.301527353288 10.188126145118753 0.05
4 10 6 8 165.077091 3363.482890033069 20.37522511244803 0.05
4 13 7 10 94.7022421 2916.4038144406354 30.795509691957285 0.05
4 16 8 12 72.2381716 3149.03319493536 43.59237125175743 0.05
4 19 9 14 41.623572 2252.4881691797596 54.11568639951803 0.05
4 22 10 16 30.8640817 2005.3918324430772 64.97493921690459 0.05
4 25 11 18 22.6510048 1726.0389425680005 76.20142937623679 0.05
4 28 12 20 16.3491988 1402.8449137758103 85.80511687066955 0.05
4 31 13 22 14.4061536 1362.9763711341745 94.61070657570767 0.05
4 34 14 24 12.8384781 1317.110140768751 102.59083128932167 0.05
4 37 15 26 11.47582 1256.6207823874909 109.50161142188452 0.05
4 40 16 28 9.89247051 1159.457675950308 117.20607858049685 0.05
4 43 17 30 8.57508165 1111.2095961799084 129.58589101946436 0.05
4 46 18 32 7.61458457 1044.4779632772193 137.16808233928634 0.05
4 49 19 34 6.66377059 998.3560298603106 149.81848735286528 0.05
5 8 6 7 333.968287 3641.9427931003343 10.905055763873575 0.05
5 11 7 9 170.999333 3563.838425237498 20.841241674536228 0.05
5 14 8 11 92.1768445 3047.9709878070967 33.066558139849285 0.05
5 17 9 13 59.1003545 2663.426097510947 45.06616110925268 0.05
5 20 10 15 38.3202792 2087.432705443744 54.473316714345444 0.05
5 23 11 17 27.5815236 1797.9025489809678 65.18503383116108 0.05
5 26 12 19 19.1095315 1456.5584060201898 76.22156545387782 0.05
5 29 13 21 16.2513422 1389.2222829887376 85.48354135258671 0.05
5 32 14 23 14.6279924 1386.8340933948814 94.80686450143912 0.05
5 35 15 25 13.1912646 1346.4088238738082 102.06821443592361 0.05
5 38 16 27 10.9928925 1196.530590424324 108.8458374740155 0.05
5 41 17 29 9.34728497 1103.094260869999 118.01226392587441 0.05
5 44 18 31 8.19782455 1065.4839735893902 129.97155124396878 0.05
5 47 19 33 7.16949149 989.3190437442591 137.9901273506162 0.05
5 50 20 35 6.40100337 977.092954814463 152.6468427424782 0.05
6 9 7 8 339.990037 3624.441473105666 10.660434361803567 0.05
6 12 8 10 129.618545 2712.16262701451 20.924186635596854 0.05
6 15 9 12 91.3387116 3067.163150571395 33.580100888694766 0.05
6 18 10 14 53.3675748 2307.2055363461 43.23234745053657 0.05
6 21 11 16 33.9466714 1817.626607448707 53.54358859021174 0.05
6 24 12 18 22.9583019 1489.792907212106 64.89124995834757 0.05
6 27 13 20 18.7832753 1404.2774454550633 74.76211805589962 0.05
6 30 14 22 16.4028507 1390.2338069500001 84.75562159143473 0.05
6 33 15 24 14.4745877 1354.9959867062303 93.61206099889327 0.05
6 36 16 26 12.4429762 1246.6440378079128 100.18857367965654 0.05
6 39 17 28 10.2747206 1105.9634279164688 107.63927029961953 0.05
6 42 18 30 8.801843 1039.9083357213988 118.14665811710101 0.05
6 45 19 32 7.64345597 983.9490849488826 128.73091554537766 0.05
6 48 20 34 6.84183896 959.2715350963668 140.2066813768395 0.05
6 51 21 36 6.26614005 961.057296483445 153.37309552847373 0.05
7 10 8 9 369.234233 3778.6702594974163 10.233802615743421 0.05
7 13 9 11 120.558615 2596.028891142671 21.533333732663326 0.05
7 16 10 13 79.9538517 2626.3141316154074 32.84787506510343 0.05
7 19 11 15 42.0470353 1747.390936198524 41.5580057840255 0.05
7 22 12 17 27.5793858 1444.6961557183313 52.38318816071427 0.05
7 25 13 19 22.039913 1407.6088029000641 63.866350239225724 0.05
7 28 14 21 18.2802645 1353.8871763029283 74.06277826575914 0.05
7 31 15 23 16.5851888 1381.74561002274 83.31202174935386 0.05
7 34 16 25 13.8189194 1260.9846364058299 91.25059636760236 0.05
7 37 17 27 11.483726 1126.8917189636848 98.12945022927966 0.05
7 40 18 29 9.50126385 1009.4348338709667 106.24216418018605 0.05
7 43 19 31 8.11141605 965.2816663062928 119.0028547859153 0.05
7 46 20 33 7.26403795 933.7406661426619 128.5429223483974 0.05
7 49 21 35 6.59030368 939.544558979612 142.56468360189618 0.05
7 52 22 37 6.26490536 966.6959218348743 154.30335596240744 0.05
8 11 9 10 255.933677 2638.10426201254 10.307765249715613 0.05
8 14 10 12 147.050961 3169.5685120834373 21.554218282758704 0.05
8 17 11 14 66.2938411 2071.0566799106787 31.24055938750966 0.05
8 20 12 16 34.6261578 1426.5767034501962 41.19939358244928 0.05
8 23 13 18 28.0333039 1476.773650815428 52.67925807401632 0.05
8 26 14 20 22.3414795 1412.0957779914445 63.20511486231002 0.05
8 29 15 22 18.9179213 1392.5053739413588 73.60773691036334 0.05
8 32 16 24 15.6468317 1287.3546798455113 82.27574147458309 0.05
8 35 17 26 13.1302053 1178.1787152165193 89.73041078165924 0.05
8 38 18 28 10.6910323 1028.4592003154698 96.19830634273454 0.05
8 41 19 30 8.79424753 934.6993314987901 106.28531074548798 0.05
8 44 20 32 7.83673825 933.8871966296156 119.1678434110793 0.05
8 47 21 34 7.06224407 915.1711278607746 129.5864485551226 0.05
8 50 22 36 6.40728563 921.2727670912412 143.78518772094156 0.05
8 53 23 38 6.10974394 949.2466888366614 155.36603467487728 0.05
9 12 10 11 340.102379 3536.0608437748833 10.397048248153782 0.05
9 15 11 13 130.543917 2737.205913231381 20.967701721646527 0.05
9 18 12 15 50.132182 1501.4947232693312 29.950715555714915 0.05
9 21 13 17 39.9603907 1632.3982753417217 40.85040828546558 0.05
9 24 14 19 30.4955288 1609.402642407055 52.77503639835408 0.05
9 27 15 21 23.8028126 1497.8542760110176 62.92761705022278 0.05
9 30 16 23 19.3073639 1391.6391458126889 72.07815385986945 0.05
9 33 17 25 15.2716203 1239.4743290751837 81.161939907266 0.05
9 36 18 27 12.6651792 1108.888789382551 87.55413341348941 0.05
9 39 19 29 9.77817757 937.4216226437464 95.86874608616321 0.05
9 42 20 31 8.47203396 913.2131373316215 107.79148686646927 0.05
9 45 21 33 7.68373841 918.3487455690623 119.51848131293453 0.05
9 48 22 35 6.81944288 896.8216565097639 131.50951951514313 0.05
9 51 23 37 6.35174647 922.5494676698509 145.24343375906986 0.05
9 54 24 39 6.07254561 942.2929399462009 155.17264100815885 0.05
10 13 11 12 373.439533 3820.802624810203 10.231382291307126 0.05
10 16 12 14 82.1191941 1666.3911376953324 20.292346460026113 0.05
10 19 13 16 51.3436579 1552.252130099822 30.232597239625616 0.05
10 22 14 18 39.6438135 1674.7700075390735 42.24543149813459 0.05
10 25 15 20 29.9059152 1584.0814125498136 52.968832485347704 0.05
10 28 16 22 22.3368285 1406.8983885651587 62.98559298895807 0.05
10 31 17 24 17.7876542 1277.458563060991 71.81714624635502 0.05
10 34 18 26 14.2277314 1132.9464774636558 79.62945360801905 0.05
10 37 19 28 11.2307027 972.3773646053124 86.58205907323256 0.05
10 40 20 30 9.23380864 892.3942722853001 96.64422418497294 0.05
10 43 21 32 8.28777441 908.1256446460721 109.5741268669585 0.05
10 46 22 34 7.31082577 882.5187866954486 120.71396781426083 0.05
10 49 23 36 6.49760452 876.7024143280801 134.92701989318365 0.05
10 52 24 38 6.42350746 940.8340961324221 146.46734700490597 0.05
10 55 25 40 5.94526425 923.1704230359865 155.2782827165313 0.05
11 14 12 13 210.275122 2243.384990197113 10.668808410902328 0.05
11 17 13 15 84.2078264 1712.094020547454 20.33176836099232 0.05
11 20 14 17 60.8827571 1908.8572307601871 31.353002421110578 0.05
11 23 15 19 43.7027086 1893.150205418398 43.318830023693266 0.05
11 26 16 21 29.2509703 1546.851858689958 52.88206999034004 0.05
11 29 17 23 22.1571623 1389.2258258403529 62.69872500055446 0.05
11 32 18 25 17.4108525 1241.6319310442602 71.31367812370246 0.05
11 35 19 27 13.4947733 1064.9161767087382 78.91323203693524 0.05
11 38 20 29 10.5610221 921.1494626144464 87.22162058674665 0.05
11 41 21 31 9.1146792 893.0047249370256 97.97434504738528 0.05
11 44 22 33 8.07099482 898.2309683832051 111.29123341243888 0.05
11 47 23 35 6.9817795 857.7012265749961 122.84851255686263 0.05
11 50 24 37 6.78679144 933.9306733715779 137.6100446916898 0.05
11 53 25 39 6.14945343 909.050350237294 147.8262028626004 0.05
11 56 26 41 5.87815853 908.8495414304911 154.61467001817846 0.05
12 15 13 14 297.259981 3081.534277500493 10.366461933873612 0.05
12 18 14 16 103.081959 2148.1242039425792 20.838992824559913 0.05
12 21 15 18 69.7287093 2294.2527594221 32.90255595512794 0.05
12 24 16 20 44.0953227 1894.0633068663478 42.95383707139415 0.05
12 27 17 22 28.6854995 1528.109946632202 53.271163942332684 0.05
12 30 18 24 21.7104337 1341.1557598427432 61.77471064720109 0.05
12 33 19 26 15.9659609 1135.6786246571382 71.13124175677633 0.05
12 36 20 28 13.133796 1031.9916609424029 78.57527716605335 0.05
12 39 21 30 10.3416026 910.5035131468173 88.04278682559485 0.05
12 42 22 32 8.92579072 887.2319460859703 99.40093532530979 0.05
12 45 23 34 7.65161166 868.1039838150604 113.45374313142551 0.05
12 48 24 36 7.02376431 881.7051597651975 125.53171217745454 0.05
12 51 25 38 6.58313649 911.9858999168015 138.5336459759171 0.05
12 54 26 40 6.26902931 928.060695961017 148.03897861517848 0.05
13 16 14 15 185.633897 1949.298183960811 10.500766376524494 0.05
13 19 15 17 108.124021 2295.9058837750094 21.234003901640037 0.05
13 22 16 19 60.0358011 1961.8825325376586 32.678543412285016 0.05
13 25 17 21 35.7044684 1530.3579471656906 42.86180457921873 0.05
13 28 18 23 25.6979151 1339.9540865230272 52.14252134108059 0.05
13 31 19 25 18.8557761 1157.5751418104016 61.39101014306176 0.05
13 34 20 27 14.3902894 1013.6099038924083 70.4370757055385 0.05
13 37 21 29 11.584584 908.3537584120457 78.41056341876806 0.05
13 40 22 31 9.3371193 825.4758790420088 88.40798243222713 0.05
13 43 23 33 8.03928765 823.3624529621309 102.41733954651204 0.05
13 46 24 35 7.21606486 827.4978445609702 114.67439118347534 0.05
13 49 25 37 6.74418542 869.1369411694154 128.87204117964708 0.05
13 52 26 39 6.41492048 892.4199434690242 139.11629088019876 0.05
13 55 27 41 6.04877266 891.5466419218415 147.39298235120668 0.05
14 17 15 16 219.088933 2354.018887293105 10.74458145858561 0.05
14 20 16 18 93.284138 2029.9671472477157 21.761118136158537 0.05
14 23 17 20 49.9268973 1607.2977934465102 32.19302380816102 0.05
14 26 18 22 31.168284 1303.6240454926642 41.825339036716436 0.05
14 29 19 24 21.1014271 1087.0411498919675 51.51505368525372 0.05
14 32 20 26 16.463986 1013.4692266912132 61.55673520927516 0.05
14 35 21 28 13.4192321 932.0458275284452 69.45597338080509 0.05
14 38 22 30 10.0412505 785.3606140221012 78.21342710473175 0.05
14 41 23 32 8.38114379 745.4735323732447 88.94651506429348 0.05
14 44 24 34 7.59673667 794.3834159684468 104.56903410980635 0.05
14 47 25 36 6.56509746 758.9611544749142 115.60546649903263 0.05
14 50 26 38 6.63725049 860.965470293501 129.7171881023133 0.05
14 53 27 40 6.19849935 865.8923691312265 139.693871086915 0.05
14 56 28 42 5.85252225 845.7933555821096 144.51775139891345 0.05
15 18 16 17 270.920732 2733.8655883567726 10.091016542642343 0.05
15 21 17 19 89.751664 1945.0496979183145 21.671461132111315 0.05
15 24 18 21 47.4924641 1476.5798363115978 31.090823866340465 0.05
15 27 19 23 28.0336903 1153.711596780102 41.15446751511348 0.05
15 30 20 25 20.2879413 1039.5544401730722 51.24001616532044 0.05
15 33 21 27 15.0817979 920.6329028187937 61.04264948536366 0.05
15 36 22 29 11.9438869 822.2800110472957 68.8452610052173 0.05
15 39 23 31 8.8019016 693.8563201064151 78.83027459730009 0.05
15 42 24 33 7.96654771 725.8069225779309 91.10683184221222 0.05
15 45 25 35 6.69939614 708.523057041277 105.75924191299978 0.05
15 48 26 37 6.77329054 797.850651713904 117.793655388346 0.05
15 51 27 39 6.35995499 824.7489596613598 129.6784271206548 0.05
15 54 28 41 5.98420569 830.972916460673 138.86102174751167 0.05
16 19 17 18 226.196914 2496.594371994098 11.037260976929588 0.05
16 22 18 20 94.6856794 1960.8838414519796 20.709402455340882 0.05
16 25 19 22 43.3554052 1361.0489141427483 31.392831132916 0.05
16 28 20 24 25.7564739 1073.5304652467282 41.680024580023286 0.05
16 31 21 26 19.7078286 1015.1342782013515 51.50918951067758 0.05
16 34 22 28 14.2180774 854.5165255888272 60.1007085239828 0.05
16 37 23 30 10.4737236 723.9584659595517 69.1214026270038 0.05
16 40 24 32 8.65900582 684.1244250068314 79.00727164620746 0.05
16 43 25 34 7.20951703 683.0968324974208 94.74931949740062 0.05
16 46 26 36 6.72429363 716.6704568590077 106.57929238271645 0.05
16 49 27 38 6.74501321 810.8165189665027 120.20977479546 0.05
16 52 28 40 6.32087089 824.060670119595 130.3713814853122 0.05
16 55 29 42 6.08749119 827.3002926651772 135.90168212878797 0.05
17 20 18 19 293.921743 3062.3581446442513 10.418957486395456 0.05
17 23 19 21 89.3328315 1846.9514399917641 20.674945694425507 0.05
17 26 20 23 47.6517733 1485.2210467993182 31.168221955746567 0.05
17 29 21 25 28.4185156 1181.8673608389463 41.5879343409107 0.05
17 32 22 27 19.3103527 989.9511758045701 51.26530784725492 0.05
17 35 23 29 13.5200304 812.6018414600783 60.10355135444653 0.05
17 38 24 31 10.0587956 696.9330636767355 69.28593555243687 0.05
17 41 25 33 7.93446816 637.9871131669908 80.40704182080816 0.05
17 44 26 35 7.218633 698.2351200887914 96.72677916840924 0.05
17 47 27 37 7.06782136 762.3645494628514 107.86415086513327 0.05
17 50 28 39 6.70325508 811.1827699254769 121.01326299602445 0.05
17 53 29 41 6.34380796 823.4222187439161 129.7993608784961 0.05
17 56 30 43 6.10499692 808.8097489664354 132.48323620226094 0.05
18 21 19 20 299.264509 3188.3794642697635 10.654051410652787 0.05
18 24 20 22 102.825993 2225.660039665713 21.644916569545924 0.05
18 27 21 24 45.1834717 1440.699367575995 31.88553941011122 0.05
18 30 22 26 27.0253004 1128.679598470568 41.76381323297217 0.05
18 33 23 28 17.3965109 898.9440822233238 51.67381478910946 0.05
18 36 24 30 13.4347997 811.5149319544591 60.40394721734923 0.05
18 39 25 32 8.84650944 616.9591859113045 69.74040892577226 0.05
18 42 26 34 7.87753083 660.5955538661292 83.85819974837587 0.05
18 45 27 36 7.01962045 690.194760345509 98.32365799001413 0.05
18 48 28 38 7.175969 788.5501332958588 109.8876170306559 0.05
18 51 29 40 6.77341005 818.6721432088656 120.86558131954017 0.05
18 54 30 42 6.40355174 813.8790967943492 127.09807460606997 0.05
19 22 20 21 257.333907 2732.7513405598197 10.619476354353177 0.05
19 25 21 23 111.382526 2371.9323837535976 21.295372523277106 0.05
19 28 22 25 43.1851915 1363.9293289373968 31.58326457664074 0.05
19 31 23 27 25.5659454 1065.1925783069494 41.664509629553905 0.05
19 34 24 29 16.7405877 855.9819275555991 51.132131254603394 0.05
19 37 25 31 11.1747454 671.1123775047511 60.05616714137854 0.05
19 40 26 33 8.48693065 597.7648334503148 70.433571110931 0.05
19 43 27 35 7.3417107 639.0437750768334 87.04289792797657 0.05
19 46 28 37 7.41999993 735.9104028784207 99.17930051495574 0.05
19 49 29 39 7.24892922 804.1952740325178 110.93987120383522 0.05
19 52 30 41 6.78369353 812.1580957158857 119.72210892550237 0.05
19 55 31 43 6.46872636 800.0783513375761 123.68406187111866 0.05
20 23 21 22 296.390172 3235.15113096818 10.915176806092544 0.05
20 26 22 24 90.9470466 1894.6521252653545 20.83247555688471 0.05
20 29 23 26 38.1847204 1208.5302350071547 31.649576646033385 0.05
20 32 24 28 25.6073958 1059.7589224332432 41.384876881281436 0.05
20 35 25 30 15.2556688 773.1439587793428 50.67912583284076 0.05
20 38 26 32 10.0314073 595.0226915610065 59.315973698028046 0.05
20 41 27 34 8.03467506 581.6048130720072 72.3868493409872 0.05
20 44 28 36 7.33559036 650.2525638894443 88.6435217859472 0.05
20 47 29 38 7.69216692 757.2418454748828 98.44324146243082 0.05
20 50 30 40 7.27062795 803.321958192143 110.48866256347817 0.05
20 53 31 42 6.70179853 783.5008895046103 116.90904851844455 0.05
20 56 32 44 6.17602152 755.4834456950499 122.32526121363806 0.05
21 24 22 23 382.702445 3914.4298075352294 10.228389859216158 0.05
21 27 23 25 84.7931769 1778.0430120552555 20.969175552322717 0.05
21 30 24 27 43.182707 1340.159369667963 31.034630822656922 0.05
21 33 25 29 20.6236316 852.0890227967908 41.31614835462784 0.05
21 36 26 31 14.7375552 738.1401260778956 50.08565641049444 0.05
21 39 27 33 9.09875913 546.5752162363485 60.07140187217469 0.05
21 42 28 35 7.58148724 568.9911788967735 75.05007406657238 0.05
21 45 29 37 7.93590681 706.079306901767 88.97273163692392 0.05
21 48 30 39 7.69374556 757.1336023033074 98.40897341857344 0.05
21 51 31 41 7.03952063 764.3618818476866 108.58152451322337 0.05
21 54 32 43 6.53635915 744.7832481759488 113.94466416000851 0.05
22 25 23 24 252.343208 2708.234364359424 10.732344990872209 0.05
22 28 24 26 93.4660284 1983.3706683770579 21.2202305193601 0.05
22 31 25 28 41.1163345 1267.172123736388 30.819189967831104 0.05
22 34 26 30 20.4695218 835.6218250250063 40.8227330950646 0.05
22 37 27 32 13.4934437 666.0294859704821 49.35948900653746 0.05
22 40 28 34 8.71362236 538.6704865315031 61.81935184663008 0.05
22 43 29 36 7.91979301 613.0775458188764 77.41080417692335 0.05
22 46 30 38 8.33110383 733.2477427889139 88.01327624180071 0.05
22 49 31 40 7.7256403 766.0889332897949 99.1618692485327 0.05
22 52 32 42 6.92180214 735.2652996147156 106.22454741457196 0.05
22 55 33 44 6.4092071 718.4749117135915 112.10043621676564 0.05
23 26 24 25 384.482641 3932.149810138927 10.227119226792158 0.05
23 29 25 27 91.4737023 1884.2641757768913 20.598971380836865 0.05
23 32 26 29 40.146158 1234.5543024893677 30.751493143861182 0.05
23 35 27 31 22.4917946 904.3207121886311 40.206694408841486 0.05
23 38 28 33 12.0954081 600.541558526945 49.65037587503517 0.05
23 41 29 35 9.07373403 569.936284163076 62.81165860479558 0.05
23 44 30 37 9.34269907 730.4603792845699 78.18515546862946 0.05
23 47 31 39 8.51408596 736.0824055850343 86.45465984760088 0.05
23 50 32 41 7.56535471 743.5622414304182 98.28517894178397 0.05
23 53 33 43 6.92103073 712.3795388004719 102.92968874023073 0.05
23 56 34 45 6.62765802 731.3292106101053 110.34504321182602 0.05
24 27 25 26 271.023677 2850.1137806317893 10.516106239056704 0.05
24 30 26 28 80.9650354 1628.1411582653097 20.109188493794072 0.05
24 33 27 30 35.0789709 1085.8862960551805 30.955477546668295 0.05
24 36 28 32 21.8544488 863.2571258099553 39.500292764645486 0.05
24 39 29 34 11.1732921 568.2857956239752 50.86108825741477 0.05
24 42 30 36 9.44050541 609.4763664915467 64.55971794115489 0.05
24 45 31 38 9.36168389 724.5703882480938 77.39744225096814 0.05
24 48 32 40 8.28747485 720.3346238195046 86.91846875643967 0.05
24 51 33 42 7.33167839 692.1980920864745 94.41195525305557 0.05
24 54 34 44 6.75859173 678.6067363124051 100.40652896670903 0.05
25 28 26 27 257.254063 2606.442088804616 10.131782015060406 0.05
25 31 27 29 83.4271514 1686.1351897584666 20.2108685417547 0.05
25 34 28 31 34.27535 1043.116905230302 30.43344284537728 0.05
25 37 29 33 20.0590633 785.1644819351451 39.14262945344737 0.05
25 40 30 35 11.7017776 602.353312679968 51.475368381635285 0.05
25 43 31 37 10.8113676 719.7806123425316 66.57627776365051 0.05
25 46 32 39 9.31479006 710.8271423291116 76.31166539990828 0.05
25 49 33 41 8.20003214 707.3466504721594 86.26144854014674 0.05
25 52 34 43 7.47856575 675.540077386639 90.33016489647618 0.05
25 55 35 45 7.21794369 715.3849368277437 99.11201410712913 0.05
26 29 27 28 207.457999 2091.7762481163118 10.082890311288077 0.05
26 32 28 30 76.19431 1585.7398225235886 20.81178794746732 0.05
26 35 29 32 37.5621789 1102.3316175983089 29.34684967379006 0.05
26 38 30 34 18.022616 721.0073553802048 40.00569924922136 0.05
26 41 31 36 11.9857668 628.1457403696371 52.40763906483122 0.05
26 44 32 38 10.9517498 736.8040017306205 67.27728583889129 0.05
26 47 33 40 9.21020438 688.0169793752416 74.70159737923662 0.05
26 50 34 42 8.18612684 675.0306738072659 82.46032427800323 0.05
26 53 35 44 7.42940546 659.7244520136907 88.7990910666613 0.05
26 56 36 46 7.08850807 696.4322286167098 98.24806880931008 0.05
27 30 28 29 213.092542 2154.084317502199 10.108680000176632 0.05
27 33 29 31 66.8268024 1361.8806944840705 20.379258704200254 0.05
27 36 30 33 41.3825975 1198.7246719201746 28.966878454649315 0.05
27 39 31 35 17.0569288 693.5745734841537 40.66233620463689 0.05
27 42 32 37 13.2331337 722.7941423656899 54.62002869098874 0.05
27 45 33 39 10.585275 693.8435048112977 65.54799046895785 0.05
27 48 34 41 9.21907969 668.8822692994612 72.55412598559079 0.05
27 51 35 43 8.28560682 648.0133799418064 78.20952574983596 0.05
27 54 36 45 7.56471563 665.0187025780737 87.91060168088217 0.05
28 31 29 30 210.81992 2103.2669414744896 9.976604399975532 0.05
28 34 30 32 72.6814178 1384.1849864058179 19.044551252628672 0.05
28 37 31 34 37.5736719 1102.9208691125004 29.353555650559144 0.05
28 40 32 36 16.5745116 689.3884362581791 41.593288109809464 0.05
28 43 33 38 13.1501367 726.3462847469693 55.234884725340486 0.05
28 46 34 40 10.9020292 683.8863086120884 62.73018500189749 0.05
28 49 35 42 9.59684971 670.2773497209603 69.843476763268 0.05
28 52 36 44 8.07807778 618.8594496447275 76.60974138883911 0.05
28 55 37 46 7.1180007 618.4993250700243 86.8922821361937 0.05
29 32 30 31 232.41579 2341.887820809303 10.076285353974026 0.05
29 35 31 33 86.4031192 1639.8132293406065 18.97863462017939 0.05
29 38 32 35 29.1822829 890.976756404984 30.53142756028124 0.05
29 41 33 37 17.3303984 735.9001016828861 42.46296505698831 0.05
29 44 34 39 13.5801573 730.9623115202047 53.82576176199408 0.05
29 47 35 41 11.2743168 677.2830568170582 60.073090798464904 0.05
29 50 36 43 9.4842438 635.943929877042 67.05267634274037 0.05
29 53 37 45 7.61120251 582.6157907756726 76.54714087691153 0.05
29 56 38 47 6.69352439 577.5788906795278 86.2892038673109 0.05
30 33 31 32 208.301188 1995.1609173210668 9.578250304175254 0.05
30 36 32 34 90.0274217 1815.1876651395396 20.162608579287344 0.05
30 39 33 36 25.175008 783.1655100469841 31.108848507495374 0.05
30 42 34 38 18.4312262 779.5748253994614 42.29641679507255 0.05
30 45 35 40 14.5640975 757.0647392875936 51.98157587777709 0.05
30 48 36 42 11.3621899 654.0561514495497 57.564268614235154 0.05
30 51 37 44 8.18722958 534.8161422639856 65.32321306470382 0.05
30 54 38 46 7.14833149 549.846334223464 76.91953499815438 0.05
31 34 32 33 225.187338 2201.100765331908 9.774531662752317 0.05
31 37 33 35 61.9675947 1254.5433163603416 20.245151073458423 0.05
31 40 34 37 27.8912945 859.062922182566 30.800396237706572 0.05
31 43 35 39 20.3116404 854.0723347106486 42.04841745379898 0.05
31 46 36 41 14.5562295 720.6848305465822 49.510405874445865 0.05
31 49 37 43 10.2333227 569.0499934200651 55.607548994821116 0.05
31 52 38 45 7.9687101 524.6902445332063 65.84381135074877 0.05
31 55 39 47 7.13974519 548.9677237837187 76.88897981297828 0.05
32 35 33 34 217.27005 2150.6848837911534 9.898671647524145 0.05
32 38 34 36 52.4428306 1021.9324064433146 19.48659892594193 0.05
32 41 35 38 33.4801769 997.0210646280295 29.779444344215207 0.05
32 44 36 40 22.0023618 900.3215621151666 40.91931449446334 0.05
32 47 37 42 12.9804131 593.0328211190238 45.686744832413986 0.05
32 50 38 44 8.8909084 489.589176950476 55.06627162534662 0.05
32 53 39 46 7.77111207 519.7738731022155 66.8853914884045 0.05
32 56 40 48 7.31879881 546.1958436719551 74.62916495609409 0.05
33 36 34 35 179.178637 1721.5961071058773 9.608266565315358 0.05
33 39 35 37 64.3382466 1272.4761166011851 19.777911022542305 0.05
33 42 36 39 34.2020727 1023.9708496599358 29.93885366660646 0.05
33 45 37 41 17.50088 683.2835017484268 39.04280823298182 0.05
33 48 38 43 11.2164791 497.9052022195688 44.39050773246382 0.05
33 51 39 45 8.78008492 490.33561670170457 55.84634102852214 0.05
33 54 40 47 7.78803902 525.2770601845478 67.4466394988026 0.05
34 37 35 36 213.519641 2061.146462825264 9.6531937444821 0.05
34 40 36 38 67.1723164 1328.3722068721197 19.77559027385454 0.05
34 43 37 40 28.1885774 861.2618287402455 30.553575532344727 0.05
34 46 38 42 14.5641737 538.6959105143416 36.98774277282491 0.05
34 49 39 44 10.0471826 461.0807914468532 45.89155087584984 0.05
34 52 40 46 8.84954632 510.715368532868 57.71090969699202 0.05
34 55 41 48 8.3463782 558.2688608711395 66.88755859052007 0.05
35 38 36 37 221.024397 2231.0971178969007 10.094347719889496 0.05
35 41 37 39 48.0820899 931.6237289857273 19.375691258913587 0.05
35 44 38 41 21.8222025 664.3098114645277 30.441923149807067 0.05
35 47 39 43 13.1220382 462.7457427532864 35.26477637851156 0.05
35 50 40 45 10.5433469 501.6546948266117 47.58021334066242 0.05
35 53 41 47 9.06378523 540.9086677332364 59.67801023604311 0.05
35 56 42 49 8.35903055 558.0213029476629 66.7567009846211 0.05
36 39 37 38 115.566325 1126.8428993405269 9.750616361128788 0.05
36 42 38 40 36.1875442 731.7289827180836 20.22046532569302 0.05
36 45 39 42 17.8944988 513.1079797535764 28.674062654025064 0.05
36 48 40 44 12.3517314 444.1655922421208 35.959783924877186 0.05
36 51 41 46 10.7718044 530.1768252189626 49.21894285593995 0.05
36 54 42 48 9.70933003 586.2261113895233 60.377606856311935 0.05
37 40 38 39 122.384683 1209.901962472498 9.886057085039786 0.05
37 43 39 41 29.8399261 630.2738638674231 21.121830588830548 0.05
37 46 40 43 18.4361101 494.36139865481454 26.81484304299173 0.05
37 49 41 45 14.797666 573.2511402583235 38.73929444402405 0.05
37 52 42 47 11.9688639 626.2976892926921 52.32724630553215 0.05
37 55 43 49 10.7638008 649.9132435361012 60.37953094933726 0.05
38 41 39 40 58.2849158 588.1529649896258 10.090997935174608 0.05
38 44 40 42 28.6964082 562.656547280815 19.60721158408999 0.05
38 47 41 44 17.4997489 463.92100138186095 26.510151890342893 0.05
38 50 42 46 14.8658715 624.239783416566 41.99146907845705 0.05
38 53 43 48 12.6954048 676.7992682154578 53.31057015334066 0.05
38 56 44 50 11.6183858 694.4955456267533 59.77556242165355 0.05
39 42 40 41 45.4416276 462.5870639116585 10.1798084343189 0.05
39 45 41 43 27.1534299 487.64893125898925 17.959017813031025 0.05
39 48 42 45 19.1512222 560.2712408480475 29.255116722944578 0.05
39 51 43 47 14.7718134 653.7910042493456 44.25935980543497 0.05
39 54 44 49 13.325275 682.9348057136219 51.25108530320177 0.05
40 43 41 42 52.1857022 511.5050747942787 9.801632501445553 0.05
40 46 42 44 24.1916582 446.6764492961818 18.464069126777833 0.05
40 49 43 46 19.7148529 659.5000696638707 33.451939662398935 0.05
40 52 44 48 17.2718824 744.1206604367059 43.08277715211319 0.05
40 55 45 50 13.9870847 690.7744331416128 49.38659112728564 0.05
41 44 42 43 56.5118809 544.2068285860978 9.629954266592067 0.05
41 47 43 45 27.731747 556.6331571191625 20.072055219570643 0.05
41 50 44 47 21.7069776 750.746373959464 34.585486187605596 0.05
41 53 45 49 16.1962977 649.9475921062126 40.129392787477144 0.05
41 56 46 51 15.0067367 719.2229341005028 47.92667109968704 0.05
42 45 43 44 41.1567554 397.1270979108785 9.649135216107888 0.05
42 48 44 46 32.813797 697.6423150086501 21.260639693987567 0.05
42 51 45 48 21.0625763 641.8920554525814 30.475476803499173 0.05
42 54 46 50 17.398174 649.4689897645859 37.329721484828575 0.05
43 46 44 45 62.7370204 598.5201939206531 9.540143763675667 0.05
43 49 45 47 29.3581808 614.4333605939902 20.928863568889465 0.05
43 52 46 49 21.5679334 577.5075297186977 26.77621072952208 0.05
43 55 47 51 20.0771606 716.9882597480503 35.711636422734514 0.05
44 47 45 46 53.462207 503.7668795885287 9.422859770613822 0.05
44 50 46 48 29.9251913 563.9874126756476 18.846576685899002 0.05
44 53 47 50 23.3249219 608.3837057834097 26.08299004779989 0.05
44 56 48 52 18.7244696 672.6859699162168 35.92550199212141 0.05
45 48 46 47 59.1883574 581.7429156359813 9.828671400770808 0.05
45 51 47 49 30.8580543 525.5764323650269 17.032066482721397 0.05
45 54 48 51 27.6909532 773.6243778852597 27.937802368076653 0.05
46 49 47 48 69.7486463 655.60995242375 9.399608267719884 0.05
46 52 48 50 39.2498159 714.5329184037882 18.204745729872027 0.05
46 55 49 52 27.6310836 817.9216567229674 29.60150490525704 0.05
47 50 48 49 66.4376792 628.7023132728935 9.463038457142456 0.05
47 53 49 51 48.2588311 1013.069500768629 20.992416883645344 0.05
47 56 50 53 27.3499263 804.3158565765447 29.40833725670934 0.05
48 51 49 50 87.9049856 843.0407317809337 9.590363117935983 0.05
48 54 50 52 45.0837725 912.9130583661083 20.249260604047905 0.05
49 52 50 51 133.411323 1323.420147825356 9.919848765950368 0.05
49 55 51 53 44.0627221 796.8658735120537 18.084808099317442 0.05
50 53 51 52 110.253811 1029.3308084327514 9.336011146433309 0.05
50 56 52 54 50.715265 920.3760955009456 18.147910604449084 0.05
51 54 52 53 158.907243 1473.0120195213233 9.269634232602748 0.05
52 55 53 54 146.555843 1409.9594233249688 9.620629204971165 0.05
53 56 54 55 122.7535 1156.536541602552 9.421617645138852 0.05
4 3 5 2 434.418318 4672.76285576993 10.75636699042219 0.05
6 4 8 2 189.16254 4141.571198479205 21.89424607260616 0.05
8 5 11 2 110.180544 3254.3407440370775 29.53643743161295 0.05
10 6 14 2 67.5970483 2718.8976251990407 40.22213533840117 0.05
12 7 17 2 54.5779152 2887.681835719208 52.90934666773801 0.05
14 8 20 2 35.0534347 2236.2843849416927 63.796441178464406 0.05
16 9 23 2 24.8331692 1874.6052549123242 75.48795885916664 0.05
18 10 26 2 20.2711555 1761.0923968112322 86.87676421855835 0.05
20 11 29 2 16.1700482 1551.1177207550572 95.92536160498626 0.05
22 12 32 2 12.2960863 1285.3640573217006 104.53440435935299 0.05
24 13 35 2 11.2310163 1243.5572764045278 110.72526681352316 0.05
26 14 38 2 9.88344369 1165.4503975884816 117.91946553686306 0.05
28 15 41 2 9.14783018 1157.2405660687054 126.50437790141679 0.05
30 16 44 2 8.13214298 1125.549316546865 138.40746766442922 0.05
32 17 47 2 7.39002183 1076.2315742977248 145.63307105924 0.05
5 4 6 3 420.630484 4746.4713460577605 11.284182974379386 0.05
7 5 9 3 160.829241 3214.9543245061245 19.989861946224845 0.05
9 6 12 3 97.4146936 2861.188006572178 29.371215992534598 0.05
11 7 15 3 73.794393 3102.484691753802 42.04228215216571 0.05
13 8 18 3 48.7367392 2607.8786038627936 53.50950118268876 0.05
15 9 21 3 31.2316971 2010.1822696106572 64.36352988357642 0.05
17 10 24 3 24.9921516 1887.1055360802313 75.50792609949723 0.05
19 11 27 3 18.7985994 1620.9490640699057 86.22711881768733 0.05
21 12 30 3 14.0568794 1332.4003593872071 94.7863548852249 0.05
23 13 33 3 12.5631724 1295.1758927724775 103.09306053719979 0.05
25 14 36 3 11.5014332 1264.0664943384436 109.90512854853982 0.05
27 15 39 3 10.1322996 1191.372847083168 117.58168373576005 0.05
29 16 42 3 8.8493922 1129.0102786505522 127.58054487070333 0.05
31 17 45 3 7.77312077 1074.6316947947976 138.2497103277089 0.05
33 18 48 3 7.06870285 1035.8710645814888 146.54330314387013 0.05
6 5 7 4 396.331877 4037.879158207688 10.188126145118748 0.05
8 6 10 4 165.231909 3366.637341634529 20.37522511244804 0.05
10 7 13 4 94.7880709 2919.046956082884 30.795509691957285 0.05
12 8 16 4 72.1406466 3144.781848929031 43.59237125175741 0.05
14 9 19 4 41.5518355 2248.60609924236 54.11568639951801 0.05
16 10 22 4 30.8318101 2003.2949871946453 64.9749392169046 0.05
18 11 25 4 22.687298 1728.8045362846376 76.20142937623677 0.05
20 12 28 4 16.3298454 1401.1842930269656 85.80511687066955 0.05
22 13 31 4 14.3297758 1355.7502135094767 94.61070657570767 0.05
24 14 34 4 12.821234 1315.3410542149147 102.59083128932166 0.05
26 15 37 4 11.4911866 1258.3034498495665 109.50161142188452 0.05
28 16 40 4 9.86477692 1156.2118188645918 117.20607858049685 0.05
30 17 43 4 8.55364439 1108.4316297417924 129.58589101946433 0.05
32 18 46 4 7.60519772 1043.190387063513 137.1680823392864 0.05
34 19 49 4 6.65750134 997.4167803084738 149.8184873528653 0.05
7 6 8 5 334.088461 3643.2532972717045 10.905055763873582 0.05
9 7 11 5 171.239021 3568.833820771984 20.841241674536224 0.05
11 8 14 5 92.1565314 3047.299303504947 33.06655813984929 0.05
13 9 17 5 59.141956 2665.300917412332 45.06616110925266 0.05
15 10 20 5 38.3041486 2086.554018161151 54.47331671434542 0.05
17 11 23 5 27.575138 1797.486303428935 65.18503383116106 0.05
19 12 26 5 19.111374 1456.6988442545387 76.22156545387782 0.05
21 13 29 5 16.2238115 1386.868861256821 85.48354135258666 0.05
23 14 32 5 14.6244138 1386.4948175495765 94.80686450143914 0.05
25 15 35 5 13.2336963 1350.7397517282884 102.06821443592358 0.05
27 16 38 5 10.9873863 1195.931263474025 108.84583747401554 0.05
29 17 41 5 9.31587457 1099.3874484551823 118.01226392587445 0.05
31 18 44 5 8.18152871 1063.3659779857664 129.97155124396875 0.05
33 19 47 5 7.1577428 987.6978405149563 137.9901273506162 0.05
35 20 50 5 6.39877048 976.7521112057713 152.64684274247813 0.05
8 7 9 6 340.181631 3626.4839483667834 10.660434361803572 0.05
10 8 12 6 129.64839 2712.78710936465 20.92418663559686 0.05
12 9 15 6 91.2819793 3065.2580742137475 33.580100888694766 0.05
14 10 18 6 53.4439031 2310.5053879320085 43.23234745053657 0.05
16 11 21 6 33.8982083 1815.0317191605025 53.54358859021178 0.05
18 12 24 6 23.0174909 1493.6337554058905 64.89124995834757 0.05
20 13 27 6 18.7125406 1398.9891694630148 74.76211805589962 0.05
22 14 30 6 16.3967568 1389.7173146675846 84.75562159143476 0.05
24 15 33 6 14.4585648 1353.4960500140508 93.61206099889326 0.05
26 16 36 6 12.4587294 1248.222328446803 100.18857367965654 0.05
28 17 39 6 10.2410784 1102.3422060571947 107.63927029961951 0.05
30 18 42 6 8.7941206 1038.9959599687552 118.14665811710101 0.05
32 19 45 6 7.64962838 984.7436649393044 128.73091554537768 0.05
34 20 48 6 6.83096136 957.7464228990221 140.2066813768395 0.05
36 21 51 6 6.28594666 964.0950975710705 153.37309552847375 0.05
9 8 10 7 369.313816 3779.484696210983 10.233802615743418 0.05
11 9 13 7 120.305978 2590.5887743084513 21.533333732663323 0.05
13 10 16 7 79.9928892 2627.596430538263 32.84787506510345 0.05
15 11 19 7 42.0031262 1745.5661615667527 41.5580057840255 0.05
17 12 22 7 27.7296323 1452.5665463983198 52.38318816071427 0.05
19 13 25 7 21.956184 1402.2613372608841 63.866350239225724 0.05
21 14 28 7 18.2531027 1351.875497932229 74.06277826575912 0.05
23 15 31 7 16.5386236 1377.8661690675767 83.31202174935383 0.05
25 16 34 7 13.7928387 1258.604756977145 91.25059636760233 0.05
27 17 37 7 11.4484791 1123.432960044398 98.12945022927963 0.05
29 18 40 7 9.45159919 1004.1583529092932 106.24216418018602 0.05
31 19 43 7 8.09418542 963.2311721465334 119.00285478591536 0.05
33 20 46 7 7.23272574 929.7157031640751 128.54292234839738 0.05
35 21 49 7 6.58411027 938.6615974425454 142.5646836018962 0.05
37 22 52 7 6.25317 964.8851164034473 154.30335596240744 0.05
10 9 11 8 256.090733 2639.7231583915986 10.30776524971561 0.05
12 10 14 8 147.021488 3168.9332446079893 21.554218282758704 0.05
14 11 17 8 66.3833803 2073.853934605788 31.240559387509645 0.05
16 12 20 8 34.6203415 1426.3370754173031 41.1993935824493 0.05
18 13 23 8 28.1831579 1484.667848354852 52.67925807401632 0.05
20 14 26 8 22.3515889 1412.7347437796338 63.20511486231003 0.05
22 15 29 8 18.899867 1391.176437776858 73.60773691036333 0.05
24 16 32 8 15.6348222 1286.3665893282725 82.2757414745831 0.05
26 17 35 8 13.0863043 1174.2394604527938 89.73041078165924 0.05
28 18 38 8 10.7130217 1030.5745433529628 96.19830634273454 0.05
30 19 41 8 8.77879579 933.057038511332 106.28531074548802 0.05
32 20 44 8 7.81896539 931.7692432321685 119.16784341107929 0.05
34 21 47 8 7.05893814 914.7427241329028 129.5864485551226 0.05
36 22 50 8 6.4064574 921.1536798852154 143.7851877209416 0.05
38 23 53 8 6.10999281 949.2853547817111 155.36603467487734 0.05
11 10 12 9 340.107768 3536.116873467893 10.397048248153782 0.05
13 11 15 9 130.394851 2734.080341806542 20.967701721646527 0.05
15 12 18 9 50.2114311 1503.8682905214785 29.950715555714932 0.05
17 13 21 9 40.0363991 1635.5032495148466 40.85040828546558 0.05
19 14 24 9 30.4667609 1607.8844154374503 52.77503639835406 0.05
21 15 27 9 23.6664329 1489.2722264759934 62.92761705022278 0.05
23 16 30 9 19.2793021 1389.616503074704 72.07815385986945 0.05
25 17 33 9 15.2055527 1234.1121544941666 81.16193990726602 0.05
27 18 36 9 12.4896937 1093.5243085034183 87.55413341348941 0.05
29 19 39 9 9.74650064 934.3847950847876 95.86874608616324 0.05
31 20 42 9 8.44885968 910.7151472333618 107.79148686646927 0.05
33 21 45 9 7.64099063 913.2395958239626 119.5184813129345 0.05
35 22 48 9 6.79984669 894.2445709785366 131.50951951514315 0.05
37 23 51 9 6.34978374 922.2643940251086 145.2434337590698 0.05
39 24 54 9 6.04724312 938.3666857488181 155.1726410081588 0.05
12 11 13 10 373.845506 3824.9562897731525 10.231382291307128 0.05
14 12 16 10 82.1404284 1666.8220314677683 20.29234646002611 0.05
16 13 19 10 51.3303964 1551.851200511528 30.232597239625605 0.05
18 14 22 10 39.698009 1677.0595198218311 42.24543149813461 0.05
20 15 25 10 29.8768871 1582.5438279835462 52.96883248534772 0.05
22 16 28 10 22.251254 1401.5084279379255 62.98559298895808 0.05
24 17 31 10 17.6728883 1269.2164036365966 71.81714624635502 0.05
26 18 34 10 14.106823 1123.3186076350357 79.62945360801902 0.05
28 19 37 10 11.2301285 972.3276491869926 86.58205907323257 0.05
30 20 40 10 9.20350461 889.4655628162717 96.64422418497291 0.05
32 21 43 10 8.26080533 905.1705312526675 109.57412686695857 0.05
34 22 46 10 7.29645876 880.7844879127214 120.71396781426081 0.05
36 23 49 10 6.49349464 876.147880467561 134.9270198931836 0.05
38 24 52 10 6.40819277 938.5909941179195 146.46734700490595 0.05
40 25 55 10 5.94464193 923.073790255086 155.27828271653124 0.05
13 12 14 11 210.395941 2244.6739849605096 10.668808410902328 0.05
15 13 17 11 84.2495436 1712.942204994523 20.33176836099232 0.05
17 14 20 11 60.9271095 1910.2478116647692 31.353002421110578 0.05
19 15 23 11 43.6444638 1890.6271088274334 43.31883002369326 0.05
21 16 26 11 29.2638715 1547.5341008513176 52.88206999034005 0.05
23 17 29 11 22.1170114 1386.7084156027283 62.698725000554475 0.05
25 18 32 11 17.4182188 1242.1572489914222 71.31367812370243 0.05
27 19 35 11 13.4410476 1060.6765080782914 78.91323203693524 0.05
29 20 38 11 10.5257358 918.0717343439363 87.22162058674667 0.05
31 21 41 11 9.09716626 891.2889061106715 97.97434504738528 0.05
33 22 44 11 8.04211996 895.0174495991942 111.29123341243893 0.05
35 23 47 11 6.90153369 847.8431481775757 122.84851255686266 0.05
37 24 50 11 6.76778466 931.3151495263329 137.61004469168984 0.05
39 25 53 11 6.11742715 904.3160268730795 147.8262028626004 0.05
41 26 56 11 5.84811296 904.204055539433 154.6146700181785 0.05
14 13 15 12 297.354095 3082.509906698937 10.36646193387361 0.05
16 14 18 12 103.159872 2149.7478323905184 20.83899282455991 0.05
18 15 21 12 69.7660668 2295.4819166561942 32.902555955127944 0.05
20 16 24 12 44.1140538 1894.8678794839159 42.95383707139415 0.05
22 17 27 12 28.5400689 1520.3626892973705 53.271163942332684 0.05
24 18 30 12 21.6270816 1336.006707983407 61.774710647201104 0.05
26 19 33 12 15.97355 1136.218446763955 71.13124175677636 0.05
28 20 36 12 13.1082778 1029.9865613046247 78.5752771660534 0.05
30 21 39 12 10.3241628 908.9680645531363 88.04278682559483 0.05
32 22 42 12 8.90796165 885.4597198519897 99.40093532530976 0.05
34 23 45 12 7.63278585 865.968125203079 113.45374313142547 0.05
36 24 48 12 7.02025284 881.2643589238378 125.53171217745454 0.05
38 25 51 12 6.5765008 911.0666335875358 138.53364597591712 0.05
40 26 54 12 6.23626772 923.210703639608 148.0389786151785 0.05
15 14 16 13 185.688852 1949.875253577033 10.500766376524494 0.05
17 15 19 13 108.163556 2296.745370119261 21.234003901640044 0.05
19 16 22 13 60.0088348 1961.0013131324395 32.67854341228501 0.05
21 17 25 13 35.6404747 1527.6150617019891 42.86180457921873 0.05
23 18 28 13 25.4879066 1329.003713829969 52.1425213410806 0.05
25 19 31 13 18.8653512 1158.1629668716225 61.39101014306178 0.05
27 20 34 13 14.4102757 1015.0176804185817 70.43707570553849 0.05
29 21 37 13 11.5589338 906.3425117782419 78.41056341876808 0.05
31 22 40 13 9.3122177 823.2743788266745 88.40798243222713 0.05
33 23 43 13 8.00132681 819.4746047223798 102.41733954651201 0.05
35 24 46 13 7.17409088 822.6845039589231 114.67439118347538 0.05
37 25 49 13 6.70928615 864.6394010088358 128.87204117964708 0.05
39 26 52 13 6.36739315 885.8081176039849 139.11629088019873 0.05
41 27 55 13 6.04264656 890.6436977726597 147.39298235120668 0.05
16 15 17 14 219.132073 2354.4824085372284 10.74458145858561 0.05
18 16 20 14 93.3551315 2031.5120451881148 21.761118136158533 0.05
20 17 23 14 49.8810901 1605.8231211663256 32.19302380816103 0.05
22 18 26 14 31.1244374 1301.790146582057 41.825339036716436 0.05
24 19 29 14 21.1027367 1087.1086140062746 51.51505368525375 0.05
26 20 32 14 16.4739199 1014.0807251431087 61.55673520927516 0.05
28 21 35 14 13.434624 933.1148869251253 69.4559733808051 0.05
30 22 38 14 10.038033 785.1089623203917 78.21342710473174 0.05
32 23 41 14 8.36400721 743.9492933021246 88.94651506429351 0.05
34 24 44 14 7.58617623 793.2791209578722 104.56903410980635 0.05
36 25 47 14 6.55920746 758.2802382772347 115.6054664990326 0.05
38 26 50 14 6.62057396 858.8022377145968 129.71718810231323 0.05
40 27 53 14 6.16054394 860.5902309796355 139.693871086915 0.05
42 28 56 14 5.83279681 842.9426793479553 144.51775139891345 0.05
17 16 18 15 271.400678 2738.708731382347 10.09101654264234 0.05
19 17 21 15 89.7340889 1944.6688198217707 21.671461132111308 0.05
21 18 24 15 47.4782819 1476.1389000293605 31.090823866340465 0.05
23 19 27 15 28.0226911 1153.2589305610097 41.15446751511348 0.05
25 20 30 15 20.283798 1039.3421374140949 51.24001616532046 0.05
27 21 33 15 15.0949014 921.4327751763254 61.042649485363675 0.05
29 22 36 15 11.9507583 822.7530743737672 68.84526100521731 0.05
31 23 39 15 8.7857832 692.5857022083459 78.83027459730009 0.05
33 24 42 15 7.94136819 723.512896283423 91.10683184221219 0.05
35 25 45 15 6.75030458 713.9070950626501 105.75924191299974 0.05
37 26 48 15 6.75937468 796.211451696631 117.79365538834593 0.05
39 27 51 15 6.33543465 821.569200537696 129.6784271206548 0.05
41 28 54 15 5.95980096 827.5840507174009 138.86102174751167 0.05
18 17 19 16 226.052377 2494.9990794042756 11.037260976929588 0.05
20 18 22 16 94.5973894 1959.055408309198 20.709402455340886 0.05
22 19 25 16 43.3751183 1361.667764162155 31.392831132916015 0.05
24 20 28 16 25.7500665 1073.2634046572339 41.68002458002327 0.05
26 21 31 16 19.7154808 1015.5284368213249 51.50918951067756 0.05
28 22 34 16 14.2125122 854.1820531257499 60.100708523982824 0.05
30 23 37 16 10.4787425 724.3053793671963 69.1214026270038 0.05
32 24 40 16 8.63189788 681.9827006274819 79.00727164620741 0.05
34 25 43 16 7.18703516 680.966690613892 94.74931949740065 0.05
36 26 46 16 6.7199834 716.2110755956007 106.5792923827164 0.05
38 27 49 16 6.70845099 806.4213827342804 120.20977479545995 0.05
40 28 52 16 6.28932615 819.9481387871992 130.3713814853121 0.05
42 29 55 16 6.09319501 828.075451397737 135.90168212878797 0.05
19 18 20 17 293.542409 3058.4058798251067 10.418957486395454 0.05
21 19 23 17 89.2195512 1844.6093759410169 20.674945694425517 0.05
23 20 26 17 47.6134344 1484.026091454579 31.168221955746567 0.05
25 21 29 17 28.3995421 1181.0782921667296 41.587934340910714 0.05
27 22 32 17 19.327326 990.8213172542539 51.26530784725492 0.05
29 23 35 17 13.5069218 811.8139680467935 60.103551354446545 0.05
31 24 38 17 10.0228498 694.4425252945549 69.28593555243688 0.05
33 25 41 17 7.84251287 630.593260318316 80.40704182080813 0.05
35 26 44 17 7.1691803 693.4517196966096 96.72677916840921 0.05
37 27 47 17 6.96257361 751.0120902786355 107.86415086513325 0.05
39 28 50 17 6.64142781 803.7008502406406 121.01326299602445 0.05
41 29 53 17 6.29488251 817.071726603223 129.79936087849606 0.05
43 30 56 17 6.04580109 800.9672938383567 132.48323620226094 0.05
20 19 21 18 299.115437 3186.791243517873 10.654051410652782 0.05
22 20 24 18 102.813545 2225.3906037442557 21.644916569545924 0.05
24 21 27 18 45.1176414 1438.6003329509651 31.885539410111214 0.05
26 22 30 18 26.9840448 1126.956607297354 41.76381323297217 0.05
28 23 33 18 17.2797355 892.9098518318 51.67381478910947 0.05
30 24 36 18 13.3936109 809.0269658533133 60.40394721734923 0.05
32 25 39 18 8.73999276 609.5306690906889 69.74040892577226 0.05
34 26 42 18 7.7824734 652.6242089136219 83.85819974837588 0.05
36 27 45 18 6.96796719 685.1160228751996 98.3236579900141 0.05
38 28 48 18 7.10566119 780.8241755963147 109.8876170306559 0.05
40 29 51 18 6.70448058 810.3409427472677 120.86558131954015 0.05
42 30 54 18 6.31529754 802.66215789845 127.09807460606994 0.05
21 20 22 19 257.501283 2734.5287860341077 10.619476354353186 0.05
23 21 25 19 111.413433 2372.590559832175 21.29537252327711 0.05
25 22 28 19 43.2173456 1364.9448603849203 31.583264576640733 0.05
27 23 31 19 25.60217 1066.7018585024762 41.664509629553905 0.05
29 24 34 19 16.7335459 855.62186531373 51.13213125460337 0.05
31 25 37 19 11.1679459 670.7040255962733 60.05616714137855 0.05
33 26 40 19 8.44392332 594.7356736144684 70.43357111093098 0.05
35 27 43 19 7.31597367 636.8035494015743 87.0428979279766 0.05
37 28 46 19 7.40771468 734.6919603767694 99.17930051495577 0.05
39 29 49 19 7.23873821 803.0646846956805 110.9398712038352 0.05
41 30 52 19 6.76736306 810.2029774077411 119.72210892550237 0.05
43 31 55 19 6.47926193 801.3814334293033 123.68406187111862 0.05
22 21 23 20 296.346907 3234.6788858436653 10.915176806092548 0.05
24 22 26 20 90.988749 1895.5208894940183 20.832475556884713 0.05
26 23 29 20 38.1960718 1208.889502011494 31.649576646033378 0.05
28 24 32 20 25.6002164 1059.4618038481622 41.38487688128145 0.05
30 25 35 20 15.2621415 773.4719895571211 50.67912583284076 0.05
32 26 38 20 9.99914615 593.1090900361384 59.315973698028046 0.05
34 27 41 20 7.9819295 577.7867281668814 72.38684934098721 0.05
36 28 44 20 7.32769989 649.5531248400978 88.64352178594719 0.05
38 29 47 20 7.6770468 755.7533718507821 98.44324146243085 0.05
40 30 50 20 7.24513936 800.505757972414 110.48866256347816 0.05
42 31 53 20 6.67731418 780.6384474425178 116.90904851844455 0.05
44 32 56 20 6.14994389 752.2934927934671 122.325261213638 0.05
23 22 24 21 382.686253 3914.2641894466296 10.22838985921616 0.05
25 23 27 21 84.8546388 1779.3318174261342 20.96917555232271 0.05
27 24 30 21 43.2097644 1340.9990860879836 31.034630822656922 0.05
29 25 33 21 20.5970997 850.9928268802605 41.316148354627835 0.05
31 26 36 21 14.6825168 735.3834916861122 50.08565641049443 0.05
33 27 39 21 9.06334466 544.447819376888 60.07140187217463 0.05
35 28 42 21 7.58377293 569.1627201005666 75.05007406657238 0.05
37 29 45 21 7.93113812 705.6550235261377 88.97273163692397 0.05
39 30 48 21 7.67285763 755.0780425551684 98.40897341857344 0.05
41 31 51 21 7.01959498 762.1983243937698 108.58152451322339 0.05
43 32 54 21 6.50918678 741.6871016018674 113.94466416000854 0.05
24 23 25 22 252.531184 2710.251787641428 10.732344990872209 0.05
26 24 28 22 93.4957687 1984.0017643987728 21.2202305193601 0.05
28 25 31 22 41.1113033 1267.0170662278215 30.819189967831097 0.05
30 26 34 22 20.4368936 834.2898527250339 40.8227330950646 0.05
32 27 37 22 13.483244 665.5260339904621 49.35948900653746 0.05
34 28 40 22 8.69891762 537.7614490356298 61.81935184663006 0.05
36 29 43 22 7.92068631 613.1466968902475 77.41080417692335 0.05
38 30 46 22 8.3177402 732.071565930131 88.01327624180075 0.05
40 31 49 22 7.71215429 764.7516353294905 99.1618692485327 0.05
42 32 52 22 6.90387178 733.360655238735 106.22454741457192 0.05
44 33 55 22 6.42254386 719.9699683273099 112.10043621676564 0.05
25 24 26 23 384.674422 3934.1111772913596 10.227119226792157 0.05
27 25 29 23 91.4884468 1884.5678973104161 20.598971380836865 0.05
29 26 32 23 40.1525438 1234.7506753742857 30.751493143861182 0.05
31 27 35 23 22.5256716 905.6827943751194 40.206694408841486 0.05
33 28 38 23 12.0801768 599.7853187568793 49.650375875035145 0.05
35 29 41 23 9.06571561 569.4326339034861 62.81165860479558 0.05
37 30 44 23 9.3283358 729.3373847865818 78.18515546862945 0.05
39 31 47 23 8.50332605 735.1521612259936 86.45465984760088 0.05
41 32 50 23 7.55059913 742.1119866097282 98.28517894178395 0.05
43 33 53 23 6.91157318 711.4060761227267 102.92968874023073 0.05
45 34 56 23 6.61298878 729.7105326884207 110.34504321182602 0.05
26 25 27 24 271.098853 2850.904339434417 10.516106239056706 0.05
28 26 30 24 80.9501223 1627.8412679263824 20.109188493794065 0.05
30 27 33 24 35.0450803 1084.8371963478376 30.955477546668295 0.05
32 28 36 24 21.8708142 863.9035639011659 39.500292764645486 0.05
34 29 39 24 11.1660327 567.9165746398793 50.861088257414764 0.05
36 30 42 24 9.43397928 609.0550413794995 64.55971794115489 0.05
38 31 45 24 9.33363988 722.3998536036333 77.39744225096815 0.05
40 32 48 24 8.26334377 718.2371872964654 86.91846875643967 0.05
42 33 51 24 7.3203091 691.1246951877357 94.4119552530556 0.05
44 34 54 24 6.74196789 676.9375942399072 100.40652896670903 0.05
27 26 28 25 257.42412 2608.1650692587514 10.131782015060404 0.05
29 27 31 25 83.3294047 1684.1596440543765 20.210868541754703 0.05
31 28 34 25 34.2698559 1042.9497008519656 30.433442845377286 0.05
33 29 37 25 20.0444841 784.5938137118175 39.14262945344737 0.05
35 30 40 25 11.8122794 608.0414335418016 51.47536838163526 0.05
37 31 43 25 10.7838072 717.9457434968541 66.5762777636505 0.05
39 32 46 25 9.28673431 708.6861613225682 76.31166539990829 0.05
41 33 49 25 8.17861342 705.4990406590836 86.26144854014674 0.05
43 34 52 25 7.45387954 673.3101679666698 90.33016489647616 0.05
45 35 55 25 7.18173727 711.7964456179345 99.11201410712906 0.05
28 27 29 26 207.110741 2088.2748837925938 10.082890311288075 0.05
30 28 32 26 76.1987376 1585.8319687959051 20.811787947467323 0.05
32 29 35 26 37.599738 1103.4338588598919 29.34684967379006 0.05
34 30 38 26 18.0225706 721.005539121459 40.00569924922136 0.05
36 31 41 26 11.9735646 627.5062518762404 52.40763906483124 0.05
38 32 44 26 10.9144352 734.2935767204566 67.27728583889129 0.05
40 33 47 26 9.18277458 685.9679294994484 74.70159737923659 0.05
42 34 50 26 8.15600441 672.5467684614243 82.46032427800323 0.05
44 35 53 26 7.31461885 649.5315053790673 88.7990910666613 0.05
46 36 56 26 7.01762141 689.4677511673677 98.2480688093101 0.05
29 28 30 27 213.21454 2155.317556244861 10.108680000176633 0.05
31 29 33 27 66.8263076 1361.8706108268634 20.37925870420025 0.05
33 30 36 27 41.3877672 1198.8744219917216 28.966878454649315 0.05
35 31 39 27 17.1020297 695.4084814430853 40.66233620463689 0.05
37 32 42 27 13.196149 720.7740369905626 54.62002869098876 0.05
39 33 45 27 10.5271828 690.0356778393772 65.54799046895786 0.05
41 34 48 27 9.18673166 666.5352862554557 72.5541259855908 0.05
43 35 51 27 8.25599757 645.6976545414982 78.20952574983598 0.05
45 36 54 27 7.53152998 662.1013321194023 87.91060168088214 0.05
30 29 31 28 210.841735 2103.4845810994757 9.976604399975534 0.05
32 30 34 28 72.6820384 1384.1968054543252 19.044551252628672 0.05
34 31 37 28 37.5706628 1102.8325413281923 29.353555650559144 0.05
36 32 40 28 16.6100962 690.8685167782514 41.593288109809464 0.05
38 33 43 28 13.1384728 725.7020305750218 55.23488472534051 0.05
40 34 46 28 10.8803642 682.5272591540222 62.730185001897475 0.05
42 35 49 28 9.53381645 665.8748876908369 69.84347676326797 0.05
44 36 52 28 8.03304379 615.4094073171198 76.60974138883907 0.05
46 37 55 28 7.13991012 620.4030845741044 86.89228213619367 0.05
31 30 32 29 232.33993 2341.1234338023496 10.076285353974022 0.05
33 31 35 29 86.4725858 1641.1316105603125 18.97863462017939 0.05
35 32 38 29 29.4493669 899.1312122034944 30.53142756028125 0.05
37 33 41 29 17.3249512 735.6687974196276 42.4629650569883 0.05
39 34 44 29 13.5583347 729.7876934515772 53.82576176199406 0.05
41 35 47 29 11.217449 673.8668323041494 60.073090798464904 0.05
43 36 50 29 9.43988566 632.9695978724558 67.05267634274034 0.05
45 37 53 29 7.5865963 580.7322557523557 76.54714087691153 0.05
47 38 56 29 6.67500552 575.9809121307056 86.2892038673109 0.05
32 31 33 30 208.304126 1995.1890582204605 9.578250304175254 0.05
34 32 36 30 90.05605 1815.7648863467302 20.162608579287348 0.05
36 33 39 30 25.195363 783.7987306583543 31.10884850749538 0.05
38 34 42 30 18.4094706 778.6546414742344 42.29641679507255 0.05
40 35 45 30 14.2122946 738.7774701472218 51.981575877777104 0.05
42 36 48 30 11.3077051 650.9197737869567 57.564268614235154 0.05
44 37 51 30 8.16640179 533.4556041001488 65.32321306470384 0.05
46 38 54 30 7.12388646 547.9660338828481 76.91953499815439 0.05
33 32 34 31 225.275519 2201.962693308461 9.774531662752317 0.05
35 33 37 31 62.1132023 1257.491164219785 20.245151073458423 0.05
37 34 40 31 27.9033827 859.4352435323663 30.800396237706558 0.05
39 35 43 31 20.2080479 849.7164340255661 42.04841745379899 0.05
41 36 46 31 14.4992096 717.8617521546621 49.51040587444588 0.05
43 37 49 31 10.2008561 567.2446053698698 55.607548994821116 0.05
45 38 52 31 7.95109589 523.5304578128739 65.84381135074877 0.05
47 39 55 31 7.15454844 550.1059305741352 76.88897981297828 0.05
34 33 35 32 217.471831 2152.6822476548627 9.898671647524147 0.05
36 34 38 32 52.4655855 1022.3758220532144 19.486598925941927 0.05
38 35 41 32 33.3756555 993.9084754139502 29.779444344215207 0.05
40 36 44 32 21.9230164 897.0748027388778 40.91931449446335 0.05
42 37 47 32 12.9413412 591.2477531936062 45.686744832413986 0.05
44 38 50 32 8.86188758 487.9911085935656 55.06627162534662 0.05
46 39 53 32 7.76459497 519.3379743173465 66.88539148840451 0.05
48 40 56 32 7.31945328 546.2446862215442 74.62916495609412 0.05
35 34 36 33 179.330206 1723.0524224609155 9.608266565315358 0.05
37 35 39 33 64.2771133 1271.267027633271 19.777911022542312 0.05
39 36 42 33 34.126687 1021.7138882190809 29.93885366660646 0.05
41 37 45 33 17.3699603 678.1720290074072 39.04280823298181 0.05
43 38 48 33 11.1954614 496.9722158452001 44.39050773246381 0.05
45 39 51 33 8.76697911 489.60370516698964 55.84634102852216 0.05
47 40 54 33 7.78693662 525.2027070091644 67.44663949880261 0.05
36 35 37 34 213.477923 2060.743750888632 9.653193744482103 0.05
38 36 40 34 67.1040901 1327.0229915174182 19.775590273854533 0.05
40 37 43 34 28.1602221 860.3954729399534 30.553575532344734 0.05
42 38 46 34 14.5508555 538.2033003585448 36.987742772824916 0.05
44 39 49 34 10.0414276 460.8166855715627 45.89155087584983 0.05
46 40 52 34 8.8461255 510.5179498987584 57.710909696992026 0.05
48 41 55 34 8.34367506 558.0880544360109 66.88755859052004 0.05
37 36 38 35 220.792119 2228.752422997221 10.094347719889498 0.05
39 37 41 35 47.8957581 928.0134215572097 19.375691258913587 0.05
41 38 44 35 21.6321502 658.5242539534834 30.441923149807053 0.05
43 39 47 35 13.0654116 460.7488183672112 35.264776378511584 0.05
45 40 50 35 10.5837787 503.5784484963588 47.580213340662425 0.05
47 41 53 35 9.06020986 540.6952967657786 59.67801023604309 0.05
49 42 56 35 8.3517056 557.5323134507859 66.75670098462113 0.05
38 37 39 36 115.55803 1126.762017977811 9.750616361128785 0.05
40 38 42 36 36.1352271 730.671106611593 20.220465325693027 0.05
42 39 45 36 17.8425132 511.61734140206903 28.674062654025054 0.05
44 40 48 36 12.3404201 443.75884033821137 35.95978392487719 0.05
46 41 51 36 10.7730168 530.236498265281 49.21894285593994 0.05
48 42 54 36 9.70454475 585.9371876349861 60.37760685631194 0.05
39 38 40 37 122.494991 1210.9924736574344 9.886057085039782 0.05
41 39 43 37 29.8344326 630.1578310910832 21.121830588830544 0.05
43 40 46 37 18.4253497 494.07286021773484 26.814843042991733 0.05
45 41 49 37 14.8007887 573.3721114530839 38.73929444402405 0.05
47 42 52 37 11.9690644 626.3081809055764 52.32724630553215 0.05
49 43 55 37 10.7116442 646.7640524921891 60.379530949337266 0.05
40 39 41 38 58.2727498 588.0301979087467 10.09099793517461 0.05
42 40 44 38 28.6914202 562.5587465094334 19.607211584089985 0.05
44 41 47 38 17.5064297 464.09811040461 26.510151890342893 0.05
46 42 50 38 14.8688123 624.363271928832 41.99146907845706 0.05
48 43 53 38 12.6945733 676.7549404763752 53.310570153340656 0.05
50 44 56 38 11.6095103 693.9650076224794 59.77556242165352 0.05
41 40 42 39 45.4252586 462.42043062739725 10.179808434318902 0.05
43 41 45 39 27.094937 486.59845622595344 17.959017813031025 0.05
45 42 48 39 19.1456192 560.1073244290487 29.255116722944578 0.05
47 43 51 39 14.7811598 654.204669929831 44.259359805434954 0.05
49 44 54 39 13.322392 682.7870488346933 51.251085303201805 0.05
42 41 43 40 52.1811283 511.46024310738034 9.801632501445553 0.05
44 42 46 40 24.1920781 446.68420235880814 18.464069126777833 0.05
46 43 49 40 19.7143816 659.4843037647078 33.451939662398935 0.05
48 44 52 40 17.2701365 744.0454422160758 43.082777152113174 0.05
50 45 55 40 14.0571142 694.2329514249609 49.386591127285634 0.05
43 42 44 41 56.5237625 544.3212478507116 9.629954266592067 0.05
45 43 47 41 27.6690002 555.3736998847111 20.07205521957064 0.05
47 44 50 41 21.7119686 750.9189901210266 34.5854861876056 0.05
49 45 53 41 16.2316926 651.3679679509861 40.129392787477144 0.05
51 46 56 41 15.0168138 719.7058959578417 47.92667109968705 0.05
44 43 45 42 40.9714545 395.33910447111197 9.649135216107886 0.05
46 44 48 42 32.909685 699.6809552276275 21.26063969398757 0.05
48 45 51 42 21.1199032 643.6391200637477 30.475476803499163 0.05
50 46 54 42 17.3996695 649.5248163630663 37.32972148482856 0.05
45 44 46 43 62.509954 596.353947820753 9.540143763675669 0.05
47 45 49 43 29.477238 616.9250924896843 20.92886356888947 0.05
49 46 52 43 21.5637828 577.3963923784437 26.77621072952208 0.05
51 47 55 43 20.092574 717.5386974848885 35.711636422734514 0.05
46 45 47 44 53.9172236 508.0544372036301 9.42285977061382 0.05
48 46 50 44 29.9176116 563.8445612783413 18.846576685898995 0.05
50 47 53 44 23.3296739 608.507652152117 26.082990047799896 0.05
52 48 56 44 18.7282832 672.8229754106137 35.9255019921214 0.05
47 46 48 45 59.3198805 583.0356129674918 9.828671400770807 0.05
49 47 51 45 30.8791173 525.9351787813525 17.0320664827214 0.05
51 48 54 45 27.7022072 773.9387899131104 27.937802368076664 0.05
48 47 49 46 69.8531436 656.5921861087844 9.399608267719886 0.05
50 48 52 46 39.202577 713.6729462407293 18.204745729872027 0.05
52 49 55 46 27.6536846 818.5906803353308 29.601504905257034 0.05
49 48 50 47 66.4595174 628.9089689993284 9.46303845714246 0.05
51 49 53 47 48.2999186 1013.9320266973358 20.992416883645344 0.05
53 50 56 47 27.3626336 804.6895571405669 29.408337256709345 0.05
50 49 51 48 87.9381514 843.3588038460304 9.590363117935981 0.05
52 50 54 48 45.0930413 913.1007447127953 20.249260604047908 0.05
51 50 52 49 133.384573 1323.1547918708666 9.919848765950368 0.05
53 51 55 49 44.1133289 797.7810877785737 18.08480809931743 0.05
52 51 53 50 110.208075 1028.903816626958 9.336011146433307 0.05
54 52 56 50 50.7173917 920.4146906624278 18.14791060444908 0.05
53 52 54 51 158.938329 1473.3001753710782 9.269634232602748 0.05
54 53 55 52 146.540148 1409.808427549597 9.620629204971166 0.05
55 54 56 53 122.888538 1157.8088180061159 9.421617645138848 0.05
