25
# x y z
2	2	99.79624659121
6	2	99.573544553149
10	2	99.307655844845
14	2	98.977407242179
18	2	98.571786533206
2	6	99.572682068965
6	6	99.306571306338
10	6	99.007847476532
14	6	98.660521299134
18	6	98.256276735746
2	10	99.331322441361
6	10	98.98902219931
10	10	98.632667309408
14	10	98.255367168441
18	10	97.853537967791
2	14	99.082293987704
6	14	98.649677353133
10	14	98.225005558007
14	14	97.812173736294
18	14	97.413207750496
2	18	98.837600583375
6	18	98.322653245972
10	18	97.835705061529
14	18	97.390483236551
18	18	96.994127302866
253
# a b m n err i ip iperr k r rhoa u valid 
1	2	3	4	3.00690799168655e-02	0.00000000000000e+00	0.00000000000000e+00	0.00000000000000e+00	-1.51100681811342e+02	0.00000000000000e+00	2.18733155260809e+03	0.00000000000000e+00	1
2	3	4	5	3.00749246500790e-02	0.00000000000000e+00	0.00000000000000e+00	0.00000000000000e+00	-1.51282202457429e+02	0.00000000000000e+00	2.01912457779717e+03	0.00000000000000e+00	1
3	4	5	6	3.00540758359783e-02	0.00000000000000e+00	0.00000000000000e+00	0.00000000000000e+00	-8.00186485453477e+01	0.00000000000000e+00	1.47974871026540e+03	0.00000000000000e+00	1
4	5	6	7	3.05195406962362e-02	0.00000000000000e+00	0.00000000000000e+00	0.00000000000000e+00	-8.75410935655816e+02	0.00000000000000e+00	1.68497086368338e+03	0.00000000000000e+00	1
5	6	7	8	3.00390287501313e-02	0.00000000000000e+00	0.00000000000000e+00	0.00000000000000e+00	-7.97793287834700e+01	0.00000000000000e+00	2.04411692701040e+03	0.00000000000000e+00	1
6	7	8	9	3.00501371486462e-02	0.00000000000000e+00	0.00000000000000e+00	0.00000000000000e+00	-1.51195632708276e+02	0.00000000000000e+00	3.01564083301256e+03	0.00000000000000e+00	1
7	8	9	10	3.00484537783846e-02	0.00000000000000e+00	0.00000000000000e+00	0.00000000000000e+00	-1.51346781466771e+02	0.00000000000000e+00	3.12352899015499e+03	0.00000000000000e+00	1
8	9	10	11	3.00412568778019e-02	0.00000000000000e+00	0.00000000000000e+00	0.00000000000000e+00	-8.00030020459552e+01	0.00000000000000e+00	1.93914339398195e+03	0.00000000000000e+00	1
9	10	11	12	3.04681327817641e-02	0.00000000000000e+00	0.00000000000000e+00	0.00000000000000e+00	-8.75043429200083e+02	0.00000000000000e+00	1.86922057861997e+03	0.00000000000000e+00	1
10	11	12	13	3.00338530373440e-02	0.00000000000000e+00	0.00000000000000e+00	0.00000000000000e+00	-7.98616051073484e+01	0.00000000000000e+00	2.35906764571413e+03	0.00000000000000e+00	1
11	12	13	14	3.00445530573692e-02	0.00000000000000e+00	0.00000000000000e+00	0.00000000000000e+00	-1.51386830026054e+02	0.00000000000000e+00	3.39789991900224e+03	0.00000000000000e+00	1
12	13	14	15	3.00432274509180e-02	0.00000000000000e+00	0.00000000000000e+00	0.00000000000000e+00	-1.51462606802508e+02	0.00000000000000e+00	3.50385238050817e+03	0.00000000000000e+00	1
13	14	15	16	3.00340548059101e-02	0.00000000000000e+00	0.00000000000000e+00	0.00000000000000e+00	-7.99799652625646e+01	0.00000000000000e+00	2.34856617517418e+03	0.00000000000000e+00	1
14	15	16	17	3.05296197243724e-02	0.00000000000000e+00	0.00000000000000e+00	0.00000000000000e+00	-8.74500435939271e+02	0.00000000000000e+00	1.65118555011447e+03	0.00000000000000e+00	1
15	16	17	18	3.00383851940265e-02	0.00000000000000e+00	0.00000000000000e+00	0.00000000000000e+00	-8.00013930217340e+01	0.00000000000000e+00	2.08417320924739e+03	0.00000000000000e+00	1
16	17	18	19	3.00472559320188e-02	0.00000000000000e+00	0.00000000000000e+00	0.00000000000000e+00	-1.51653939287636e+02	0.00000000000000e+00	3.20920427994795e+03	0.00000000000000e+00	1
17	18	19	20	3.00420915199297e-02	0.00000000000000e+00	0.00000000000000e+00	0.00000000000000e+00	-1.51604088138542e+02	0.00000000000000e+00	3.60177271792134e+03	0.00000000000000e+00	1
18	19	20	21	3.00470457940516e-02	0.00000000000000e+00	0.00000000000000e+00	0.00000000000000e+00	-7.99608375973652e+01	0.00000000000000e+00	1.69963838870677e+03	0.00000000000000e+00	1
19	20	21	22	3.06294224446638e-02	0.00000000000000e+00	0.00000000000000e+00	0.00000000000000e+00	-8.74071843442254e+02	0.00000000000000e+00	1.38868871113922e+03	0.00000000000000e+00	1
20	21	22	23	3.00555779648870e-02	0.00000000000000e+00	0.00000000000000e+00	0.00000000000000e+00	-8.01647926724150e+01	0.00000000000000e+00	1.44238445641781e+03	0.00000000000000e+00	1
21	22	23	24	3.00724228618973e-02	0.00000000000000e+00	0.00000000000000e+00	0.00000000000000e+00	-1.51935612076142e+02	0.00000000000000e+00	2.09789572098953e+03	0.00000000000000e+00	1
22	23	24	25	3.00611000612277e-02	0.00000000000000e+00	0.00000000000000e+00	0.00000000000000e+00	-1.51737106521975e+02	0.00000000000000e+00	2.48341987672277e+03	0.00000000000000e+00	1
1	2	4	5	3.03989467118287e-02	0.00000000000000e+00	0.00000000000000e+00	0.00000000000000e+00	-6.04569681090255e+02	0.00000000000000e+00	1.51541462346931e+03	0.00000000000000e+00	1
2	3	5	6	3.00897055319071e-02	0.00000000000000e+00	0.00000000000000e+00	0.00000000000000e+00	-1.18037740534750e+02	0.00000000000000e+00	1.31583569067998e+03	0.00000000000000e+00	1
3	4	6	7	3.01718758546856e-02	0.00000000000000e+00	0.00000000000000e+00	0.00000000000000e+00	-3.89509153984395e+02	0.00000000000000e+00	2.26622380843927e+03	0.00000000000000e+00	1
4	5	7	8	3.01675777956871e-02	0.00000000000000e+00	0.00000000000000e+00	0.00000000000000e+00	-3.89082861501371e+02	0.00000000000000e+00	2.32180438885760e+03	0.00000000000000e+00	1
5	6	8	9	3.00868109066845e-02	0.00000000000000e+00	0.00000000000000e+00	0.00000000000000e+00	-1.17785631741773e+02	0.00000000000000e+00	1.35680683729996e+03	0.00000000000000e+00	1
6	7	9	10	3.02955060487507e-02	0.00000000000000e+00	0.00000000000000e+00	0.00000000000000e+00	-6.04959308337816e+02	0.00000000000000e+00	2.04719771691787e+03	0.00000000000000e+00	1
7	8	10	11	3.00735213573608e-02	0.00000000000000e+00	0.00000000000000e+00	0.00000000000000e+00	-1.18006281438812e+02	0.00000000000000e+00	1.60506124580516e+03	0.00000000000000e+00	1
8	9	11	12	3.01427712816802e-02	0.00000000000000e+00	0.00000000000000e+00	0.00000000000000e+00	-3.89519305629696e+02	0.00000000000000e+00	2.72827490967162e+03	0.00000000000000e+00	1
9	10	12	13	3.01378028490319e-02	0.00000000000000e+00	0.00000000000000e+00	0.00000000000000e+00	-3.89480164119843e+02	0.00000000000000e+00	2.82635785004411e+03	0.00000000000000e+00	1
10	11	13	14	3.00717954860930e-02	0.00000000000000e+00	0.00000000000000e+00	0.00000000000000e+00	-1.17876495706667e+02	0.00000000000000e+00	1.64183714215560e+03	0.00000000000000e+00	1
11	12	14	15	3.02965184998761e-02	0.00000000000000e+00	0.00000000000000e+00	0.00000000000000e+00	-6.05679379781198e+02	0.00000000000000e+00	2.04263605823661e+03	0.00000000000000e+00	1
12	13	15	16	3.00754982237361e-02	0.00000000000000e+00	0.00000000000000e+00	0.00000000000000e+00	-1.17941694275153e+02	0.00000000000000e+00	1.56217839889141e+03	0.00000000000000e+00	1
13	14	16	17	3.01450166022172e-02	0.00000000000000e+00	0.00000000000000e+00	0.00000000000000e+00	-3.88991208181931e+02	0.00000000000000e+00	2.68239085893990e+03	0.00000000000000e+00	1
14	15	17	18	3.01410878244251e-02	0.00000000000000e+00	0.00000000000000e+00	0.00000000000000e+00	-3.89403568718595e+02	0.00000000000000e+00	2.76000831613389e+03	0.00000000000000e+00	1
15	16	18	19	3.00718998725497e-02	0.00000000000000e+00	0.00000000000000e+00	0.00000000000000e+00	-1.18003641029775e+02	0.00000000000000e+00	1.64122183872119e+03	0.00000000000000e+00	1
16	17	19	20	3.03225752888179e-02	0.00000000000000e+00	0.00000000000000e+00	0.00000000000000e+00	-6.06593693763264e+02	0.00000000000000e+00	1.88047167526734e+03	0.00000000000000e+00	1
17	18	20	21	3.00883533290815e-02	0.00000000000000e+00	0.00000000000000e+00	0.00000000000000e+00	-1.17869454679391e+02	0.00000000000000e+00	1.33406919586024e+03	0.00000000000000e+00	1
18	19	21	22	3.01751743327496e-02	0.00000000000000e+00	0.00000000000000e+00	0.00000000000000e+00	-3.88056623221514e+02	0.00000000000000e+00	2.21525960527736e+03	0.00000000000000e+00	1
19	20	22	23	3.01438667440130e-02	0.00000000000000e+00	0.00000000000000e+00	0.00000000000000e+00	-3.88741522231531e+02	0.00000000000000e+00	2.70209439226946e+03	0.00000000000000e+00	1
20	21	23	24	3.00904162136682e-02	0.00000000000000e+00	0.00000000000000e+00	0.00000000000000e+00	-1.18102473200411e+02	0.00000000000000e+00	1.30620901284167e+03	0.00000000000000e+00	1
21	22	24	25	3.04172571540628e-02	0.00000000000000e+00	0.00000000000000e+00	0.00000000000000e+00	-6.07485556187866e+02	0.00000000000000e+00	1.45590207447080e+03	0.00000000000000e+00	1
1	2	5	6	3.02232813570548e-02	0.00000000000000e+00	0.00000000000000e+00	0.00000000000000e+00	-1.34301156990794e+02	0.00000000000000e+00	6.01488448307116e+02	0.00000000000000e+00	1
2	3	6	7	3.01420565417095e-02	0.00000000000000e+00	0.00000000000000e+00	0.00000000000000e+00	-1.64396545110970e+03	0.00000000000000e+00	1.15726134912682e+04	0.00000000000000e+00	1
3	4	7	8	3.02044429183194e-02	0.00000000000000e+00	0.00000000000000e+00	0.00000000000000e+00	-1.68098892979350e+03	0.00000000000000e+00	8.22228983821821e+03	0.00000000000000e+00	1
4	5	8	9	3.01912115933710e-02	0.00000000000000e+00	0.00000000000000e+00	0.00000000000000e+00	-1.70767967603842e+03	0.00000000000000e+00	8.93083753935827e+03	0.00000000000000e+00	1
5	6	9	10	3.00823323080429e-02	0.00000000000000e+00	0.00000000000000e+00	0.00000000000000e+00	-1.34711729298112e+02	0.00000000000000e+00	1.63619522518332e+03	0.00000000000000e+00	1
6	7	10	11	3.00814962040787e-02	0.00000000000000e+00	0.00000000000000e+00	0.00000000000000e+00	-1.34391353143315e+02	0.00000000000000e+00	1.64905046391488e+03	0.00000000000000e+00	1
7	8	11	12	3.00864615406568e-02	0.00000000000000e+00	0.00000000000000e+00	0.00000000000000e+00	-1.69965675881922e+03	0.00000000000000e+00	1.96579513377513e+04	0.00000000000000e+00	1
8	9	12	13	3.00948432801523e-02	0.00000000000000e+00	0.00000000000000e+00	0.00000000000000e+00	-1.77410525092228e+03	0.00000000000000e+00	1.87056505012659e+04	0.00000000000000e+00	1
9	10	13	14	3.01019468806806e-02	0.00000000000000e+00	0.00000000000000e+00	0.00000000000000e+00	-1.82689972771465e+03	0.00000000000000e+00	1.79201140389882e+04	0.00000000000000e+00	1
10	11	14	15	3.00840977660968e-02	0.00000000000000e+00	0.00000000000000e+00	0.00000000000000e+00	-1.35501958538990e+02	0.00000000000000e+00	1.61124325684184e+03	0.00000000000000e+00	1
11	12	15	16	3.00825282364560e-02	0.00000000000000e+00	0.00000000000000e+00	0.00000000000000e+00	-1.34399365506910e+02	0.00000000000000e+00	1.62852583889408e+03	0.00000000000000e+00	1
12	13	16	17	3.01023888897172e-02	0.00000000000000e+00	0.00000000000000e+00	0.00000000000000e+00	-1.73642785104493e+03	0.00000000000000e+00	1.69591432804998e+04	0.00000000000000e+00	1
13	14	17	18	3.01072902772780e-02	0.00000000000000e+00	0.00000000000000e+00	0.00000000000000e+00	-1.83332417898745e+03	0.00000000000000e+00	1.70875145959160e+04	0.00000000000000e+00	1
14	15	18	19	3.01130774679090e-02	0.00000000000000e+00	0.00000000000000e+00	0.00000000000000e+00	-1.89301784555882e+03	0.00000000000000e+00	1.67408934827119e+04	0.00000000000000e+00	1
15	16	19	20	3.01751301034115e-02	0.00000000000000e+00	0.00000000000000e+00	0.00000000000000e+00	-1.35936105398121e+02	0.00000000000000e+00	7.76200680237577e+02	0.00000000000000e+00	1
16	17	20	21	3.00905639365402e-02	0.00000000000000e+00	0.00000000000000e+00	0.00000000000000e+00	-1.34263929452683e+02	0.00000000000000e+00	1.48253195015481e+03	0.00000000000000e+00	1
17	18	21	22	3.01099123762195e-02	0.00000000000000e+00	0.00000000000000e+00	0.00000000000000e+00	-1.72638410585460e+03	0.00000000000000e+00	1.57069127721066e+04	0.00000000000000e+00	1
18	19	22	23	3.01004801542536e-02	0.00000000000000e+00	0.00000000000000e+00	0.00000000000000e+00	-1.81637556533176e+03	0.00000000000000e+00	1.80769583687948e+04	0.00000000000000e+00	1
19	20	23	24	3.00827566934555e-02	0.00000000000000e+00	0.00000000000000e+00	0.00000000000000e+00	-1.86210354561656e+03	0.00000000000000e+00	2.25009418315767e+04	0.00000000000000e+00	1
20	21	24	25	3.00673654987275e-02	0.00000000000000e+00	0.00000000000000e+00	0.00000000000000e+00	-1.35827420201304e+02	0.00000000000000e+00	2.01627573115329e+03	0.00000000000000e+00	1
1	2	6	7	3.00455468234245e-02	0.00000000000000e+00	0.00000000000000e+00	0.00000000000000e+00	8.59752121223965e+01	0.00000000000000e+00	1.88762257514717e+03	0.00000000000000e+00	1
2	3	7	8	3.00337901491489e-02	0.00000000000000e+00	0.00000000000000e+00	0.00000000000000e+00	8.60287499869496e+01	0.00000000000000e+00	2.54597130092138e+03	0.00000000000000e+00	1
3	4	8	9	3.00360612513640e-02	0.00000000000000e+00	0.00000000000000e+00	0.00000000000000e+00	8.60023187168264e+01	0.00000000000000e+00	2.38489557249882e+03	0.00000000000000e+00	1
4	5	9	10	3.00398099450430e-02	0.00000000000000e+00	0.00000000000000e+00	0.00000000000000e+00	8.58741856042918e+01	0.00000000000000e+00	2.15710384707817e+03	0.00000000000000e+00	1
5	6	10	11	3.00207572146478e-02	0.00000000000000e+00	0.00000000000000e+00	0.00000000000000e+00	3.30115129340764e+01	0.00000000000000e+00	1.59036332640215e+03	0.00000000000000e+00	1
6	7	11	12	3.00300523594401e-02	0.00000000000000e+00	0.00000000000000e+00	0.00000000000000e+00	8.59851038721391e+01	0.00000000000000e+00	2.86117647579324e+03	0.00000000000000e+00	1
7	8	12	13	3.00243875563394e-02	0.00000000000000e+00	0.00000000000000e+00	0.00000000000000e+00	8.61806340814967e+01	0.00000000000000e+00	3.53379538654717e+03	0.00000000000000e+00	1
8	9	13	14	3.00252311679362e-02	0.00000000000000e+00	0.00000000000000e+00	0.00000000000000e+00	8.62901337657501e+01	0.00000000000000e+00	3.41998174574948e+03	0.00000000000000e+00	1
9	10	14	15	3.00300842113704e-02	0.00000000000000e+00	0.00000000000000e+00	0.00000000000000e+00	8.62540149830475e+01	0.00000000000000e+00	2.86708579198554e+03	0.00000000000000e+00	1
10	11	15	16	3.00208208948497e-02	0.00000000000000e+00	0.00000000000000e+00	0.00000000000000e+00	3.30504753411486e+01	0.00000000000000e+00	1.58737055154137e+03	0.00000000000000e+00	1
11	12	16	17	3.00324858825312e-02	0.00000000000000e+00	0.00000000000000e+00	0.00000000000000e+00	8.58567366735186e+01	0.00000000000000e+00	2.64289377365798e+03	0.00000000000000e+00	1
12	13	17	18	3.00293145036486e-02	0.00000000000000e+00	0.00000000000000e+00	0.00000000000000e+00	8.61554266968471e+01	0.00000000000000e+00	2.93900342743719e+03	0.00000000000000e+00	1
13	14	18	19	3.00263719467287e-02	0.00000000000000e+00	0.00000000000000e+00	0.00000000000000e+00	8.63827783554582e+01	0.00000000000000e+00	3.27555562143365e+03	0.00000000000000e+00	1
14	15	19	20	3.00352575929095e-02	0.00000000000000e+00	0.00000000000000e+00	0.00000000000000e+00	8.64506777569527e+01	0.00000000000000e+00	2.45197333745331e+03	0.00000000000000e+00	1
15	16	20	21	3.00246621625286e-02	0.00000000000000e+00	0.00000000000000e+00	0.00000000000000e+00	3.30617010503595e+01	0.00000000000000e+00	1.34058402266981e+03	0.00000000000000e+00	1
16	17	21	22	3.00367106548136e-02	0.00000000000000e+00	0.00000000000000e+00	0.00000000000000e+00	8.55896964297104e+01	0.00000000000000e+00	2.33146744083871e+03	0.00000000000000e+00	1
17	18	22	23	3.00294237562704e-02	0.00000000000000e+00	0.00000000000000e+00	0.00000000000000e+00	8.59120338097773e+01	0.00000000000000e+00	2.91981870092425e+03	0.00000000000000e+00	1
18	19	23	24	3.00266280830930e-02	0.00000000000000e+00	0.00000000000000e+00	0.00000000000000e+00	8.61952080535971e+01	0.00000000000000e+00	3.23700387115448e+03	0.00000000000000e+00	1
19	20	24	25	3.00261684826737e-02	0.00000000000000e+00	0.00000000000000e+00	0.00000000000000e+00	8.63481169009645e+01	0.00000000000000e+00	3.29969903022456e+03	0.00000000000000e+00	1
1	2	7	8	3.01007647905658e-02	0.00000000000000e+00	0.00000000000000e+00	0.00000000000000e+00	-1.42846535214187e+03	0.00000000000000e+00	1.41762350134493e+04	0.00000000000000e+00	1
2	3	8	9	3.02107534949102e-02	0.00000000000000e+00	0.00000000000000e+00	0.00000000000000e+00	-1.39727066009153e+03	0.00000000000000e+00	6.62988132503603e+03	0.00000000000000e+00	1
3	4	9	10	3.01778043914762e-02	0.00000000000000e+00	0.00000000000000e+00	0.00000000000000e+00	-1.35600695430840e+03	0.00000000000000e+00	7.62639743062636e+03	0.00000000000000e+00	1
4	5	10	11	3.00873397183458e-02	0.00000000000000e+00	0.00000000000000e+00	0.00000000000000e+00	-1.43875482137599e+02	0.00000000000000e+00	1.64730874867172e+03	0.00000000000000e+00	1
5	6	11	12	3.00889529004561e-02	0.00000000000000e+00	0.00000000000000e+00	0.00000000000000e+00	-1.44162201742802e+02	0.00000000000000e+00	1.62065768517518e+03	0.00000000000000e+00	1
6	7	12	13	3.00876196981195e-02	0.00000000000000e+00	0.00000000000000e+00	0.00000000000000e+00	-1.39221395097787e+03	0.00000000000000e+00	1.58892803885227e+04	0.00000000000000e+00	1
7	8	13	14	3.01045135271263e-02	0.00000000000000e+00	0.00000000000000e+00	0.00000000000000e+00	-1.36949327922406e+03	0.00000000000000e+00	1.31035026458239e+04	0.00000000000000e+00	1
8	9	14	15	3.00964957615419e-02	0.00000000000000e+00	0.00000000000000e+00	0.00000000000000e+00	-1.34099112806021e+03	0.00000000000000e+00	1.38968914969109e+04	0.00000000000000e+00	1
9	10	15	16	3.00842982687302e-02	0.00000000000000e+00	0.00000000000000e+00	0.00000000000000e+00	-1.44090558217160e+02	0.00000000000000e+00	1.70929439462618e+03	0.00000000000000e+00	1
10	11	16	17	3.00903237745902e-02	0.00000000000000e+00	0.00000000000000e+00	0.00000000000000e+00	-1.43635966487668e+02	0.00000000000000e+00	1.59023432246207e+03	0.00000000000000e+00	1
11	12	17	18	3.01224693322059e-02	0.00000000000000e+00	0.00000000000000e+00	0.00000000000000e+00	-1.34145785107292e+03	0.00000000000000e+00	1.09534185163847e+04	0.00000000000000e+00	1
12	13	18	19	3.01276555753271e-02	0.00000000000000e+00	0.00000000000000e+00	0.00000000000000e+00	-1.33324270023114e+03	0.00000000000000e+00	1.04440616621305e+04	0.00000000000000e+00	1
13	14	19	20	3.00854434275212e-02	0.00000000000000e+00	0.00000000000000e+00	0.00000000000000e+00	-1.32835174443621e+03	0.00000000000000e+00	1.55465643522608e+04	0.00000000000000e+00	1
14	15	20	21	3.01121832278373e-02	0.00000000000000e+00	0.00000000000000e+00	0.00000000000000e+00	-1.44239521238410e+02	0.00000000000000e+00	1.28574942992032e+03	0.00000000000000e+00	1
15	16	21	22	3.00924200868893e-02	0.00000000000000e+00	0.00000000000000e+00	0.00000000000000e+00	-1.43089974008560e+02	0.00000000000000e+00	1.54825621598778e+03	0.00000000000000e+00	1
16	17	22	23	3.01120432260307e-02	0.00000000000000e+00	0.00000000000000e+00	0.00000000000000e+00	-1.29270436810659e+03	0.00000000000000e+00	1.15375504071281e+04	0.00000000000000e+00	1
17	18	23	24	3.01028473201598e-02	0.00000000000000e+00	0.00000000000000e+00	0.00000000000000e+00	-1.29880650779380e+03	0.00000000000000e+00	1.26284914937612e+04	0.00000000000000e+00	1
18	19	24	25	3.00739490939244e-02	0.00000000000000e+00	0.00000000000000e+00	0.00000000000000e+00	-1.31738304431657e+03	0.00000000000000e+00	1.78147286789391e+04	0.00000000000000e+00	1
1	2	8	9	3.01603555822605e-02	0.00000000000000e+00	0.00000000000000e+00	0.00000000000000e+00	-3.92202713292652e+02	0.00000000000000e+00	2.44583136903582e+03	0.00000000000000e+00	1
2	3	9	10	3.01685681593266e-02	0.00000000000000e+00	0.00000000000000e+00	0.00000000000000e+00	-3.92741806816426e+02	0.00000000000000e+00	2.32986946280509e+03	0.00000000000000e+00	1
3	4	10	11	3.01157064032486e-02	0.00000000000000e+00	0.00000000000000e+00	0.00000000000000e+00	-1.50678604981879e+02	0.00000000000000e+00	1.30224949312594e+03	0.00000000000000e+00	1
4	5	11	12	3.15360525220966e-02	0.00000000000000e+00	0.00000000000000e+00	0.00000000000000e+00	-2.23902473324175e+03	0.00000000000000e+00	1.45764855109621e+03	0.00000000000000e+00	1
5	6	12	13	3.00924822885656e-02	0.00000000000000e+00	0.00000000000000e+00	0.00000000000000e+00	-1.50065905554045e+02	0.00000000000000e+00	1.62264480995773e+03	0.00000000000000e+00	1
6	7	13	14	3.01324014569625e-02	0.00000000000000e+00	0.00000000000000e+00	0.00000000000000e+00	-3.93499351802345e+02	0.00000000000000e+00	2.97201678010051e+03	0.00000000000000e+00	1
7	8	14	15	3.01292339854729e-02	0.00000000000000e+00	0.00000000000000e+00	0.00000000000000e+00	-3.94566595455698e+02	0.00000000000000e+00	3.05311790866727e+03	0.00000000000000e+00	1
8	9	15	16	3.00985146118945e-02	0.00000000000000e+00	0.00000000000000e+00	0.00000000000000e+00	-1.51023431146115e+02	0.00000000000000e+00	1.53300539119902e+03	0.00000000000000e+00	1
9	10	16	17	3.13695568275668e-02	0.00000000000000e+00	0.00000000000000e+00	0.00000000000000e+00	-2.24048049420890e+03	0.00000000000000e+00	1.63591641406322e+03	0.00000000000000e+00	1
10	11	17	18	3.00943550950001e-02	0.00000000000000e+00	0.00000000000000e+00	0.00000000000000e+00	-1.50254464405911e+02	0.00000000000000e+00	1.59243615202423e+03	0.00000000000000e+00	1
11	12	18	19	3.01456467863431e-02	0.00000000000000e+00	0.00000000000000e+00	0.00000000000000e+00	-3.94288129199059e+02	0.00000000000000e+00	2.70715296299160e+03	0.00000000000000e+00	1
12	13	19	20	3.01225489931144e-02	0.00000000000000e+00	0.00000000000000e+00	0.00000000000000e+00	-3.95568573592292e+02	0.00000000000000e+00	3.22784025832972e+03	0.00000000000000e+00	1
13	14	20	21	3.01280004877455e-02	0.00000000000000e+00	0.00000000000000e+00	0.00000000000000e+00	-1.51088150220331e+02	0.00000000000000e+00	1.18037167577585e+03	0.00000000000000e+00	1
14	15	21	22	3.17181711976542e-02	0.00000000000000e+00	0.00000000000000e+00	0.00000000000000e+00	-2.23600088180689e+03	0.00000000000000e+00	1.30138421879012e+03	0.00000000000000e+00	1
15	16	22	23	3.01068170030247e-02	0.00000000000000e+00	0.00000000000000e+00	0.00000000000000e+00	-1.50375122800982e+02	0.00000000000000e+00	1.40778264267687e+03	0.00000000000000e+00	1
16	17	23	24	3.01708523366643e-02	0.00000000000000e+00	0.00000000000000e+00	0.00000000000000e+00	-3.94092395540470e+02	0.00000000000000e+00	2.30662572859561e+03	0.00000000000000e+00	1
17	18	24	25	3.01385279928048e-02	0.00000000000000e+00	0.00000000000000e+00	0.00000000000000e+00	-3.95181827210710e+02	0.00000000000000e+00	2.85272181607067e+03	0.00000000000000e+00	1
1	2	9	10	3.05141246665610e-02	0.00000000000000e+00	0.00000000000000e+00	0.00000000000000e+00	-8.83540641535311e+02	0.00000000000000e+00	1.71853384791937e+03	0.00000000000000e+00	1
2	3	10	11	3.01887307735731e-02	0.00000000000000e+00	0.00000000000000e+00	0.00000000000000e+00	-2.25245292435948e+02	0.00000000000000e+00	1.19347411220491e+03	0.00000000000000e+00	1
3	4	11	12	3.11867475920615e-02	0.00000000000000e+00	0.00000000000000e+00	0.00000000000000e+00	-2.94248635297421e+03	0.00000000000000e+00	2.47945424339365e+03	0.00000000000000e+00	1
4	5	12	13	3.10755672175710e-02	0.00000000000000e+00	0.00000000000000e+00	0.00000000000000e+00	-2.95574323215214e+03	0.00000000000000e+00	2.74807858018137e+03	0.00000000000000e+00	1
5	6	13	14	3.01890997386421e-02	0.00000000000000e+00	0.00000000000000e+00	0.00000000000000e+00	-2.24744122868348e+02	0.00000000000000e+00	1.18849515331011e+03	0.00000000000000e+00	1
6	7	14	15	3.04184209441581e-02	0.00000000000000e+00	0.00000000000000e+00	0.00000000000000e+00	-8.86698424308503e+02	0.00000000000000e+00	2.11915401628032e+03	0.00000000000000e+00	1
7	8	15	16	3.01769114996952e-02	0.00000000000000e+00	0.00000000000000e+00	0.00000000000000e+00	-2.25472236809293e+02	0.00000000000000e+00	1.27449169329146e+03	0.00000000000000e+00	1
8	9	16	17	3.10189518481331e-02	0.00000000000000e+00	0.00000000000000e+00	0.00000000000000e+00	-2.96032251228631e+03	0.00000000000000e+00	2.90526242011360e+03	0.00000000000000e+00	1
9	10	17	18	3.08795264037550e-02	0.00000000000000e+00	0.00000000000000e+00	0.00000000000000e+00	-2.98885926383367e+03	0.00000000000000e+00	3.39825984879270e+03	0.00000000000000e+00	1
10	11	18	19	3.01813801828150e-02	0.00000000000000e+00	0.00000000000000e+00	0.00000000000000e+00	-2.25400727504576e+02	0.00000000000000e+00	1.24269765310866e+03	0.00000000000000e+00	1
11	12	19	20	3.04195086436325e-02	0.00000000000000e+00	0.00000000000000e+00	0.00000000000000e+00	-8.89311417753963e+02	0.00000000000000e+00	2.11988818645880e+03	0.00000000000000e+00	1
12	13	20	21	3.01953313899869e-02	0.00000000000000e+00	0.00000000000000e+00	0.00000000000000e+00	-2.25405568997177e+02	0.00000000000000e+00	1.15396490554983e+03	0.00000000000000e+00	1
13	14	21	22	3.13371879160285e-02	0.00000000000000e+00	0.00000000000000e+00	0.00000000000000e+00	-2.95356546479506e+03	0.00000000000000e+00	2.20878862977407e+03	0.00000000000000e+00	1
14	15	22	23	3.11679703420608e-02	0.00000000000000e+00	0.00000000000000e+00	0.00000000000000e+00	-2.98897363957050e+03	0.00000000000000e+00	2.55911775490517e+03	0.00000000000000e+00	1
15	16	23	24	3.01976918446978e-02	0.00000000000000e+00	0.00000000000000e+00	0.00000000000000e+00	-2.25818366242627e+02	0.00000000000000e+00	1.14227456670150e+03	0.00000000000000e+00	1
16	17	24	25	3.05532401056363e-02	0.00000000000000e+00	0.00000000000000e+00	0.00000000000000e+00	-8.90245079017594e+02	0.00000000000000e+00	1.60914776414053e+03	0.00000000000000e+00	1
1	2	10	11	3.04499414037087e-02	0.00000000000000e+00	0.00000000000000e+00	0.00000000000000e+00	-4.01537402373632e+02	0.00000000000000e+00	8.92421544369704e+02	0.00000000000000e+00	1
2	3	11	12	3.21378819053730e-02	0.00000000000000e+00	0.00000000000000e+00	0.00000000000000e+00	1.20354004566246e+03	0.00000000000000e+00	5.62959087046706e+02	0.00000000000000e+00	1
3	4	12	13	3.13315672573344e-02	0.00000000000000e+00	0.00000000000000e+00	0.00000000000000e+00	1.19573602336237e+03	0.00000000000000e+00	8.97991458393215e+02	0.00000000000000e+00	1
4	5	13	14	3.14115521657750e-02	0.00000000000000e+00	0.00000000000000e+00	0.00000000000000e+00	1.18830587978015e+03	0.00000000000000e+00	8.41843403731168e+02	0.00000000000000e+00	1
5	6	14	15	3.03666727789244e-02	0.00000000000000e+00	0.00000000000000e+00	0.00000000000000e+00	-4.04080682615858e+02	0.00000000000000e+00	1.10201985487222e+03	0.00000000000000e+00	1
6	7	15	16	3.02893600651621e-02	0.00000000000000e+00	0.00000000000000e+00	0.00000000000000e+00	-4.02263701144761e+02	0.00000000000000e+00	1.39018389050803e+03	0.00000000000000e+00	1
7	8	16	17	3.20249224082586e-02	0.00000000000000e+00	0.00000000000000e+00	0.00000000000000e+00	1.19485651103936e+03	0.00000000000000e+00	5.90075207902371e+02	0.00000000000000e+00	1
8	9	17	18	3.15105081179747e-02	0.00000000000000e+00	0.00000000000000e+00	0.00000000000000e+00	1.18629268026613e+03	0.00000000000000e+00	7.85360016374293e+02	0.00000000000000e+00	1
9	10	18	19	3.13875207075859e-02	0.00000000000000e+00	0.00000000000000e+00	0.00000000000000e+00	1.18016052966684e+03	0.00000000000000e+00	8.50553453519367e+02	0.00000000000000e+00	1
10	11	19	20	3.04973459933208e-02	0.00000000000000e+00	0.00000000000000e+00	0.00000000000000e+00	-4.06425756116719e+02	0.00000000000000e+00	8.17189163228146e+02	0.00000000000000e+00	1
11	12	20	21	3.03481623563769e-02	0.00000000000000e+00	0.00000000000000e+00	0.00000000000000e+00	-4.02687824816520e+02	0.00000000000000e+00	1.15660931585772e+03	0.00000000000000e+00	1
12	13	21	22	3.16026462426037e-02	0.00000000000000e+00	0.00000000000000e+00	0.00000000000000e+00	1.18737274954586e+03	0.00000000000000e+00	7.40882621492818e+02	0.00000000000000e+00	1
13	14	22	23	3.16485871035456e-02	0.00000000000000e+00	0.00000000000000e+00	0.00000000000000e+00	1.18017582756892e+03	0.00000000000000e+00	7.15871078349881e+02	0.00000000000000e+00	1
14	15	23	24	3.19699554960731e-02	0.00000000000000e+00	0.00000000000000e+00	0.00000000000000e+00	1.17745437321761e+03	0.00000000000000e+00	5.97706077911287e+02	0.00000000000000e+00	1
15	16	24	25	3.03210570328827e-02	0.00000000000000e+00	0.00000000000000e+00	0.00000000000000e+00	-4.07401803301289e+02	0.00000000000000e+00	1.26893904065384e+03	0.00000000000000e+00	1
1	2	11	12	3.03048917151936e-02	0.00000000000000e+00	0.00000000000000e+00	0.00000000000000e+00	4.76976196506534e+02	0.00000000000000e+00	1.56441179847643e+03	0.00000000000000e+00	1
2	3	12	13	3.03062709428183e-02	0.00000000000000e+00	0.00000000000000e+00	0.00000000000000e+00	4.77722427229329e+02	0.00000000000000e+00	1.55980329976247e+03	0.00000000000000e+00	1
3	4	13	14	3.03372883457348e-02	0.00000000000000e+00	0.00000000000000e+00	0.00000000000000e+00	4.77891084722272e+02	0.00000000000000e+00	1.41686213225415e+03	0.00000000000000e+00	1
4	5	14	15	3.02948864693234e-02	0.00000000000000e+00	0.00000000000000e+00	0.00000000000000e+00	4.77251217101249e+02	0.00000000000000e+00	1.61842358585050e+03	0.00000000000000e+00	1
5	6	15	16	3.00778627313615e-02	0.00000000000000e+00	0.00000000000000e+00	0.00000000000000e+00	9.03993730864406e+01	0.00000000000000e+00	1.16100952927957e+03	0.00000000000000e+00	1
6	7	16	17	3.02705305661299e-02	0.00000000000000e+00	0.00000000000000e+00	0.00000000000000e+00	4.76584785885530e+02	0.00000000000000e+00	1.76166705560633e+03	0.00000000000000e+00	1
7	8	17	18	3.02696427970055e-02	0.00000000000000e+00	0.00000000000000e+00	0.00000000000000e+00	4.78174177697834e+02	0.00000000000000e+00	1.77336158431898e+03	0.00000000000000e+00	1
8	9	18	19	3.03013904178309e-02	0.00000000000000e+00	0.00000000000000e+00	0.00000000000000e+00	4.79225251969831e+02	0.00000000000000e+00	1.59004806927424e+03	0.00000000000000e+00	1
9	10	19	20	3.02549857342431e-02	0.00000000000000e+00	0.00000000000000e+00	0.00000000000000e+00	4.79282502625344e+02	0.00000000000000e+00	1.87964438107928e+03	0.00000000000000e+00	1
10	11	20	21	3.00793409457446e-02	0.00000000000000e+00	0.00000000000000e+00	0.00000000000000e+00	9.04685914480491e+01	0.00000000000000e+00	1.14025098388965e+03	0.00000000000000e+00	1
11	12	21	22	3.03212768020691e-02	0.00000000000000e+00	0.00000000000000e+00	0.00000000000000e+00	4.75156708156180e+02	0.00000000000000e+00	1.47896363850747e+03	0.00000000000000e+00	1
12	13	22	23	3.02979779409893e-02	0.00000000000000e+00	0.00000000000000e+00	0.00000000000000e+00	4.77202977218638e+02	0.00000000000000e+00	1.60147081906208e+03	0.00000000000000e+00	1
13	14	23	24	3.03259509668912e-02	0.00000000000000e+00	0.00000000000000e+00	0.00000000000000e+00	4.78878330210875e+02	0.00000000000000e+00	1.46917290897518e+03	0.00000000000000e+00	1
14	15	24	25	3.02420193918736e-02	0.00000000000000e+00	0.00000000000000e+00	0.00000000000000e+00	4.79615592376683e+02	0.00000000000000e+00	1.98172381421028e+03	0.00000000000000e+00	1
1	2	12	13	3.27140119991045e-02	0.00000000000000e+00	0.00000000000000e+00	0.00000000000000e+00	1.26288056393904e+03	0.00000000000000e+00	4.65318710586291e+02	0.00000000000000e+00	1
2	3	13	14	3.11993410500039e-02	0.00000000000000e+00	0.00000000000000e+00	0.00000000000000e+00	1.27219850602166e+03	0.00000000000000e+00	1.06074790487455e+03	0.00000000000000e+00	1
3	4	14	15	3.19536333327960e-02	0.00000000000000e+00	0.00000000000000e+00	0.00000000000000e+00	1.28102504897468e+03	0.00000000000000e+00	6.55714164715503e+02	0.00000000000000e+00	1
4	5	15	16	3.04574088429214e-02	0.00000000000000e+00	0.00000000000000e+00	0.00000000000000e+00	-5.58077068438129e+02	0.00000000000000e+00	1.22008368896788e+03	0.00000000000000e+00	1
5	6	16	17	3.04655523743874e-02	0.00000000000000e+00	0.00000000000000e+00	0.00000000000000e+00	-5.58444879451579e+02	0.00000000000000e+00	1.19953180388450e+03	0.00000000000000e+00	1
6	7	17	18	3.10001854867238e-02	0.00000000000000e+00	0.00000000000000e+00	0.00000000000000e+00	1.27433059375756e+03	0.00000000000000e+00	1.27409426618635e+03	0.00000000000000e+00	1
7	8	18	19	3.09798432501191e-02	0.00000000000000e+00	0.00000000000000e+00	0.00000000000000e+00	1.28470267512352e+03	0.00000000000000e+00	1.31113081094075e+03	0.00000000000000e+00	1
8	9	19	20	3.43461188746331e-02	0.00000000000000e+00	0.00000000000000e+00	0.00000000000000e+00	1.29213047750720e+03	0.00000000000000e+00	2.97306749948546e+02	0.00000000000000e+00	1
9	10	20	21	3.04607389215870e-02	0.00000000000000e+00	0.00000000000000e+00	0.00000000000000e+00	-5.57718552954238e+02	0.00000000000000e+00	1.21048716924796e+03	0.00000000000000e+00	1
10	11	21	22	3.04589454371213e-02	0.00000000000000e+00	0.00000000000000e+00	0.00000000000000e+00	-5.55592503003639e+02	0.00000000000000e+00	1.21058508934870e+03	0.00000000000000e+00	1
11	12	22	23	3.13315697066953e-02	0.00000000000000e+00	0.00000000000000e+00	0.00000000000000e+00	1.28332383519522e+03	0.00000000000000e+00	9.63767671149680e+02	0.00000000000000e+00	1
12	13	23	24	3.11060531411933e-02	0.00000000000000e+00	0.00000000000000e+00	0.00000000000000e+00	1.29221750300227e+03	0.00000000000000e+00	1.16831412061097e+03	0.00000000000000e+00	1
13	14	24	25	3.19827417049461e-02	0.00000000000000e+00	0.00000000000000e+00	0.00000000000000e+00	1.29559588066715e+03	0.00000000000000e+00	6.53436540642267e+02	0.00000000000000e+00	1
1	2	13	14	3.09194347624118e-02	0.00000000000000e+00	0.00000000000000e+00	0.00000000000000e+00	-2.84696444051343e+03	0.00000000000000e+00	3.09642897669601e+03	0.00000000000000e+00	1
2	3	14	15	3.10989870722381e-02	0.00000000000000e+00	0.00000000000000e+00	0.00000000000000e+00	-2.84085824033983e+03	0.00000000000000e+00	2.58497876099169e+03	0.00000000000000e+00	1
3	4	15	16	3.03517639825436e-02	0.00000000000000e+00	0.00000000000000e+00	0.00000000000000e+00	-3.73145362707571e+02	0.00000000000000e+00	1.06078331274658e+03	0.00000000000000e+00	1
4	5	16	17	3.70615351372840e-02	0.00000000000000e+00	0.00000000000000e+00	0.00000000000000e+00	-8.65514639283756e+03	0.00000000000000e+00	1.22567490277568e+03	0.00000000000000e+00	1
5	6	17	18	3.02777391353496e-02	0.00000000000000e+00	0.00000000000000e+00	0.00000000000000e+00	-3.71283028919686e+02	0.00000000000000e+00	1.33680487070140e+03	0.00000000000000e+00	1
6	7	18	19	3.10132630488069e-02	0.00000000000000e+00	0.00000000000000e+00	0.00000000000000e+00	-2.84031512043932e+03	0.00000000000000e+00	2.80313697788917e+03	0.00000000000000e+00	1
7	8	19	20	3.07865312086368e-02	0.00000000000000e+00	0.00000000000000e+00	0.00000000000000e+00	-2.84781253752899e+03	0.00000000000000e+00	3.62072414451880e+03	0.00000000000000e+00	1
8	9	20	21	3.03996688325376e-02	0.00000000000000e+00	0.00000000000000e+00	0.00000000000000e+00	-3.73694146429359e+02	0.00000000000000e+00	9.35009477863539e+02	0.00000000000000e+00	1
9	10	21	22	3.84102150044198e-02	0.00000000000000e+00	0.00000000000000e+00	0.00000000000000e+00	-8.67940418217011e+03	0.00000000000000e+00	1.03200740737411e+03	0.00000000000000e+00	1
10	11	22	23	3.03299949848031e-02	0.00000000000000e+00	0.00000000000000e+00	0.00000000000000e+00	-3.71077798554823e+02	0.00000000000000e+00	1.12449526703026e+03	0.00000000000000e+00	1
11	12	23	24	3.11934855459545e-02	0.00000000000000e+00	0.00000000000000e+00	0.00000000000000e+00	-2.81994813276947e+03	0.00000000000000e+00	2.36278364855618e+03	0.00000000000000e+00	1
12	13	24	25	3.09579934253282e-02	0.00000000000000e+00	0.00000000000000e+00	0.00000000000000e+00	-2.83844683472393e+03	0.00000000000000e+00	2.96290847064163e+03	0.00000000000000e+00	1
1	2	14	15	3.12125516518687e-02	0.00000000000000e+00	0.00000000000000e+00	0.00000000000000e+00	-2.25504633306469e+03	0.00000000000000e+00	1.85975280276869e+03	0.00000000000000e+00	1
2	3	15	16	3.04178002209490e-02	0.00000000000000e+00	0.00000000000000e+00	0.00000000000000e+00	-4.41014569971554e+02	0.00000000000000e+00	1.05556327607933e+03	0.00000000000000e+00	1
3	4	16	17	1.44503958610092e-01	0.00000000000000e+00	0.00000000000000e+00	0.00000000000000e+00	1.61913891493690e+04	0.00000000000000e+00	1.41404623437551e+02	0.00000000000000e+00	1
4	5	17	18	7.08709557332733e-02	0.00000000000000e+00	0.00000000000000e+00	0.00000000000000e+00	1.57705972225632e+04	0.00000000000000e+00	3.85863186696275e+02	0.00000000000000e+00	1
5	6	18	19	3.03737143860710e-02	0.00000000000000e+00	0.00000000000000e+00	0.00000000000000e+00	-4.40200886107786e+02	0.00000000000000e+00	1.17790725354672e+03	0.00000000000000e+00	1
6	7	19	20	3.10170547932062e-02	0.00000000000000e+00	0.00000000000000e+00	0.00000000000000e+00	-2.26435213546963e+03	0.00000000000000e+00	2.22638165671631e+03	0.00000000000000e+00	1
7	8	20	21	3.04327131191510e-02	0.00000000000000e+00	0.00000000000000e+00	0.00000000000000e+00	-4.41638129630215e+02	0.00000000000000e+00	1.02062569883891e+03	0.00000000000000e+00	1
8	9	21	22	4.78719941030588e-01	0.00000000000000e+00	0.00000000000000e+00	0.00000000000000e+00	1.59123842203804e+04	0.00000000000000e+00	3.54617273835300e+01	0.00000000000000e+00	1
9	10	22	23	7.90866915485970e-02	0.00000000000000e+00	0.00000000000000e+00	0.00000000000000e+00	1.54344294575905e+04	0.00000000000000e+00	3.14432058276123e+02	0.00000000000000e+00	1
10	11	23	24	3.04237243390735e-02	0.00000000000000e+00	0.00000000000000e+00	0.00000000000000e+00	-4.41223181747870e+02	0.00000000000000e+00	1.04129770480645e+03	0.00000000000000e+00	1
11	12	24	25	3.13337023024164e-02	0.00000000000000e+00	0.00000000000000e+00	0.00000000000000e+00	-2.26588931302115e+03	0.00000000000000e+00	1.69894684062244e+03	0.00000000000000e+00	1
1	2	15	16	3.06453453009201e-02	0.00000000000000e+00	0.00000000000000e+00	0.00000000000000e+00	-7.19237899215276e+02	0.00000000000000e+00	1.11450086982865e+03	0.00000000000000e+00	1
2	3	16	17	3.24383237589433e-02	0.00000000000000e+00	0.00000000000000e+00	0.00000000000000e+00	2.27111330898129e+03	0.00000000000000e+00	9.31424016458546e+02	0.00000000000000e+00	1
3	4	17	18	3.25511862124144e-02	0.00000000000000e+00	0.00000000000000e+00	0.00000000000000e+00	2.26262759795360e+03	0.00000000000000e+00	8.86892374591623e+02	0.00000000000000e+00	1
4	5	18	19	3.20978819213300e-02	0.00000000000000e+00	0.00000000000000e+00	0.00000000000000e+00	2.25460484274273e+03	0.00000000000000e+00	1.07470531101833e+03	0.00000000000000e+00	1
5	6	19	20	3.06240690511900e-02	0.00000000000000e+00	0.00000000000000e+00	0.00000000000000e+00	-7.23488155274317e+02	0.00000000000000e+00	1.15930785847287e+03	0.00000000000000e+00	1
6	7	20	21	3.05576034323321e-02	0.00000000000000e+00	0.00000000000000e+00	0.00000000000000e+00	-7.20880542726885e+02	0.00000000000000e+00	1.29281941417012e+03	0.00000000000000e+00	1
7	8	21	22	3.23272783758260e-02	0.00000000000000e+00	0.00000000000000e+00	0.00000000000000e+00	2.26069013914108e+03	0.00000000000000e+00	9.71387936494154e+02	0.00000000000000e+00	1
8	9	22	23	3.27326580417247e-02	0.00000000000000e+00	0.00000000000000e+00	0.00000000000000e+00	2.25381072190498e+03	0.00000000000000e+00	8.24768663876608e+02	0.00000000000000e+00	1
9	10	23	24	3.22148383159620e-02	0.00000000000000e+00	0.00000000000000e+00	0.00000000000000e+00	2.24986230840066e+03	0.00000000000000e+00	1.01581334049813e+03	0.00000000000000e+00	1
10	11	24	25	3.04896648814701e-02	0.00000000000000e+00	0.00000000000000e+00	0.00000000000000e+00	-7.26388704503685e+02	0.00000000000000e+00	1.48344047529576e+03	0.00000000000000e+00	1
1	2	16	17	3.10371105189377e-02	0.00000000000000e+00	0.00000000000000e+00	0.00000000000000e+00	1.47074723850411e+03	0.00000000000000e+00	1.41812006690536e+03	0.00000000000000e+00	1
2	3	17	18	3.11242911436607e-02	0.00000000000000e+00	0.00000000000000e+00	0.00000000000000e+00	1.47421446115535e+03	0.00000000000000e+00	1.31123905891077e+03	0.00000000000000e+00	1
3	4	18	19	3.13812821974775e-02	0.00000000000000e+00	0.00000000000000e+00	0.00000000000000e+00	1.47597166336380e+03	0.00000000000000e+00	1.06855186149452e+03	0.00000000000000e+00	1
4	5	19	20	3.09038015704636e-02	0.00000000000000e+00	0.00000000000000e+00	0.00000000000000e+00	1.47511701128156e+03	0.00000000000000e+00	1.63212485958053e+03	0.00000000000000e+00	1
5	6	20	21	3.01607787063982e-02	0.00000000000000e+00	0.00000000000000e+00	0.00000000000000e+00	1.89051699459362e+02	0.00000000000000e+00	1.17585035788959e+03	0.00000000000000e+00	1
6	7	21	22	3.09940379527289e-02	0.00000000000000e+00	0.00000000000000e+00	0.00000000000000e+00	1.46841937177855e+03	0.00000000000000e+00	1.47722666699725e+03	0.00000000000000e+00	1
7	8	22	23	3.12457518014372e-02	0.00000000000000e+00	0.00000000000000e+00	0.00000000000000e+00	1.47383353676253e+03	0.00000000000000e+00	1.18308762231946e+03	0.00000000000000e+00	1
8	9	23	24	3.13455539862636e-02	0.00000000000000e+00	0.00000000000000e+00	0.00000000000000e+00	1.47781566565594e+03	0.00000000000000e+00	1.09829533466706e+03	0.00000000000000e+00	1
9	10	24	25	3.08216773562066e-02	0.00000000000000e+00	0.00000000000000e+00	0.00000000000000e+00	1.47896549940182e+03	0.00000000000000e+00	1.79993459504551e+03	0.00000000000000e+00	1
1	2	17	18	3.21745961624693e-02	0.00000000000000e+00	0.00000000000000e+00	0.00000000000000e+00	2.35742025894714e+03	0.00000000000000e+00	1.08407266582788e+03	0.00000000000000e+00	1
2	3	18	19	3.21501647037996e-02	0.00000000000000e+00	0.00000000000000e+00	0.00000000000000e+00	2.37042075189010e+03	0.00000000000000e+00	1.10243682621209e+03	0.00000000000000e+00	1
3	4	19	20	3.29289998712445e-02	0.00000000000000e+00	0.00000000000000e+00	0.00000000000000e+00	2.37936413205354e+03	0.00000000000000e+00	8.12346956861629e+02	0.00000000000000e+00	1
4	5	20	21	3.08254764043597e-02	0.00000000000000e+00	0.00000000000000e+00	0.00000000000000e+00	-1.21951279203476e+03	0.00000000000000e+00	1.47734421673829e+03	0.00000000000000e+00	1
5	6	21	22	3.09716096999437e-02	0.00000000000000e+00	0.00000000000000e+00	0.00000000000000e+00	-1.21803822004380e+03	0.00000000000000e+00	1.25362912712206e+03	0.00000000000000e+00	1
6	7	22	23	3.18146246299802e-02	0.00000000000000e+00	0.00000000000000e+00	0.00000000000000e+00	2.36701401847423e+03	0.00000000000000e+00	1.30440972715116e+03	0.00000000000000e+00	1
7	8	23	24	3.21200346249285e-02	0.00000000000000e+00	0.00000000000000e+00	0.00000000000000e+00	2.38168237426018e+03	0.00000000000000e+00	1.12341673397929e+03	0.00000000000000e+00	1
8	9	24	25	3.19959140739920e-02	0.00000000000000e+00	0.00000000000000e+00	0.00000000000000e+00	2.38972556479980e+03	0.00000000000000e+00	1.19730884006454e+03	0.00000000000000e+00	1
1	2	18	19	5.44508435817724e-02	0.00000000000000e+00	0.00000000000000e+00	0.00000000000000e+00	2.02851533166443e+04	0.00000000000000e+00	8.29629998196318e+02	0.00000000000000e+00	1
2	3	19	20	3.96819064627800e-02	0.00000000000000e+00	0.00000000000000e+00	0.00000000000000e+00	2.05597250477980e+04	0.00000000000000e+00	2.12352031356999e+03	0.00000000000000e+00	1
3	4	20	21	3.09167975369790e-02	0.00000000000000e+00	0.00000000000000e+00	0.00000000000000e+00	-8.05310261022417e+02	0.00000000000000e+00	8.78394878411287e+02	0.00000000000000e+00	1
4	5	21	22	6.70732877537625e-02	0.00000000000000e+00	0.00000000000000e+00	0.00000000000000e+00	-2.15004317067307e+05	0.00000000000000e+00	5.79944024644770e+03	0.00000000000000e+00	1
5	6	22	23	3.07221704757133e-02	0.00000000000000e+00	0.00000000000000e+00	0.00000000000000e+00	-8.00391294650355e+02	0.00000000000000e+00	1.10831350985347e+03	0.00000000000000e+00	1
6	7	23	24	5.77030500723850e-02	0.00000000000000e+00	0.00000000000000e+00	0.00000000000000e+00	2.08208539686757e+04	0.00000000000000e+00	7.51572621580406e+02	0.00000000000000e+00	1
7	8	24	25	1.29840349510508e-01	0.00000000000000e+00	0.00000000000000e+00	0.00000000000000e+00	2.08558186918490e+04	0.00000000000000e+00	2.08891683513728e+02	0.00000000000000e+00	1
1	2	19	20	3.32428974719774e-02	0.00000000000000e+00	0.00000000000000e+00	0.00000000000000e+00	-8.42200855630641e+03	0.00000000000000e+00	2.59706285168832e+03	0.00000000000000e+00	1
2	3	20	21	3.08653483620383e-02	0.00000000000000e+00	0.00000000000000e+00	0.00000000000000e+00	-8.38166816210699e+02	0.00000000000000e+00	9.68588897812700e+02	0.00000000000000e+00	1
3	4	21	22	3.98151527319386e-02	0.00000000000000e+00	0.00000000000000e+00	0.00000000000000e+00	1.02671852150889e+04	0.00000000000000e+00	1.04605455416699e+03	0.00000000000000e+00	1
4	5	22	23	3.97253236934595e-02	0.00000000000000e+00	0.00000000000000e+00	0.00000000000000e+00	1.01705096696789e+04	0.00000000000000e+00	1.04577595463673e+03	0.00000000000000e+00	1
5	6	23	24	3.08347071626801e-02	0.00000000000000e+00	0.00000000000000e+00	0.00000000000000e+00	-8.36162752912713e+02	0.00000000000000e+00	1.00174383340377e+03	0.00000000000000e+00	1
6	7	24	25	3.58071900289811e-02	0.00000000000000e+00	0.00000000000000e+00	0.00000000000000e+00	-8.43019189004182e+03	0.00000000000000e+00	1.45168176828561e+03	0.00000000000000e+00	1
1	2	20	21	3.11006115063200e-02	0.00000000000000e+00	0.00000000000000e+00	0.00000000000000e+00	-1.18240317511993e+03	0.00000000000000e+00	1.07431474987340e+03	0.00000000000000e+00	1
2	3	21	22	3.40470921379435e-02	0.00000000000000e+00	0.00000000000000e+00	0.00000000000000e+00	4.31912607091312e+03	0.00000000000000e+00	1.06721713361037e+03	0.00000000000000e+00	1
3	4	22	23	3.52813848164572e-02	0.00000000000000e+00	0.00000000000000e+00	0.00000000000000e+00	4.30972802594538e+03	0.00000000000000e+00	8.16022345600709e+02	0.00000000000000e+00	1
4	5	23	24	3.39620090782636e-02	0.00000000000000e+00	0.00000000000000e+00	0.00000000000000e+00	4.30212819369975e+03	0.00000000000000e+00	1.08584511259757e+03	0.00000000000000e+00	1
5	6	24	25	3.07591395553286e-02	0.00000000000000e+00	0.00000000000000e+00	0.00000000000000e+00	-1.18744922584507e+03	0.00000000000000e+00	1.56420412756798e+03	0.00000000000000e+00	1
1	2	21	22	3.26188052178229e-02	0.00000000000000e+00	0.00000000000000e+00	0.00000000000000e+00	3.36620151409975e+03	0.00000000000000e+00	1.28539590924528e+03	0.00000000000000e+00	1
2	3	22	23	3.35035707901697e-02	0.00000000000000e+00	0.00000000000000e+00	0.00000000000000e+00	3.37531909986355e+03	0.00000000000000e+00	9.63394006290392e+02	0.00000000000000e+00	1
3	4	23	24	3.38178414659079e-02	0.00000000000000e+00	0.00000000000000e+00	0.00000000000000e+00	3.38109212865330e+03	0.00000000000000e+00	8.85603071485652e+02	0.00000000000000e+00	1
4	5	24	25	3.19567048905036e-02	0.00000000000000e+00	0.00000000000000e+00	0.00000000000000e+00	3.38151723183345e+03	0.00000000000000e+00	1.72816925446692e+03	0.00000000000000e+00	1
1	2	22	23	3.40929116348018e-02	0.00000000000000e+00	0.00000000000000e+00	0.00000000000000e+00	4.46147879345745e+03	0.00000000000000e+00	1.09005011384115e+03	0.00000000000000e+00	1
2	3	23	24	3.40915392480796e-02	0.00000000000000e+00	0.00000000000000e+00	0.00000000000000e+00	4.48270468403337e+03	0.00000000000000e+00	1.09560349106694e+03	0.00000000000000e+00	1
3	4	24	25	3.35185002921861e-02	0.00000000000000e+00	0.00000000000000e+00	0.00000000000000e+00	4.49465723379702e+03	0.00000000000000e+00	1.27743551529006e+03	0.00000000000000e+00	1
1	2	23	24	4.12344111795030e-02	0.00000000000000e+00	0.00000000000000e+00	0.00000000000000e+00	1.12314983628784e+04	0.00000000000000e+00	9.99740723694541e+02	0.00000000000000e+00	1
2	3	24	25	3.73125025763112e-02	0.00000000000000e+00	0.00000000000000e+00	0.00000000000000e+00	1.12755870129138e+04	0.00000000000000e+00	1.54196007389331e+03	0.00000000000000e+00	1
1	2	24	25	1.09217704082899e-01	0.00000000000000e+00	0.00000000000000e+00	0.00000000000000e+00	-1.08647852540655e+05	0.00000000000000e+00	1.37150973760813e+03	0.00000000000000e+00	1
0
