56
# x y z
21.375 2965.981 0.0
22.875 2964.563 0.0
24.375 2963.821 0.0
25.875 2963.132 0.0
27.375 2962.38 0.0
28.875 2961.36 0.0
30.375 2960.586 0.0
31.875 2959.859 0.0
33.375 2959.2 0.0
34.875 2958.635 0.0
36.375 2958.012 0.0
37.875 2957.277 0.0
39.375 2956.528 0.0
40.875 2955.697 0.0
42.375 2954.975 0.0
43.875 2954.283 0.0
45.375 2953.512 0.0
46.875 2952.847 0.0
48.375 2951.95 0.0
49.875 2951.131 0.0
51.375 2950.357 0.0
52.875 2949.624 0.0
54.375 2948.811 0.0
55.875 2948.158 0.0
57.375 2947.454 0.0
58.875 2946.845 0.0
60.375 2946.19 0.0
61.875 2945.65 0.0
63.375 2945.17 0.0
64.875 2944.684 0.0
66.375 2944.204 0.0
67.875 2943.74 0.0
69.375 2943.484 0.0
70.875 2943.148 0.0
72.375 2942.711 0.0
73.875 2942.282 0.0
75.375 2941.835 0.0
76.875 2941.254 0.0
78.375 2940.771 0.0
79.875 2940.297 0.0
81.375 2939.781 0.0
82.875 2939.288 0.0
84.375 2939.127 0.0
85.875 2939.202 0.0
87.375 2939.147 0.0
88.875 2939.03 0.0
90.375 2938.745 0.0
91.875 2938.389 0.0
93.375 2938.393 0.0
94.875 2938.589 0.0
96.375 2938.645 0.0
97.875 2938.588 0.0
99.375 2938.778 0.0
100.875 2938.937 0.0
102.375 2939.046 0.0
103.875 2939.099 0.0
903
# a b m n r rhoa k err
2 11 5 8 108.616228 3208.136422379758 29.5364374316125 0.05
2 14 6 10 67.4879981 2714.5113932958843 40.22213533840004 0.01
2 17 7 12 54.4777774 2882.3836101444044 52.90934666773693 0.01
2 20 8 14 34.8661281 2224.334890452413 63.79644117846322 0.01
2 23 9 16 24.7948336 1871.7113787166577 75.48795885916563 0.01
2 26 10 18 20.4168594 1773.7506801772215 86.87676421855663 0.01
2 29 11 20 16.0963544 1544.0486163419616 95.92536160498315 0.01
2 32 12 22 12.2745814 1283.116055409346 104.53440435934915 0.01
2 35 13 24 10.9741666 1215.1175248410007 110.72526681351827 0.023134211607867463
2 38 14 26 9.88185492 1165.2630506791625 117.91946553685717 0.01
2 41 15 28 9.15067826 1157.600860657259 126.50437790141024 0.01
2 44 16 30 8.09875892 1120.9287133418445 138.40746766442143 0.01
2 47 17 32 7.24957476 1055.7778361722942 145.63307105923192 0.019187286908703055
3 9 5 7 160.62388 3210.8491864669686 19.989861946224735 0.01
3 12 6 9 97.2712787 2856.9757365676774 29.371215992534058 0.01
3 15 7 11 73.771863 3101.5374791368436 42.04228215216476 0.01
3 18 8 13 48.9316455 2618.307942753111 53.50950118268782 0.01
3 21 9 15 31.2403657 2010.7402113057751 64.36352988357544 0.01
3 24 10 17 24.9794424 1886.1458907458218 75.50792609949619 0.01
3 27 11 19 18.8794026 1627.9164911971109 86.227118817685 0.01
3 30 12 21 14.0634452 1333.0227076360636 94.78635488522141 0.01
3 33 13 23 12.5965113 1298.6129020083656 103.09306053719537 0.01
3 36 14 25 11.5254056 1266.7011840419987 109.90512854853444 0.01
3 39 15 27 10.1230512 1190.2854046392472 117.5816837357542 0.01
3 42 16 29 8.87256691 1131.9669207795114 127.58054487069644 0.01
3 45 17 31 7.83657368 1083.4040412216902 138.24971032770156 0.01
3 48 18 33 6.98030793 1022.9173810234912 146.5433031438616 0.012583792750139782
4 13 7 10 94.7022421 2916.4038144405795 30.795509691956692 0.01
4 16 8 12 72.2381716 3149.033194935308 43.59237125175671 0.01
4 19 9 14 41.623572 2252.4881691797227 54.11568639951714 0.01
4 22 10 16 30.8640817 2005.3918324430492 64.97493921690368 0.01
4 25 11 18 22.6510048 1726.0389425679696 76.20142937623542 0.01
4 28 12 20 16.3491988 1402.8449137757686 85.80511687066699 0.01
4 31 13 22 14.4061536 1362.9763711341238 94.61070657570414 0.01
4 34 14 24 12.8384781 1317.110140768692 102.59083128931707 0.01
4 37 15 26 11.47582 1256.62078238743 109.50161142187922 0.01
4 40 16 28 9.89247051 1159.457675950251 117.20607858049112 0.01
4 43 17 30 8.57508165 1111.2095961798557 129.5858910194582 0.01
4 46 18 32 7.61458457 1044.4779632771642 137.16808233927912 0.01
4 49 19 34 6.66377059 998.3560298602526 149.81848735285658 0.01
5 14 8 11 92.1768445 3047.9709878070503 33.06655813984878 0.01
5 17 9 13 59.1003545 2663.4260975109146 45.066161109252135 0.01
5 20 10 15 38.3202792 2087.4327054437176 54.47331671434475 0.01
5 23 11 17 27.5815236 1797.9025489809467 65.18503383116031 0.01
5 26 12 19 19.1095315 1456.558406020159 76.22156545387621 0.01
5 29 13 21 16.2513422 1389.222282988691 85.48354135258384 0.01
5 32 14 23 14.6279924 1386.8340933948273 94.80686450143543 0.01
5 35 15 25 13.1912646 1346.4088238737506 102.06821443591924 0.01
5 38 16 27 10.9928925 1196.530590424271 108.84583747401068 0.01
5 41 17 29 9.34728497 1103.0942608699513 118.01226392586929 0.01
5 44 18 31 8.19782455 1065.4839735893408 129.97155124396275 0.01
5 47 19 33 7.16949149 989.3190437442069 137.9901273506089 0.01
5 50 20 35 6.40100337 977.0929548144094 152.64684274246983 0.01
6 12 8 10 129.618545 2712.162627014497 20.924186635596758 0.01
6 15 9 12 91.3387116 3067.1631505713754 33.58010088869455 0.01
6 18 10 14 53.3675748 2307.205536346083 43.23234745053626 0.01
6 21 11 16 33.9466714 1817.6266074486912 53.54358859021127 0.01
6 24 12 18 22.9583019 1489.7929072120912 64.89124995834693 0.01
6 27 13 20 18.7832753 1404.2774454550338 74.76211805589804 0.01
6 30 14 22 16.4028507 1390.2338069499592 84.75562159143223 0.01
6 33 15 24 14.4745877 1354.9959867061864 93.61206099889023 0.01
6 36 16 26 12.4429762 1246.644037807866 100.18857367965278 0.01
6 39 17 28 10.2747206 1105.9634279164295 107.63927029961569 0.01
6 42 18 30 8.801843 1039.9083357213603 118.14665811709665 0.01
6 45 19 32 7.64345597 983.9490849488416 128.73091554537228 0.01
6 48 20 34 6.84183896 959.2715350963202 140.20668137683268 0.01
6 51 21 36 6.26614005 961.0572964834025 153.37309552846693 0.01
7 13 9 11 120.558615 2596.0288911426615 21.533333732663248 0.01
7 16 10 13 79.9538517 2626.3141316153947 32.84787506510327 0.01
7 19 11 15 42.0470353 1747.390936198516 41.558005784025305 0.01
7 22 12 17 27.5793858 1444.6961557183247 52.383188160714035 0.01
7 25 13 19 22.039913 1407.608802900044 63.86635023922482 0.01
7 28 14 21 18.2802645 1353.8871763028974 74.06277826575744 0.01
7 31 15 23 16.5851888 1381.745610022705 83.31202174935174 0.01
7 34 16 25 13.8189194 1260.9846364057894 91.25059636759944 0.01
7 37 17 27 11.483726 1126.8917189636484 98.12945022927649 0.01
7 40 18 29 9.50126385 1009.4348338709335 106.24216418018256 0.01
7 43 19 31 8.11141605 965.2816663062601 119.00285478591128 0.01
7 46 20 33 7.26403795 933.7406661426235 128.54292234839212 0.01
7 49 21 35 6.59030368 939.544558979571 142.56468360188995 0.01
7 52 22 37 6.26490536 966.6959218348362 154.30335596240135 0.01
8 11 9 10 255.933677 2638.1042620125468 10.30776524971564 0.01
8 14 10 12 147.050961 3169.568512083427 21.554218282758633 0.01
8 17 11 14 66.2938411 2071.0566799106728 31.24055938750957 0.01
8 20 12 16 34.6261578 1426.5767034501896 41.19939358244909 0.01
8 23 13 18 28.0333039 1476.773650815415 52.679258074015856 0.01
8 26 14 20 22.3414795 1412.0957779914227 63.205114862309046 0.01
8 29 15 22 18.9179213 1392.5053739413304 73.60773691036184 0.01
8 32 16 24 15.6468317 1287.3546798454804 82.27574147458111 0.01
8 35 17 26 13.1302053 1178.1787152164866 89.73041078165674 0.01
8 38 18 28 10.6910323 1028.4592003154396 96.19830634273171 0.01
8 41 19 30 8.79424753 934.6993314987621 106.28531074548481 0.01
8 44 20 32 7.83673825 933.8871966295864 119.16784341107557 0.01
8 47 21 34 7.06224407 915.1711278607393 129.58644855511758 0.01
8 50 22 36 6.40728563 921.2727670912087 143.78518772093648 0.01
8 53 23 38 6.10974394 949.2466888366286 155.3660346748719 0.01
9 15 11 13 130.543917 2737.205913231369 20.96770172164643 0.01
9 18 12 15 50.132182 1501.4947232693269 29.950715555714826 0.01
9 21 13 17 39.9603907 1632.3982753417065 40.8504082854652 0.01
9 24 14 19 30.4955288 1609.402642407032 52.77503639835333 0.01
9 27 15 21 23.8028126 1497.8542760109938 62.92761705022178 0.01
9 30 16 23 19.3073639 1391.639145812657 72.0781538598678 0.01
9 33 17 25 15.2716203 1239.4743290751528 81.16193990726399 0.01
9 36 18 27 12.6651792 1108.8887893825176 87.55413341348677 0.013952406016728522
9 39 19 29 9.77817757 937.421622643717 95.8687460861602 0.01
9 42 20 31 8.47203396 913.213137331594 107.79148686646602 0.01
9 45 21 33 7.68373841 918.3487455690308 119.51848131293043 0.01
9 48 22 35 6.81944288 896.8216565097304 131.5095195151382 0.01
9 51 23 37 6.35174647 922.549467669819 145.24343375906486 0.01
9 54 24 39 6.07254561 942.2929399461666 155.1726410081532 0.01
10 16 12 14 82.1191941 1666.3911376953233 20.292346460026003 0.01
10 19 13 16 51.3436579 1552.2521300998064 30.232597239625317 0.01
10 22 14 18 39.6438135 1674.77000753905 42.245431498134 0.01
10 25 15 20 29.9059152 1584.0814125497923 52.96883248534699 0.01
10 28 16 22 22.3368285 1406.8983885651342 62.98559298895697 0.01
10 31 17 24 17.7876542 1277.4585630609652 71.81714624635357 0.01
10 34 18 26 14.2277314 1132.9464774636247 79.62945360801686 0.01
10 37 19 28 11.2307027 972.3773646052813 86.58205907322979 0.01
10 40 20 30 9.23380864 892.3942722852744 96.64422418497016 0.01
10 43 21 32 8.28777441 908.1256446460477 109.57412686695554 0.01
10 46 22 34 7.31082577 882.5187866954196 120.71396781425686 0.01
10 49 23 36 6.49760452 876.7024143280499 134.92701989317902 0.01
10 52 24 38 6.42350746 940.834096132394 146.4673470049016 0.01
10 55 25 40 5.94526425 923.1704230359516 155.27828271652544 0.01
11 14 12 13 210.275122 2243.384990197103 10.66880841090228 0.01
11 17 13 15 84.2078264 1712.0940205474465 20.331768360992232 0.01
11 20 14 17 60.8827571 1908.8572307601664 31.353002421110236 0.01
11 23 15 19 43.7027086 1893.1502054183732 43.3188300236927 0.01
11 26 16 21 29.2509703 1546.8518586899397 52.882069990339424 0.01
11 29 17 23 22.1571623 1389.225825840331 62.69872500055348 0.01
11 32 18 25 17.4108525 1241.631931044235 71.31367812370101 0.01
11 35 19 27 13.4947733 1064.9161767087087 78.91323203693305 0.01
11 38 20 29 10.5610221 921.1494626144221 87.22162058674435 0.01
11 41 21 31 9.1146792 893.0047249370051 97.97434504738304 0.01
11 44 22 33 8.07099482 898.2309683831845 111.29123341243634 0.01
11 47 23 35 6.9817795 857.7012265749711 122.84851255685905 0.011560037420721774
11 50 24 37 6.78679144 933.930673371551 137.61004469168586 0.01
11 53 25 39 6.14945343 909.0503502372669 147.826202862596 0.01
11 56 26 41 5.87815853 908.8495414304592 154.61467001817306 0.01
12 15 13 14 297.259981 3081.534277500469 10.366461933873532 0.01
12 18 14 16 103.081959 2148.1242039425665 20.838992824559792 0.01
12 21 15 18 69.7287093 2294.252759422075 32.90255595512758 0.01
12 24 16 20 44.0953227 1894.0633068663312 42.95383707139377 0.01
12 27 17 22 28.6854995 1528.109946632192 53.27116394233233 0.01
12 30 18 24 21.7104337 1341.1557598427235 61.77471064720017 0.01
12 33 19 26 15.9659609 1135.6786246571126 71.13124175677473 0.01
12 36 20 28 13.133796 1031.9916609423753 78.57527716605126 0.01
12 39 21 30 10.3416026 910.5035131467966 88.04278682559284 0.01
12 42 22 32 8.92579072 887.2319460859541 99.40093532530797 0.01
12 45 23 34 7.65161166 868.1039838150407 113.45374313142294 0.01
12 48 24 36 7.02376431 881.7051597651744 125.53171217745124 0.01
12 51 25 38 6.58313649 911.9858999167794 138.53364597591374 0.01
12 54 26 40 6.26902931 928.0606959609865 148.03897861517362 0.01
13 16 14 15 185.633897 1949.2981839608042 10.500766376524457 0.01
13 19 15 17 108.124021 2295.905883774995 21.234003901639905 0.01
13 22 16 19 60.0358011 1961.8825325376363 32.67854341228465 0.01
13 25 17 21 35.7044684 1530.3579471656842 42.86180457921855 0.01
13 28 18 23 25.6979151 1339.954086523015 52.14252134108011 0.01
13 31 19 25 18.8557761 1157.5751418103816 61.391010143060704 0.01
13 34 20 27 14.3902894 1013.6099038923848 70.43707570553687 0.01
13 37 21 29 11.584584 908.3537584120243 78.4105634187662 0.01
13 40 22 31 9.3371193 825.4758790419957 88.40798243222572 0.01
13 43 23 33 8.03928765 823.3624529621184 102.41733954651049 0.01
13 46 24 35 7.21606486 827.4978445609528 114.67439118347292 0.01
13 49 25 37 6.74418542 869.1369411693928 128.87204117964373 0.01
13 52 26 39 6.41492048 892.4199434690016 139.11629088019524 0.01
13 55 27 41 6.04877266 891.5466419218118 147.39298235120177 0.01
14 17 15 16 219.088933 2354.0188872931003 10.74458145858559 0.01
14 20 16 18 93.284138 2029.9671472476987 21.761118136158355 0.01
14 23 17 20 49.9268973 1607.2977934465039 32.193023808160895 0.01
14 26 18 22 31.168284 1303.6240454926635 41.825339036716414 0.01
14 29 19 24 21.1014271 1087.0411498919573 51.51505368525323 0.01
14 32 20 26 16.463986 1013.4692266911954 61.55673520927408 0.01
14 35 21 28 13.4192321 932.0458275284243 69.45597338080353 0.01
14 38 22 30 10.0412505 785.3606140220895 78.21342710473058 0.01
14 41 23 32 8.38114379 745.4735323732365 88.9465150642925 0.01
14 44 24 34 7.59673667 794.3834159684366 104.56903410980502 0.01
14 47 25 36 6.56509746 758.961154474899 115.60546649903031 0.01
14 50 26 38 6.63725049 860.965470293483 129.7171881023106 0.01
14 53 27 40 6.19849935 865.8923691312037 139.69387108691134 0.01
14 56 28 42 5.85252225 845.793355582082 144.51775139890873 0.01
15 18 16 17 270.920732 2733.8655883567694 10.09101654264233 0.01
15 21 17 19 89.751664 1945.0496979183058 21.67146113211122 0.01
15 24 18 21 47.4924641 1476.5798363116028 31.09082386634057 0.01
15 27 19 23 28.0336903 1153.7115967801024 41.154467515113495 0.01
15 30 20 25 20.2879413 1039.554440173064 51.240016165320036 0.01
15 33 21 27 15.0817979 920.6329028187813 61.04264948536284 0.01
15 36 22 29 11.9438869 822.280011047285 68.8452610052164 0.01
15 39 23 31 8.8019016 693.8563201064111 78.83027459729963 0.01
15 42 24 33 7.96654771 725.806922577928 91.10683184221186 0.01
15 45 25 35 6.69939614 708.5230570412699 105.75924191299873 0.01
15 48 26 37 6.77329054 797.8506517138906 117.79365538834402 0.01
15 51 27 39 6.35995499 824.7489596613469 129.67842712065277 0.01
15 54 28 41 5.98420569 830.9729164606517 138.86102174750812 0.01
16 19 17 18 226.196914 2496.5943719940924 11.037260976929563 0.01
16 22 18 20 94.6856794 1960.8838414519805 20.709402455340893 0.01
16 25 19 22 43.3554052 1361.0489141427554 31.392831132916164 0.01
16 28 20 24 25.7564739 1073.5304652467273 41.68002458002325 0.01
16 31 21 26 19.7078286 1015.134278201342 51.509189510677096 0.01
16 34 22 28 14.2180774 854.516525588818 60.10070852398215 0.01
16 37 23 30 10.4737236 723.9584659595462 69.12140262700328 0.01
16 40 24 32 8.65900582 684.1244250068316 79.00727164620749 0.01
16 43 25 34 7.20951703 683.0968324974201 94.74931949740052 0.01
16 46 26 36 6.72429363 716.6704568590017 106.57929238271554 0.01
16 49 27 38 6.74501321 810.8165189664928 120.20977479545853 0.01
16 52 28 40 6.32087089 824.0606701195815 130.37138148531008 0.01
16 55 29 42 6.08749119 827.3002926651556 135.90168212878442 0.01
17 20 18 19 293.921743 3062.358144644246 10.418957486395438 0.01
17 23 19 21 89.3328315 1846.951439991769 20.67494569442556 0.01
17 26 20 23 47.6517733 1485.2210467993257 31.168221955746723 0.01
17 29 21 25 28.4185156 1181.867360838943 41.58793434091058 0.01
17 32 22 27 19.3103527 989.9511758045657 51.26530784725468 0.01
17 35 23 29 13.5200304 812.601841460074 60.10355135444621 0.01
17 38 24 31 10.0587956 696.9330636767381 69.28593555243712 0.01
17 41 25 33 7.93446816 637.9871131669937 80.40704182080853 0.01165689301712998
17 44 26 35 7.218633 698.2351200887923 96.72677916840937 0.01
17 47 27 37 7.06782136 762.364549462847 107.86415086513264 0.015002820693935204
17 50 28 39 6.70325508 811.1827699254691 121.01326299602329 0.01
17 53 29 41 6.34380796 823.4222187439032 129.79936087849404 0.01
17 56 30 43 6.10499692 808.8097489664183 132.48323620225813 0.01
18 21 19 20 299.264509 3188.3794642697585 10.654051410652771 0.01
18 24 20 22 102.825993 2225.6600396657236 21.644916569546027 0.01
18 27 21 24 45.1834717 1440.6993675759986 31.885539410111303 0.01
18 30 22 26 27.0253004 1128.679598470563 41.763813232971984 0.01
18 33 23 28 17.3965109 898.9440822233194 51.6738147891092 0.01
18 36 24 30 13.4347997 811.5149319544583 60.40394721734916 0.01
18 39 25 32 8.84650944 616.9591859113078 69.74040892577263 0.012113458240718314
18 42 26 34 7.87753083 660.5955538661317 83.8581997483762 0.012140153808885742
18 45 27 36 7.01962045 690.1947603455081 98.323657990014 0.01
18 48 28 38 7.175969 788.5501332958528 109.88761703065506 0.01
18 51 29 40 6.77341005 818.6721432088564 120.8655813195388 0.010228524906793905
18 54 30 42 6.40355174 813.8790967943332 127.09807460606747 0.013877701992864519
19 22 20 21 257.333907 2732.751340559816 10.619476354353163 0.01
19 25 21 23 111.382526 2371.932383753604 21.295372523277162 0.01
19 28 22 25 43.1851915 1363.9293289373952 31.5832645766407 0.01
19 31 23 27 25.5659454 1065.192578306944 41.66450962955369 0.01
19 34 24 29 16.7405877 855.981927555596 51.13213125460321 0.01
19 37 25 31 11.1747454 671.1123775047515 60.05616714137859 0.01
19 40 26 33 8.48693065 597.7648334503172 70.43357111093127 0.01
19 43 27 35 7.3417107 639.0437750768352 87.04289792797681 0.01
19 46 28 37 7.41999993 735.9104028784163 99.17930051495516 0.01
19 49 29 39 7.24892922 804.1952740325079 110.93987120383386 0.01
19 52 30 41 6.78369353 812.1580957158737 119.72210892550062 0.01
19 55 31 43 6.46872636 800.0783513375588 123.68406187111599 0.01
20 23 21 22 296.390172 3235.15113096818 10.915176806092544 0.01
20 26 22 24 90.9470466 1894.652125265363 20.832475556884805 0.01
20 29 23 26 38.1847204 1208.5302350071524 31.649576646033328 0.01
20 32 24 28 25.6073958 1059.758922433242 41.38487688128139 0.01
20 35 25 30 15.2556688 773.1439587793428 50.67912583284076 0.01
20 38 26 32 10.0314073 595.0226915610101 59.31597369802841 0.01
20 41 27 34 8.03467506 581.6048130720097 72.38684934098751 0.01
20 44 28 36 7.33559036 650.252563889445 88.6435217859473 0.01
20 47 29 38 7.69216692 757.2418454748783 98.44324146243025 0.01
20 50 30 40 7.27062795 803.3219581921335 110.48866256347686 0.01
20 53 31 42 6.70179853 783.5008895045979 116.9090485184427 0.01
20 56 32 44 6.17602152 755.4834456950339 122.32526121363546 0.01
21 27 23 25 84.7931769 1778.0430120552605 20.969175552322778 0.01
21 30 24 27 43.182707 1340.1593696679631 31.03463082265693 0.01
21 33 25 29 20.6236316 852.089022796792 41.316148354627906 0.01
21 36 26 31 14.7375552 738.1401260778989 50.085656410494664 0.01
21 39 27 33 9.09875913 546.575216236352 60.07140187217507 0.01
21 42 28 35 7.58148724 568.9911788967756 75.05007406657268 0.01
21 45 29 37 7.93590681 706.0793069017664 88.97273163692384 0.01
21 48 30 39 7.69374556 757.133602303301 98.4089734185726 0.01
21 51 31 41 7.03952063 764.3618818476797 108.58152451322238 0.01
21 54 32 43 6.53635915 744.7832481759364 113.94466416000662 0.01
22 25 23 24 252.343208 2708.23436435944 10.732344990872273 0.01
22 28 24 26 93.4660284 1983.3706683770663 21.22023051936019 0.01
22 31 25 28 41.1163345 1267.1721237363925 30.819189967831214 0.01
22 34 26 30 20.4695218 835.6218250250115 40.822733095064855 0.01
22 37 27 32 13.4934437 666.0294859704867 49.35948900653779 0.01
22 40 28 34 8.71362236 538.6704865315068 61.81935184663049 0.01
22 43 29 36 7.91979301 613.0775458188796 77.41080417692375 0.01
22 46 30 38 8.33110383 733.2477427889141 88.01327624180074 0.01
22 49 31 40 7.7256403 766.08893328979 99.16186924853206 0.01
22 52 32 42 6.92180214 735.265299614709 106.224547414571 0.01
22 55 33 44 6.4092071 718.4749117135793 112.10043621676375 0.01
23 29 25 27 91.4737023 1884.2641757768981 20.59897138083694 0.01
23 32 26 29 40.146158 1234.5543024893745 30.751493143861353 0.01
23 35 27 31 22.4917946 904.3207121886371 40.206694408841756 0.01
23 38 28 33 12.0954081 600.5415585269491 49.65037587503551 0.01
23 41 29 35 9.07373403 569.9362841630787 62.81165860479587 0.01
23 44 30 37 9.34269907 730.4603792845724 78.18515546862973 0.01
23 47 31 39 8.51408596 736.0824055850323 86.45465984760065 0.01
23 50 32 41 7.56535471 743.5622414304135 98.28517894178334 0.01
23 53 33 43 6.92103073 712.3795388004642 102.92968874022962 0.01
23 56 34 45 6.62765802 731.3292106100928 110.34504321182413 0.01
24 27 25 26 271.023677 2850.113780631806 10.516106239056766 0.01
24 30 26 28 80.9650354 1628.1411582653147 20.109188493794132 0.01
24 33 27 30 35.0789709 1085.8862960551894 30.955477546668547 0.01
24 36 28 32 21.8544488 863.2571258099607 39.500292764645735 0.01
24 39 29 34 11.1732921 568.2857956239781 50.86108825741503 0.01
24 42 30 36 9.44050541 609.4763664915497 64.5597179411552 0.01
24 45 31 38 9.36168389 724.5703882480963 77.39744225096841 0.01
24 48 32 40 8.28747485 720.3346238195012 86.91846875643925 0.01
24 51 33 42 7.33167839 692.19809208647 94.41195525305494 0.01
24 54 34 44 6.75859173 678.6067363123948 100.40652896670751 0.01
25 28 26 27 257.254063 2606.4420888046234 10.131782015060434 0.01
25 31 27 29 83.4271514 1686.135189758472 20.210868541754767 0.01
25 34 28 31 34.27535 1043.1169052303073 30.433442845377428 0.01
25 37 29 33 20.0590633 785.1644819351455 39.14262945344739 0.01
25 40 30 35 11.7017776 602.3533126799689 51.475368381635356 0.01
25 43 31 37 10.8113676 719.7806123425344 66.57627776365076 0.01
25 46 32 39 9.31479006 710.8271423291106 76.31166539990818 0.01
25 49 33 41 8.20003214 707.3466504721531 86.26144854014599 0.01
25 52 34 43 7.47856575 675.5400773866317 90.3301648964752 0.01
25 55 35 45 7.21794369 715.3849368277297 99.1120141071272 0.01
26 29 27 28 207.457999 2091.77624811631 10.08289031128807 0.01
26 32 28 30 76.19431 1585.7398225235956 20.811787947467412 0.01
26 35 29 32 37.5621789 1102.3316175983089 29.34684967379006 0.01
26 38 30 34 18.022616 721.0073553802042 40.00569924922132 0.01
26 41 31 36 11.9857668 628.1457403696376 52.40763906483126 0.01
26 44 32 38 10.9517498 736.8040017306222 67.27728583889144 0.01
26 47 33 40 9.21020438 688.016979375237 74.70159737923612 0.01
26 50 34 42 8.18612684 675.030673807258 82.46032427800228 0.01
26 53 35 44 7.42940546 659.7244520136802 88.79909106665988 0.015570594240291285
26 56 36 46 7.08850807 696.4322286166961 98.24806880930815 0.010050476298335994
27 30 28 29 213.092542 2154.0843175022 10.108680000176637 0.01
27 33 29 31 66.8268024 1361.8806944840726 20.379258704200286 0.01
27 36 30 33 41.3825975 1198.7246719201698 28.966878454649198 0.01
27 39 31 35 17.0569288 693.5745734841521 40.662336204636794 0.01
27 42 32 37 13.2331337 722.7941423656903 54.62002869098876 0.01
27 45 33 39 10.585275 693.8435048112956 65.54799046895765 0.01
27 48 34 41 9.21907969 668.8822692994537 72.55412598558998 0.01
27 51 35 43 8.28560682 648.0133799417983 78.20952574983498 0.01
27 54 36 45 7.56471563 665.01870257806 87.91060168088036 0.01
28 31 29 30 210.81992 2103.266941474493 9.976604399975548 0.01
28 34 30 32 72.6814178 1384.1849864058142 19.044551252628622 0.01
28 37 31 34 37.5736719 1102.9208691124945 29.353555650558988 0.01
28 40 32 36 16.5745116 689.3884362581776 41.59328810980938 0.01
28 43 33 38 13.1501367 726.3462847469691 55.23488472534047 0.01
28 46 34 40 10.9020292 683.8863086120828 62.73018500189697 0.01
28 49 35 42 9.59684971 670.2773497209499 69.84347676326692 0.01
28 52 36 44 8.07807778 618.8594496447171 76.60974138883782 0.01
28 55 37 46 7.1180007 618.4993250700096 86.89228213619165 0.01
29 32 30 31 232.41579 2341.887820809307 10.076285353974043 0.01
29 35 31 33 86.4031192 1639.8132293405997 18.97863462017931 0.01
29 38 32 35 29.1822829 890.9767564049813 30.53142756028115 0.01
29 41 33 37 17.3303984 735.900101682885 42.462965056988246 0.01
29 44 34 39 13.5801573 730.9623115202022 53.825761761993896 0.01
29 47 35 41 11.2743168 677.283056817051 60.073090798464264 0.01
29 50 36 43 9.4842438 635.9439298770325 67.05267634273936 0.01
29 53 37 45 7.61120251 582.6157907756615 76.54714087691006 0.01
29 56 38 47 6.69352439 577.5788906795168 86.28920386730925 0.01
30 33 31 32 208.301188 1995.1609173210695 9.578250304175267 0.01
30 36 32 34 90.0274217 1815.1876651395326 20.162608579287266 0.01
30 39 33 36 25.175008 783.1655100469833 31.108848507495345 0.01
30 42 34 38 18.4312262 779.5748253994627 42.29641679507263 0.01
30 45 35 40 14.5640975 757.0647392875903 51.98157587777686 0.024450799723430297
30 48 36 42 11.3621899 654.0561514495427 57.564268614234535 0.01
30 51 37 44 8.18722958 534.8161422639782 65.32321306470293 0.01
30 54 38 46 7.14833149 549.8463342234539 76.91953499815295 0.01
31 34 32 33 225.187338 2201.1007653319116 9.774531662752333 0.01
31 37 33 35 61.9675947 1254.5433163603393 20.245151073458388 0.01
31 40 34 37 27.8912945 859.062922182566 30.800396237706572 0.01
31 43 35 39 20.3116404 854.0723347106488 42.04841745379899 0.01
31 46 36 41 14.5562295 720.6848305465784 49.5104058744456 0.01
31 49 37 43 10.2333227 569.0499934200589 55.607548994820505 0.01
31 52 38 45 7.9687101 524.6902445332001 65.84381135074798 0.01
31 55 39 47 7.13974519 548.9677237837097 76.88897981297701 0.01
32 35 33 34 217.27005 2150.6848837911466 9.898671647524115 0.01
32 38 34 36 52.4428306 1021.9324064433146 19.48659892594193 0.01
32 41 35 38 33.4801769 997.0210646280314 29.77944434421526 0.01
32 44 36 40 22.0023618 900.3215621151656 40.9193144944633 0.01
32 47 37 42 12.9804131 593.0328211190202 45.686744832413716 0.01
32 50 38 44 8.8909084 489.5891769504717 55.06627162534614 0.01
32 53 39 46 7.77111207 519.7738731022093 66.88539148840371 0.01
32 56 40 48 7.31879881 546.1958436719483 74.62916495609316 0.01
33 36 34 35 179.178637 1721.5961071058723 9.60826656531533 0.01
33 39 35 37 64.3382466 1272.4761166011842 19.77791102254229 0.01
33 42 36 39 34.2020727 1023.9708496599343 29.938853666606416 0.01
33 45 37 41 17.50088 683.2835017484248 39.042808232981706 0.01
33 48 38 43 11.2164791 497.90520221956564 44.39050773246353 0.01
33 51 39 45 8.78008492 490.33561670170036 55.846341028521664 0.01
33 54 40 47 7.78803902 525.2770601845413 67.44663949880174 0.01
34 37 35 36 213.519641 2061.1464628252543 9.653193744482056 0.01
34 40 36 38 67.1723164 1328.372206872117 19.775590273854498 0.01
34 43 37 40 28.1885774 861.261828740244 30.553575532344674 0.01
34 46 38 42 14.5641737 538.6959105143405 36.98774277282484 0.01
34 49 39 44 10.0471826 461.08079144684893 45.89155087584941 0.01
34 52 40 46 8.84954632 510.715368532863 57.71090969699145 0.01
34 55 41 48 8.3463782 558.2688608711319 66.88755859051916 0.01
35 38 36 37 221.024397 2231.097117896895 10.09434771988947 0.01
35 41 37 39 48.0820899 931.623728985725 19.37569125891354 0.01
35 44 38 41 21.8222025 664.3098114645273 30.441923149807053 0.01
35 47 39 43 13.1220382 462.7457427532849 35.26477637851145 0.01
35 50 40 45 10.5433469 501.6546948266073 47.580213340662 0.01
35 53 41 47 9.06378523 540.908667733231 59.67801023604252 0.01
35 56 42 49 8.35903055 558.0213029476577 66.75670098462048 0.01
36 39 37 38 115.566325 1126.8428993405264 9.750616361128783 0.01
36 42 38 40 36.1875442 731.7289827180845 20.220465325693045 0.01
36 45 39 42 17.8944988 513.1079797535767 28.674062654025086 0.01
36 48 40 44 12.3517314 444.1655922421185 35.959783924877 0.01
36 51 41 46 10.7718044 530.1768252189592 49.21894285593963 0.01
36 54 42 48 9.70933003 586.2261113895173 60.37760685631131 0.01
37 40 38 39 122.384683 1209.9019624724958 9.886057085039766 0.01
37 43 39 41 29.8399261 630.2738638674248 21.121830588830605 0.01
37 46 40 43 18.4361101 494.3613986548147 26.814843042991736 0.01
37 49 41 45 14.797666 573.25114025832 38.739294444023805 0.01
37 52 42 47 11.9688639 626.2976892926888 52.32724630553187 0.01
37 55 43 49 10.7638008 649.9132435360971 60.379530949336875 0.01
38 41 39 40 58.2849158 588.1529649896274 10.090997935174634 0.01
38 44 40 42 28.6964082 562.656547280817 19.60721158409006 0.01
38 47 41 44 17.4997489 463.9210013818612 26.510151890342904 0.01
38 50 42 46 14.8658715 624.2397834165645 41.99146907845695 0.01
38 53 43 48 12.6954048 676.7992682154561 53.31057015334053 0.01
38 56 44 50 11.6183858 694.495545626752 59.77556242165345 0.01
39 42 40 41 45.4416276 462.5870639116595 10.179808434318923 0.01
39 45 41 43 27.1534299 487.6489312589902 17.95901781303106 0.01
39 48 42 45 19.1512222 560.2712408480465 29.255116722944532 0.01
39 51 43 47 14.7718134 653.7910042493453 44.25935980543495 0.01
39 54 44 49 13.325275 682.93480571362 51.25108530320163 0.01
40 43 41 42 52.1857022 511.5050747942801 9.80163250144558 0.01
40 46 42 44 24.1916582 446.6764492961821 18.464069126777847 0.01
40 49 43 46 19.7148529 659.5000696638697 33.451939662398885 0.01
40 52 44 48 17.2718824 744.1206604367051 43.082777152113145 0.01
40 55 45 50 13.9870847 690.7744331416109 49.386591127285506 0.01
41 44 42 43 56.5118809 544.2068285860988 9.629954266592085 0.01
41 47 43 45 27.731747 556.6331571191631 20.072055219570665 0.01
41 50 44 47 21.7069776 750.7463739594638 34.58548618760558 0.01
41 53 45 49 16.1962977 649.9475921062127 40.12939278747715 0.01
41 56 46 51 15.0067367 719.2229341005004 47.92667109968688 0.01
42 45 43 44 41.1567554 397.12709791087923 9.649135216107906 0.01
42 48 44 46 32.813797 697.6423150086503 21.26063969398757 0.01
42 51 45 48 21.0625763 641.8920554525818 30.475476803499188 0.01
42 54 46 50 17.398174 649.4689897645844 37.32972148482849 0.01
43 46 44 45 62.7370204 598.5201939206511 9.540143763675635 0.01
43 49 45 47 29.3581808 614.4333605939903 20.92886356888947 0.01
43 52 46 49 21.5679334 577.5075297186982 26.776210729522102 0.01
43 55 47 51 20.0771606 716.9882597480474 35.71163642273437 0.01
44 47 45 46 53.462207 503.76687958852943 9.422859770613837 0.01
44 50 46 48 29.9251913 563.9874126756465 18.846576685898963 0.01
44 53 47 50 23.3249219 608.3837057834094 26.08299004779988 0.01
44 56 48 52 18.7244696 672.6859699162111 35.925501992121106 0.01
45 48 46 47 59.1883574 581.7429156359794 9.828671400770778 0.01
45 51 47 49 30.8580543 525.5764323650271 17.032066482721405 0.01
45 54 48 51 27.6909532 773.6243778852566 27.93780236807654 0.01
46 49 47 48 69.7486463 655.60995242375 9.399608267719884 0.01
46 52 48 50 39.2498159 714.5329184037879 18.20474572987202 0.01
46 55 49 52 27.6310836 817.9216567229581 29.601504905256707 0.01
47 50 48 49 66.4376792 628.7023132728928 9.463038457142446 0.01
47 53 49 51 48.2588311 1013.069500768625 20.99241688364526 0.01
47 56 50 53 27.3499263 804.3158565765357 29.40833725670901 0.01
48 51 49 50 87.9049856 843.0407317809336 9.590363117935981 0.01
48 54 50 52 45.0837725 912.9130583661015 20.249260604047752 0.01
49 52 50 51 133.411323 1323.4201478253528 9.919848765950343 0.01
49 55 51 53 44.0627221 796.8658735120488 18.084808099317332 0.01
50 53 51 52 110.253811 1029.3308084327507 9.336011146433302 0.01
50 56 52 54 50.715265 920.3760955009412 18.147910604449 0.01
51 54 52 53 158.907243 1473.012019521326 9.269634232602765 0.01
52 55 53 54 146.555843 1409.9594233249677 9.620629204971156 0.01
53 56 54 55 122.7535 1156.5365416025516 9.421617645138847 0.01
10 6 14 2 67.5970483 2718.897625198964 40.22213533840004 0.01
12 7 17 2 54.5779152 2887.6818357191487 52.909346667736926 0.01
14 8 20 2 35.0534347 2236.2843849416504 63.79644117846319 0.01
16 9 23 2 24.8331692 1874.6052549122994 75.48795885916564 0.01
18 10 26 2 20.2711555 1761.092396811198 86.87676421855666 0.01
20 11 29 2 16.1700482 1551.1177207550077 95.9253616049832 0.01
22 12 32 2 12.2960863 1285.3640573216533 104.53440435934914 0.01
24 13 35 2 11.2310163 1243.5572764044728 110.72526681351827 0.023134211607867463
26 14 38 2 9.88344369 1165.4503975884231 117.91946553685715 0.01
28 15 41 2 9.14783018 1157.2405660686459 126.50437790141027 0.01
30 16 44 2 8.13214298 1125.549316546802 138.40746766442146 0.01
32 17 47 2 7.39002183 1076.2315742976646 145.63307105923184 0.019187286908703055
7 5 9 3 160.829241 3214.954324506107 19.989861946224735 0.01
9 6 12 3 97.4146936 2861.1880065721252 29.371215992534058 0.01
11 7 15 3 73.794393 3102.484691753731 42.042282152164745 0.01
13 8 18 3 48.7367392 2607.878603862748 53.50950118268782 0.01
15 9 21 3 31.2316971 2010.1822696106265 64.36352988357544 0.01
17 10 24 3 24.9921516 1887.1055360802059 75.5079260994962 0.01
19 11 27 3 18.7985994 1620.9490640698625 86.22711881768502 0.01
21 12 30 3 14.0568794 1332.4003593871585 94.78635488522143 0.01
23 13 33 3 12.5631724 1295.1758927724218 103.09306053719536 0.01
25 14 36 3 11.5014332 1264.0664943383817 109.90512854853444 0.01
27 15 39 3 10.1322996 1191.3728470831084 117.58168373575415 0.01
29 16 42 3 8.8493922 1129.0102786504906 127.58054487069639 0.01
31 17 45 3 7.77312077 1074.6316947947398 138.24971032770148 0.01
33 18 48 3 7.06870285 1035.871064581428 146.54330314386155 0.012583792750139782
10 7 13 4 94.7880709 2919.0469560828265 30.795509691956678 0.01
12 8 16 4 72.1406466 3144.7818489289803 43.59237125175671 0.01
14 9 19 4 41.5518355 2248.6060992423236 54.11568639951714 0.01
16 10 22 4 30.8318101 2003.2949871946169 64.97493921690368 0.01
18 11 25 4 22.687298 1728.8045362846071 76.20142937623542 0.01
20 12 28 4 16.3298454 1401.1842930269233 85.80511687066696 0.01
22 13 31 4 14.3297758 1355.7502135094262 94.61070657570414 0.01
24 14 34 4 12.821234 1315.341054214855 102.590831289317 0.01
26 15 37 4 11.4911866 1258.3034498495056 109.50161142187923 0.01
28 16 40 4 9.86477692 1156.2118188645352 117.20607858049112 0.01
30 17 43 4 8.55364439 1108.4316297417397 129.58589101945816 0.01
32 18 46 4 7.60519772 1043.1903870634578 137.16808233927912 0.01
34 19 49 4 6.65750134 997.4167803084157 149.81848735285658 0.01
11 8 14 5 92.1565314 3047.2993035049008 33.06655813984879 0.01
13 9 17 5 59.141956 2665.300917412301 45.066161109252135 0.01
15 10 20 5 38.3041486 2086.554018161125 54.47331671434475 0.01
17 11 23 5 27.575138 1797.4863034289142 65.18503383116031 0.01
19 12 26 5 19.111374 1456.698844254508 76.22156545387621 0.01
21 13 29 5 16.2238115 1386.868861256775 85.48354135258383 0.01
23 14 32 5 14.6244138 1386.4948175495226 94.80686450143544 0.01
25 15 35 5 13.2336963 1350.7397517282316 102.06821443591927 0.01
27 16 38 5 10.9873863 1195.9312634739715 108.84583747401066 0.01
29 17 41 5 9.31587457 1099.3874484551336 118.01226392586923 0.01
31 18 44 5 8.18152871 1063.365977985718 129.9715512439628 0.01
33 19 47 5 7.1577428 987.697840514904 137.9901273506089 0.01
35 20 50 5 6.39877048 976.7521112057182 152.64684274246983 0.01
10 8 12 6 129.64839 2712.787109364637 20.924186635596765 0.01
12 9 15 6 91.2819793 3065.2580742137284 33.58010088869456 0.01
14 10 18 6 53.4439031 2310.505387931991 43.232347450536246 0.01
16 11 21 6 33.8982083 1815.031719160485 53.54358859021127 0.01
18 12 24 6 23.0174909 1493.6337554058757 64.89124995834693 0.01
20 13 27 6 18.7125406 1398.989169462985 74.76211805589803 0.01
22 14 30 6 16.3967568 1389.7173146675427 84.7556215914322 0.01
24 15 33 6 14.4585648 1353.4960500140076 93.61206099889026 0.01
26 16 36 6 12.4587294 1248.2223284467561 100.18857367965278 0.01
28 17 39 6 10.2410784 1102.3422060571556 107.63927029961567 0.01
30 18 42 6 8.7941206 1038.9959599687168 118.14665811709665 0.01
32 19 45 6 7.64962838 984.7436649392628 128.73091554537226 0.01
34 20 48 6 6.83096136 957.7464228989757 140.20668137683268 0.01
36 21 51 6 6.28594666 964.0950975710276 153.37309552846693 0.01
11 9 13 7 120.305978 2590.588774308442 21.533333732663245 0.01
13 10 16 7 79.9928892 2627.596430538248 32.84787506510327 0.01
15 11 19 7 42.0031262 1745.5661615667448 41.558005784025305 0.01
17 12 22 7 27.7296323 1452.5665463983137 52.38318816071404 0.01
19 13 25 7 21.956184 1402.2613372608648 63.86635023922485 0.01
21 14 28 7 18.2531027 1351.8754979321984 74.06277826575744 0.01
23 15 31 7 16.5386236 1377.8661690675422 83.31202174935174 0.01
25 16 34 7 13.7928387 1258.6047569771051 91.25059636759944 0.01
27 17 37 7 11.4484791 1123.432960044362 98.12945022927649 0.01
29 18 40 7 9.45159919 1004.1583529092604 106.24216418018256 0.01
31 19 43 7 8.09418542 963.2311721465004 119.00285478591128 0.01
33 20 46 7 7.23272574 929.7157031640374 128.54292234839218 0.01
35 21 49 7 6.58411027 938.6615974425041 142.56468360188993 0.01
37 22 52 7 6.25317 964.8851164034096 154.3033559624014 0.01
10 9 11 8 256.090733 2639.7231583916064 10.30776524971564 0.01
12 10 14 8 147.021488 3168.9332446079793 21.554218282758633 0.01
14 11 17 8 66.3833803 2073.8539346057833 31.240559387509578 0.01
16 12 20 8 34.6203415 1426.3370754172963 41.1993935824491 0.01
18 13 23 8 28.1831579 1484.6678483548387 52.679258074015856 0.01
20 14 26 8 22.3515889 1412.734743779611 63.20511486230902 0.01
22 15 29 8 18.899867 1391.1764377768297 73.60773691036184 0.01
24 16 32 8 15.6348222 1286.3665893282412 82.27574147458108 0.01
26 17 35 8 13.0863043 1174.2394604527606 89.7304107816567 0.01
28 18 38 8 10.7130217 1030.574543352933 96.19830634273175 0.01
30 19 41 8 8.77879579 933.0570385113039 106.28531074548481 0.01
32 20 44 8 7.81896539 931.7692432321394 119.16784341107557 0.01
34 21 47 8 7.05893814 914.7427241328677 129.5864485551176 0.01
36 22 50 8 6.4064574 921.1536798851824 143.78518772093645 0.01
38 23 53 8 6.10999281 949.285354781678 155.3660346748719 0.01
13 11 15 9 130.394851 2734.0803418065293 20.967701721646428 0.01
15 12 18 9 50.2114311 1503.8682905214732 29.950715555714826 0.01
17 13 21 9 40.0363991 1635.5032495148319 40.850408285465214 0.01
19 14 24 9 30.4667609 1607.8844154374274 52.77503639835331 0.01
21 15 27 9 23.6664329 1489.27222647597 62.92761705022179 0.01
23 16 30 9 19.2793021 1389.6165030746722 72.0781538598678 0.01
25 17 33 9 15.2055527 1234.112154494135 81.16193990726394 0.01
27 18 36 9 12.4896937 1093.524308503385 87.55413341348675 0.013952406016728522
29 19 39 9 9.74650064 934.3847950847584 95.86874608616024 0.01
31 20 42 9 8.44885968 910.7151472333345 107.79148686646604 0.01
33 21 45 9 7.64099063 913.2395958239315 119.51848131293043 0.01
35 22 48 9 6.79984669 894.2445709785029 131.5095195151382 0.01
37 23 51 9 6.34978374 922.2643940250773 145.24343375906489 0.01
39 24 54 9 6.04724312 938.3666857487841 155.17264100815316 0.01
14 12 16 10 82.1404284 1666.8220314677599 20.292346460026007 0.01
16 13 19 10 51.3303964 1551.8512005115133 30.232597239625317 0.01
18 14 22 10 39.698009 1677.059519821807 42.245431498134 0.01
20 15 25 10 29.8768871 1582.543827983525 52.96883248534701 0.01
22 16 28 10 22.251254 1401.5084279379007 62.98559298895697 0.01
24 17 31 10 17.6728883 1269.2164036365712 71.81714624635359 0.01
26 18 34 10 14.106823 1123.3186076350053 79.62945360801686 0.01
28 19 37 10 11.2301285 972.3276491869618 86.58205907322983 0.01
30 20 40 10 9.20350461 889.4655628162462 96.64422418497016 0.01
32 21 43 10 8.26080533 905.1705312526424 109.57412686695552 0.01
34 22 46 10 7.29645876 880.784487912693 120.71396781425692 0.01
36 23 49 10 6.49349464 876.147880467531 134.92701989317897 0.01
38 24 52 10 6.40819277 938.5909941178916 146.4673470049016 0.01
40 25 55 10 5.94464193 923.0737902550514 155.27828271652544 0.01
13 12 14 11 210.395941 2244.6739849605 10.668808410902281 0.01
15 13 17 11 84.2495436 1712.9422049945156 20.331768360992232 0.01
17 14 20 11 60.9271095 1910.2478116647476 31.353002421110222 0.01
19 15 23 11 43.6444638 1890.6271088274095 43.31883002369271 0.01
21 16 26 11 29.2638715 1547.534100851299 52.88206999033942 0.01
23 17 29 11 22.1170114 1386.708415602706 62.698725000553466 0.01
25 18 32 11 17.4182188 1242.1572489913972 71.313678123701 0.01
27 19 35 11 13.4410476 1060.6765080782616 78.91323203693301 0.01
29 20 38 11 10.5257358 918.0717343439117 87.22162058674432 0.01
31 21 41 11 9.09716626 891.2889061106508 97.97434504738301 0.01
33 22 44 11 8.04211996 895.017449599173 111.2912334124363 0.01
35 23 47 11 6.90153369 847.8431481775508 122.84851255685905 0.011560037420721774
37 24 50 11 6.76778466 931.3151495263053 137.61004469168574 0.01
39 25 53 11 6.11742715 904.3160268730522 147.82620286259595 0.01
41 26 56 11 5.84811296 904.2040555394013 154.61467001817306 0.01
14 13 15 12 297.354095 3082.509906698914 10.366461933873534 0.01
16 14 18 12 103.159872 2149.747832390507 20.838992824559796 0.01
18 15 21 12 69.7660668 2295.4819166561683 32.902555955127575 0.01
20 16 24 12 44.1140538 1894.8678794838995 42.95383707139378 0.01
22 17 27 12 28.5400689 1520.36268929736 53.271163942332315 0.01
24 18 30 12 21.6270816 1336.0067079833873 61.77471064720019 0.01
26 19 33 12 15.97355 1136.218446763929 71.13124175677473 0.01
28 20 36 12 13.1082778 1029.986561304597 78.5752771660513 0.01
30 21 39 12 10.3241628 908.9680645531162 88.04278682559288 0.01
32 22 42 12 8.90796165 885.4597198519741 99.40093532530801 0.01
34 23 45 12 7.63278585 865.9681252030596 113.45374313142291 0.01
36 24 48 12 7.02025284 881.2643589238145 125.53171217745121 0.01
38 25 51 12 6.5765008 911.0666335875138 138.5336459759138 0.01
40 26 54 12 6.23626772 923.210703639578 148.0389786151737 0.01
15 14 16 13 185.688852 1949.8752535770254 10.500766376524453 0.01
17 15 19 13 108.163556 2296.745370119246 21.234003901639905 0.01
19 16 22 13 60.0088348 1961.0013131324176 32.67854341228465 0.01
21 17 25 13 35.6404747 1527.615061701982 42.86180457921853 0.01
23 18 28 13 25.4879066 1329.0037138299565 52.14252134108011 0.01
25 19 31 13 18.8653512 1158.1629668716023 61.391010143060704 0.01
27 20 34 13 14.4102757 1015.017680418558 70.43707570553686 0.01
29 21 37 13 11.5589338 906.3425117782199 78.41056341876617 0.01
31 22 40 13 9.3122177 823.2743788266616 88.40798243222575 0.01
33 23 43 13 8.00132681 819.4746047223675 102.41733954651048 0.01
35 24 46 13 7.17409088 822.6845039589058 114.67439118347296 0.01
37 25 49 13 6.70928615 864.6394010088133 128.87204117964373 0.01
39 26 52 13 6.36739315 885.8081176039627 139.11629088019527 0.01
41 27 55 13 6.04264656 890.64369777263 147.39298235120177 0.01
16 15 17 14 219.132073 2354.4824085372243 10.744581458585591 0.01
18 16 20 14 93.3551315 2031.5120451880975 21.76111813615835 0.01
20 17 23 14 49.8810901 1605.8231211663185 32.19302380816089 0.01
22 18 26 14 31.1244374 1301.7901465820562 41.82533903671641 0.01
24 19 29 14 21.1027367 1087.1086140062628 51.51505368525319 0.01
26 20 32 14 16.4739199 1014.0807251430915 61.55673520927412 0.01
28 21 35 14 13.434624 933.1148869251048 69.45597338080357 0.01
30 22 38 14 10.038033 785.1089623203801 78.21342710473058 0.01
32 23 41 14 8.36400721 743.9492933021163 88.94651506429253 0.01
34 24 44 14 7.58617623 793.2791209578618 104.56903410980497 0.01
36 25 47 14 6.55920746 758.2802382772197 115.60546649903031 0.01
38 26 50 14 6.62057396 858.8022377145793 129.7171881023106 0.01
40 27 53 14 6.16054394 860.5902309796126 139.6938710869113 0.01
42 28 56 14 5.83279681 842.9426793479283 144.5177513989088 0.01
17 16 18 15 271.400678 2738.7087313823445 10.091016542642329 0.01
19 17 21 15 89.7340889 1944.6688198217626 21.671461132111215 0.01
21 18 24 15 47.4782819 1476.1389000293655 31.09082386634057 0.01
23 19 27 15 28.0226911 1153.2589305610102 41.1544675151135 0.01
25 20 30 15 20.283798 1039.3421374140858 51.240016165320014 0.01
27 21 33 15 15.0949014 921.4327751763125 61.04264948536282 0.01
29 22 36 15 11.9507583 822.7530743737565 68.84526100521641 0.01
31 23 39 15 8.7857832 692.5857022083421 78.83027459729966 0.01
33 24 42 15 7.94136819 723.5128962834202 91.10683184221183 0.01
35 25 45 15 6.75030458 713.9070950626436 105.75924191299877 0.01
37 26 48 15 6.75937468 796.2114516966179 117.79365538834399 0.01
39 27 51 15 6.33543465 821.5692005376833 129.67842712065277 0.01
41 28 54 15 5.95980096 827.5840507173799 138.86102174750815 0.01
18 17 19 16 226.052377 2494.99907940427 11.037260976929565 0.01
20 18 22 16 94.5973894 1959.0554083091986 20.709402455340893 0.01
22 19 25 16 43.3751183 1361.6677641621616 31.392831132916164 0.01
24 20 28 16 25.7500665 1073.263404657233 41.68002458002324 0.01
26 21 31 16 19.7154808 1015.5284368213157 51.509189510677096 0.01
28 22 34 16 14.2125122 854.1820531257404 60.10070852398215 0.01
30 23 37 16 10.4787425 724.3053793671911 69.1214026270033 0.01
32 24 40 16 8.63189788 681.9827006274825 79.00727164620749 0.01
34 25 43 16 7.18703516 680.966690613891 94.74931949740052 0.01
36 26 46 16 6.7199834 716.2110755955949 106.57929238271554 0.01
38 27 49 16 6.70845099 806.421382734271 120.20977479545856 0.01
40 28 52 16 6.28932615 819.9481387871865 130.37138148531008 0.01
42 29 55 16 6.09319501 828.0754513977155 135.90168212878444 0.01
19 18 20 17 293.542409 3058.4058798251012 10.418957486395437 0.01
21 19 23 17 89.2195512 1844.6093759410214 20.674945694425567 0.01
23 20 26 17 47.6134344 1484.0260914545868 31.16822195574673 0.01
25 21 29 17 28.3995421 1181.078292166726 41.587934340910586 0.01
27 22 32 17 19.327326 990.8213172542494 51.26530784725468 0.01
29 23 35 17 13.5069218 811.8139680467892 60.10355135444622 0.01
31 24 38 17 10.0228498 694.4425252945573 69.28593555243712 0.01
33 25 41 17 7.84251287 630.5932603183188 80.40704182080849 0.01165689301712998
35 26 44 17 7.1691803 693.4517196966108 96.72677916840937 0.01
37 27 47 17 6.96257361 751.0120902786311 107.86415086513264 0.015002820693935204
39 28 50 17 6.64142781 803.7008502406334 121.01326299602336 0.01
41 29 53 17 6.29488251 817.0717266032108 129.7993608784941 0.01
43 30 56 17 6.04580109 800.9672938383399 132.48323620225815 0.01
20 19 21 18 299.115437 3186.7912435178696 10.65405141065277 0.01
22 20 24 18 102.813545 2225.390603744266 21.644916569546027 0.01
24 21 27 18 45.1176414 1438.6003329509695 31.88553941011131 0.01
26 22 30 18 26.9840448 1126.9566072973482 41.76381323297196 0.01
28 23 33 18 17.2797355 892.9098518317953 51.6738147891092 0.01
30 24 36 18 13.3936109 809.0269658533125 60.40394721734916 0.01
32 25 39 18 8.73999276 609.5306690906918 69.7404089257726 0.012113458240718314
34 26 42 18 7.7824734 652.6242089136242 83.85819974837617 0.012140153808885742
36 27 45 18 6.96796719 685.1160228751992 98.32365799001404 0.01
38 28 48 18 7.10566119 780.8241755963088 109.88761703065506 0.01
40 29 51 18 6.70448058 810.3409427472591 120.86558131953886 0.010228524906793905
42 30 54 18 6.31529754 802.6621578984342 127.09807460606744 0.013877701992864519
21 20 22 19 257.501283 2734.528786034102 10.619476354353163 0.01
23 21 25 19 111.413433 2372.590559832182 21.29537252327717 0.01
25 22 28 19 43.2173456 1364.9448603849182 31.583264576640687 0.01
27 23 31 19 25.60217 1066.7018585024703 41.66450962955368 0.01
29 24 34 19 16.7335459 855.6218653137273 51.13213125460321 0.01
31 25 37 19 11.1679459 670.7040255962738 60.0561671413786 0.01
33 26 40 19 8.44392332 594.7356736144709 70.43357111093128 0.01
35 27 43 19 7.31597367 636.8035494015759 87.04289792797681 0.01
37 28 46 19 7.40771468 734.6919603767652 99.1793005149552 0.01
39 29 49 19 7.23873821 803.0646846956708 110.93987120383386 0.01
41 30 52 19 6.76736306 810.2029774077292 119.72210892550062 0.01
43 31 55 19 6.47926193 801.3814334292864 123.68406187111599 0.01
22 21 23 20 296.346907 3234.6788858436653 10.915176806092548 0.01
24 22 26 20 90.988749 1895.5208894940267 20.832475556884805 0.01
26 23 29 20 38.1960718 1208.8895020114912 31.649576646033307 0.01
28 24 32 20 25.6002164 1059.461803848161 41.3848768812814 0.01
30 25 35 20 15.2621415 773.4719895571212 50.679125832840775 0.01
32 26 38 20 9.99914615 593.109090036142 59.31597369802841 0.01
34 27 41 20 7.9819295 577.7867281668839 72.38684934098752 0.01
36 28 44 20 7.32769989 649.5531248400985 88.64352178594727 0.01
38 29 47 20 7.6770468 755.7533718507779 98.4432414624303 0.01
40 30 50 20 7.24513936 800.505757972405 110.48866256347691 0.01
42 31 53 20 6.67731418 780.6384474425057 116.90904851844275 0.01
44 32 56 20 6.14994389 752.2934927934518 122.32526121363553 0.01
25 23 27 21 84.8546388 1779.3318174261387 20.969175552322763 0.01
27 24 30 21 43.2097644 1340.9990860879846 31.034630822656943 0.01
29 25 33 21 20.5970997 850.9928268802623 41.31614835462792 0.01
31 26 36 21 14.6825168 735.3834916861156 50.085656410494664 0.01
33 27 39 21 9.06334466 544.4478193768921 60.07140187217509 0.01
35 28 42 21 7.58377293 569.1627201005688 75.05007406657266 0.01
37 29 45 21 7.93113812 705.6550235261371 88.9727316369239 0.01
39 30 48 21 7.67285763 755.0780425551618 98.40897341857257 0.01
41 31 51 21 7.01959498 762.1983243937627 108.58152451322238 0.01
43 32 54 21 6.50918678 741.6871016018553 113.94466416000667 0.01
24 23 25 22 252.531184 2710.251787641444 10.732344990872273 0.01
26 24 28 22 93.4957687 1984.0017643987812 21.22023051936019 0.01
28 25 31 22 41.1113033 1267.0170662278267 30.81918996783122 0.01
30 26 34 22 20.4368936 834.2898527250393 40.82273309506486 0.01
32 27 37 22 13.483244 665.5260339904669 49.359489006537814 0.01
34 28 40 22 8.69891762 537.7614490356335 61.81935184663049 0.01
36 29 43 22 7.92068631 613.1466968902511 77.41080417692379 0.01
38 30 46 22 8.3177402 732.0715659301308 88.01327624180072 0.01
40 31 49 22 7.71215429 764.751635329485 99.16186924853199 0.01
42 32 52 22 6.90387178 733.3606552387292 106.22454741457108 0.01
44 33 55 22 6.42254386 719.9699683272977 112.10043621676375 0.01
27 25 29 23 91.4884468 1884.567897310423 20.59897138083694 0.01
29 26 32 23 40.1525438 1234.7506753742928 30.75149314386136 0.01
31 27 35 23 22.5256716 905.6827943751255 40.206694408841756 0.01
33 28 38 23 12.0801768 599.7853187568836 49.65037587503551 0.01
35 29 41 23 9.06571561 569.4326339034889 62.81165860479589 0.01
37 30 44 23 9.3283358 729.3373847865842 78.1851554686297 0.01
39 31 47 23 8.50332605 735.1521612259919 86.45465984760068 0.01
41 32 50 23 7.55059913 742.1119866097237 98.28517894178334 0.01
43 33 53 23 6.91157318 711.4060761227191 102.92968874022962 0.01
45 34 56 23 6.61298878 729.7105326884082 110.34504321182413 0.01
26 25 27 24 271.098853 2850.904339434432 10.516106239056763 0.01
28 26 30 24 80.9501223 1627.841267926388 20.109188493794132 0.01
30 27 33 24 35.0450803 1084.8371963478462 30.955477546668547 0.01
32 28 36 24 21.8708142 863.9035639011711 39.50029276464573 0.01
34 29 39 24 11.1660327 567.9165746398822 50.86108825741503 0.01
36 30 42 24 9.43397928 609.0550413795022 64.55971794115517 0.01
38 31 45 24 9.33363988 722.3998536036357 77.39744225096841 0.01
40 32 48 24 8.26334377 718.2371872964621 86.91846875643927 0.01
42 33 51 24 7.3203091 691.1246951877308 94.41195525305493 0.01
44 34 54 24 6.74196789 676.9375942398972 100.40652896670755 0.01
27 26 28 25 257.42412 2608.165069258759 10.131782015060434 0.01
29 27 31 25 83.3294047 1684.1596440543824 20.210868541754774 0.01
31 28 34 25 34.2698559 1042.9497008519702 30.43344284537742 0.01
33 29 37 25 20.0444841 784.5938137118181 39.142629453447405 0.01
35 30 40 25 11.8122794 608.0414335418026 51.475368381635356 0.01
37 31 43 25 10.7838072 717.9457434968572 66.57627776365078 0.01
39 32 46 25 9.28673431 708.6861613225673 76.3116653999082 0.01
41 33 49 25 8.17861342 705.4990406590772 86.26144854014596 0.01
43 34 52 25 7.45387954 673.3101679666629 90.33016489647522 0.01
45 35 55 25 7.18173727 711.7964456179213 99.11201410712722 0.01
28 27 29 26 207.110741 2088.274883792593 10.08289031128807 0.01
30 28 32 26 76.1987376 1585.8319687959113 20.811787947467405 0.01
32 29 35 26 37.599738 1103.4338588598919 29.34684967379006 0.01
34 30 38 26 18.0225706 721.0055391214585 40.00569924922133 0.01
36 31 41 26 11.9735646 627.5062518762406 52.40763906483126 0.01
38 32 44 26 10.9144352 734.2935767204583 67.27728583889144 0.01
40 33 47 26 9.18277458 685.9679294994439 74.7015973792361 0.01
42 34 50 26 8.15600441 672.5467684614171 82.46032427800233 0.01
44 35 53 26 7.31461885 649.5315053790569 88.79909106665987 0.015570594240291285
46 36 56 26 7.01762141 689.4677511673539 98.24806880930812 0.010050476298335994
29 28 30 27 213.21454 2155.3175562448614 10.108680000176637 0.01
31 29 33 27 66.8263076 1361.8706108268655 20.37925870420028 0.01
33 30 36 27 41.3877672 1198.8744219917162 28.966878454649187 0.01
35 31 39 27 17.1020297 695.4084814430837 40.662336204636794 0.01
37 32 42 27 13.196149 720.774036990563 54.62002869098878 0.01
39 33 45 27 10.5271828 690.0356778393749 65.54799046895765 0.01
41 34 48 27 9.18673166 666.5352862554483 72.55412598559 0.01
43 35 51 27 8.25599757 645.6976545414901 78.209525749835 0.01
45 36 54 27 7.53152998 662.1013321193889 87.91060168088036 0.01
30 29 31 28 210.841735 2103.484581099478 9.976604399975546 0.01
32 30 34 28 72.6820384 1384.1968054543215 19.044551252628622 0.01
34 31 37 28 37.5706628 1102.832541328186 29.353555650558977 0.01
36 32 40 28 16.6100962 690.86851677825 41.59328810980938 0.01
38 33 43 28 13.1384728 725.7020305750216 55.23488472534049 0.01
40 34 46 28 10.8803642 682.5272591540164 62.73018500189694 0.01
42 35 49 28 9.53381645 665.8748876908269 69.84347676326692 0.01
44 36 52 28 8.03304379 615.4094073171096 76.60974138883782 0.01
46 37 55 28 7.13991012 620.4030845740898 86.89228213619162 0.01
31 30 32 29 232.33993 2341.123433802354 10.076285353974042 0.01
33 31 35 29 86.4725858 1641.1316105603053 18.978634620179303 0.01
35 32 38 29 29.4493669 899.1312122034915 30.53142756028115 0.01
37 33 41 29 17.3249512 735.6687974196262 42.462965056988224 0.01
39 34 44 29 13.5583347 729.7876934515753 53.82576176199392 0.01
41 35 47 29 11.217449 673.8668323041418 60.07309079846423 0.01
43 36 50 29 9.43988566 632.9695978724466 67.05267634273936 0.01
45 37 53 29 7.5865963 580.7322557523446 76.54714087691006 0.01
47 38 56 29 6.67500552 575.9809121306946 86.28920386730925 0.01
32 31 33 30 208.304126 1995.189058220463 9.578250304175267 0.01
34 32 36 30 90.05605 1815.7648863467232 20.16260857928727 0.01
36 33 39 30 25.195363 783.7987306583533 31.10884850749534 0.01
38 34 42 30 18.4094706 778.6546414742355 42.296416795072616 0.01
40 35 45 30 14.2122946 738.7774701472182 51.981575877776855 0.024450799723430297
42 36 48 30 11.3077051 650.9197737869498 57.564268614234535 0.01
44 37 51 30 8.16640179 533.4556041001414 65.32321306470293 0.01
46 38 54 30 7.12388646 547.9660338828381 76.91953499815298 0.01
33 32 34 31 225.275519 2201.9626933084646 9.774531662752333 0.01
35 33 37 31 62.1132023 1257.491164219783 20.245151073458388 0.01
37 34 40 31 27.9033827 859.435243532367 30.800396237706586 0.01
39 35 43 31 20.2080479 849.7164340255663 42.048417453799004 0.01
41 36 46 31 14.4992096 717.8617521546583 49.510405874445624 0.01
43 37 49 31 10.2008561 567.2446053698635 55.6075489948205 0.01
45 38 52 31 7.95109589 523.5304578128678 65.843811350748 0.01
47 39 55 31 7.15454844 550.1059305741265 76.88897981297706 0.01
34 33 35 32 217.471831 2152.6822476548555 9.898671647524113 0.01
36 34 38 32 52.4655855 1022.3758220532145 19.48659892594193 0.01
38 35 41 32 33.3756555 993.9084754139519 29.77944434421526 0.01
40 36 44 32 21.9230164 897.0748027388769 40.91931449446331 0.01
42 37 47 32 12.9413412 591.2477531936026 45.68674483241371 0.01
44 38 50 32 8.86188758 487.9911085935612 55.066271625346126 0.01
46 39 53 32 7.76459497 519.3379743173404 66.88539148840373 0.01
48 40 56 32 7.31945328 546.2446862215373 74.62916495609318 0.01
35 34 36 33 179.330206 1723.0524224609107 9.608266565315331 0.01
37 35 39 33 64.2771133 1271.2670276332697 19.77791102254229 0.01
39 36 42 33 34.126687 1021.7138882190796 29.938853666606423 0.01
41 37 45 33 17.3699603 678.1720290074053 39.042808232981706 0.01
43 38 48 33 11.1954614 496.97221584519696 44.39050773246353 0.01
45 39 51 33 8.76697911 489.6037051669854 55.84634102852167 0.01
47 40 54 33 7.78693662 525.2027070091575 67.44663949880172 0.01
36 35 37 34 213.477923 2060.743750888623 9.65319374448206 0.01
38 36 40 34 67.1040901 1327.0229915174161 19.775590273854505 0.01
40 37 43 34 28.1602221 860.3954729399517 30.553575532344674 0.01
42 38 46 34 14.5508555 538.2033003585436 36.98774277282484 0.01
44 39 49 34 10.0414276 460.8166855715585 45.89155087584941 0.01
46 40 52 34 8.8461255 510.51794989875333 57.71090969699145 0.01
48 41 55 34 8.34367506 558.0880544360035 66.88755859051916 0.01
37 36 38 35 220.792119 2228.752422997213 10.094347719889464 0.01
39 37 41 35 47.8957581 928.0134215572075 19.37569125891354 0.01
41 38 44 35 21.6321502 658.5242539534835 30.44192314980706 0.01
43 39 47 35 13.0654116 460.7488183672094 35.26477637851145 0.01
45 40 50 35 10.5837787 503.5784484963543 47.580213340662 0.01
47 41 53 35 9.06020986 540.6952967657735 59.678010236042525 0.01
49 42 56 35 8.3517056 557.5323134507804 66.75670098462048 0.01
38 37 39 36 115.55803 1126.7620179778107 9.750616361128783 0.01
40 38 42 36 36.1352271 730.6711066115937 20.220465325693045 0.01
42 39 45 36 17.8425132 511.6173414020698 28.6740626540251 0.01
44 40 48 36 12.3404201 443.75884033820904 35.959783924877 0.01
46 41 51 36 10.7730168 530.2364982652776 49.21894285593963 0.01
48 42 54 36 9.70454475 585.9371876349803 60.37760685631135 0.01
39 38 40 37 122.494991 1210.9924736574321 9.886057085039765 0.01
41 39 43 37 29.8344326 630.1578310910852 21.121830588830612 0.01
43 40 46 37 18.4253497 494.0728602177349 26.814843042991736 0.01
45 41 49 37 14.8007887 573.3721114530804 38.739294444023805 0.01
47 42 52 37 11.9690644 626.3081809055731 52.32724630553187 0.01
49 43 55 37 10.7116442 646.7640524921848 60.37953094933687 0.01
40 39 41 38 58.2727498 588.0301979087483 10.090997935174638 0.01
42 40 44 38 28.6914202 562.5587465094353 19.607211584090052 0.01
44 41 47 38 17.5064297 464.09811040461034 26.51015189034291 0.01
46 42 50 38 14.8688123 624.3632719288306 41.991469078456966 0.01
48 43 53 38 12.6945733 676.7549404763737 53.310570153340535 0.01
50 44 56 38 11.6095103 693.9650076224785 59.77556242165343 0.01
41 40 42 39 45.4252586 462.4204306273983 10.179808434318925 0.01
43 41 45 39 27.094937 486.5984562259544 17.95901781303106 0.01
45 42 48 39 19.1456192 560.1073244290478 29.255116722944532 0.01
47 43 51 39 14.7811598 654.204669929831 44.259359805434954 0.01
49 44 54 39 13.322392 682.787048834691 51.25108530320163 0.01
42 41 43 40 52.1811283 511.4602431073817 9.80163250144558 0.01
44 42 46 40 24.1920781 446.6842023588086 18.46406912677785 0.01
46 43 49 40 19.7143816 659.4843037647065 33.45193966239887 0.01
48 44 52 40 17.2701365 744.0454422160751 43.08277715211314 0.01
50 45 55 40 14.0571142 694.2329514249589 49.38659112728549 0.01
43 42 44 41 56.5237625 544.3212478507127 9.629954266592085 0.01
45 43 47 41 27.6690002 555.3736998847118 20.072055219570665 0.01
47 44 50 41 21.7119686 750.918990121026 34.58548618760558 0.01
49 45 53 41 16.2316926 651.3679679509863 40.12939278747716 0.01
51 46 56 41 15.0168138 719.7058959578392 47.926671099686885 0.01
44 43 45 42 40.9714545 395.3391044711129 9.64913521610791 0.01
46 44 48 42 32.909685 699.6809552276274 21.260639693987567 0.01
48 45 51 42 21.1199032 643.6391200637482 30.475476803499188 0.01
50 46 54 42 17.3996695 649.524816363065 37.32972148482849 0.01
45 44 46 43 62.509954 596.3539478207508 9.540143763675635 0.01
47 45 49 43 29.477238 616.9250924896842 20.928863568889465 0.01
49 46 52 43 21.5637828 577.3963923784444 26.776210729522113 0.01
51 47 55 43 20.092574 717.5386974848856 35.71163642273437 0.01
46 45 47 44 53.9172236 508.05443720363087 9.422859770613835 0.01
48 46 50 44 29.9176116 563.8445612783404 18.846576685898963 0.01
50 47 53 44 23.3296739 608.5076521521163 26.082990047799868 0.01
52 48 56 44 18.7282832 672.8229754106084 35.92550199212111 0.01
47 46 48 45 59.3198805 583.0356129674901 9.828671400770778 0.01
49 47 51 45 30.8791173 525.9351787813526 17.032066482721405 0.01
51 48 54 45 27.7022072 773.9387899131071 27.937802368076547 0.01
48 47 49 46 69.8531436 656.5921861087843 9.399608267719884 0.01
50 48 52 46 39.202577 713.6729462407292 18.204745729872023 0.01
52 49 55 46 27.6536846 818.5906803353221 29.601504905256718 0.01
49 48 50 47 66.4595174 628.9089689993276 9.463038457142448 0.01
51 49 53 47 48.2999186 1013.9320266973319 20.992416883645266 0.01
53 50 56 47 27.3626336 804.6895571405578 29.40833725670901 0.01
50 49 51 48 87.9381514 843.3588038460304 9.590363117935981 0.01
52 50 54 48 45.0930413 913.1007447127886 20.24926060404776 0.01
51 50 52 49 133.384573 1323.1547918708634 9.919848765950343 0.01
53 51 55 49 44.1133289 797.7810877785693 18.084808099317332 0.01
52 51 53 50 110.208075 1028.9038166269577 9.336011146433306 0.01
54 52 56 50 50.7173917 920.4146906624235 18.147910604448995 0.01
53 52 54 51 158.938329 1473.3001753710803 9.269634232602762 0.01
54 53 55 52 146.540148 1409.808427549595 9.620629204971154 0.01
55 54 56 53 122.888538 1157.8088180061156 9.421617645138847 0.01
