72
# x y z
15.0 1614.458 0.0
16.0 1614.222 0.0
17.0 1614.02 0.0
18.0 1613.88 0.0
19.0 1613.679 0.0
20.0 1613.454 0.0
21.0 1613.205 0.0
22.0 1613.036 0.0
23.0 1612.768 0.0
24.0 1612.504 0.0
25.0 1612.287 0.0
26.0 1612.061 0.0
27.0 1611.808 0.0
28.0 1611.499 0.0
29.0 1611.231 0.0
30.0 1610.932 0.0
31.0 1610.656 0.0
32.0 1610.402 0.0
33.0 1610.049 0.0
34.0 1609.657 0.0
35.0 1609.276 0.0
36.0 1608.929 0.0
37.0 1608.615 0.0
38.0 1608.312 0.0
39.0 1607.962 0.0
40.0 1607.589 0.0
41.0 1607.153 0.0
42.0 1606.723 0.0
43.0 1606.329 0.0
44.0 1605.892 0.0
45.0 1605.557 0.0
46.0 1605.195 0.0
47.0 1605.202 0.0
48.0 1605.572 0.0
49.0 1606.233 0.0
50.0 1606.749 0.0
51.0 1607.263 0.0
52.0 1607.953 0.0
53.0 1608.528 0.0
54.0 1609.109 0.0
55.0 1609.592 0.0
56.0 1610.191 0.0
57.0 1610.75 0.0
58.0 1611.34 0.0
59.0 1611.96 0.0
60.0 1612.534 0.0
61.0 1613.087 0.0
62.0 1613.628 0.0
63.0 1614.139 0.0
64.0 1614.611 0.0
65.0 1615.197 0.0
66.0 1615.732 0.0
67.0 1616.265 0.0
68.0 1616.72 0.0
69.0 1617.197 0.0
70.0 1617.641 0.0
71.0 1618.028 0.0
72.0 1618.483 0.0
73.0 1618.879 0.0
74.0 1619.378 0.0
75.0 1619.755 0.0
76.0 1620.121 0.0
77.0 1620.527 0.0
78.0 1620.862 0.0
79.0 1621.173 0.0
80.0 1621.503 0.0
81.0 1621.908 0.0
82.0 1622.221 0.0
83.0 1622.608 0.0
84.0 1622.934 0.0
85.0 1623.2 0.0
86.0 1623.485 0.0
828
# a b m n r rhoa k err
1 4 2 3 304.45507770125755 1947.68087553591 6.3972684911074 0.05
2 5 3 4 299.6711571479207 1931.37400975369 6.44497798231661 0.05
3 6 4 5 285.291143104501 1821.42634913133 6.38444758330317 0.05
4 7 5 6 310.26943763306633 1999.2508404258997 6.44359578461051 0.05
5 8 6 7 270.03356767805116 1721.2180662562698 6.37408926992514 0.05
6 9 7 8 258.8863564409197 1697.15966506096 6.55561648127358 0.05
7 10 8 9 249.69967439617483 1599.12734208439 6.4042027525723 0.05
8 11 9 10 267.62953530455576 1726.4543488751997 6.45091113322204 0.05
9 12 10 11 213.93808572899874 1388.8934240167 6.49203445606244 0.05
10 13 11 12 240.28960142616626 1552.89409724807 6.46259383690071 0.05
11 14 12 13 210.70178642444543 1374.32093214437 6.52258794510592 0.05
12 15 13 14 213.3577076696277 1376.90108590738 6.45348649901804 0.05
13 16 14 15 210.1484222952346 1386.97601110925 6.5999829832684 0.05
14 17 15 16 178.18349450944388 1156.1547232069 6.48856240242624 0.05
15 18 16 17 193.28124434548047 1260.32732188008 6.52069126597358 0.05
16 19 17 18 176.24508495729611 1171.92778529815 6.64942109212354 0.05
17 20 18 19 184.2184858099275 1214.09749367469 6.59053019753603 0.05
18 21 19 20 181.84931848192699 1212.26225491184 6.66630078700196 0.05
19 22 20 21 173.62643307675344 1161.4009369962 6.68907905562277 0.05
20 23 21 22 160.377911613749 1067.13661057182 6.65388768212602 0.05
21 24 22 23 183.13026193976933 1212.45278733389 6.62071235246013 0.05
22 25 23 24 171.39666481489522 1139.64346776332 6.64915778258644 0.05
23 26 24 25 166.33252323104585 1101.92109991139 6.62480841693693 0.05
24 27 25 26 160.02495185924082 1085.03432216599 6.78040711501288 0.05
25 28 26 27 149.5697770227856 1006.8084191066201 6.73136270674016 0.05
26 29 27 28 165.29048322858264 1121.7129488733 6.78631296226575 0.05
27 30 28 29 137.27681330241242 947.027337878242 6.89866930252816 0.05
28 31 29 30 161.29232574794776 1065.94493654513 6.60877652797249 0.05
29 32 30 31 132.43629841892465 906.867089429443 6.84757200447287 0.05
30 33 31 32 136.75191348394762 873.3367575775949 6.3862854663464 0.05
31 34 32 33 146.3104383933026 1027.84499018428 7.02509678373932 0.05
32 35 33 34 132.8852964782528 929.3432015823659 6.99357435481552 0.05
33 36 34 35 140.9389318000497 930.825423914994 6.6044591939689 0.05
34 37 35 36 127.48902257245076 944.519239234558 7.40863189768199 0.05
35 38 36 37 140.37265738591424 1051.25443066432 7.48902564246681 0.05
36 39 37 38 138.31112974622897 959.9610719079681 6.94059164775307 0.05
37 40 38 39 139.17997859467968 1050.48759393257 7.54769187737701 0.05
38 41 39 40 131.23936941951325 923.6030180334001 7.03754538076952 0.05
39 42 40 41 136.0930663356225 1016.13389617624 7.46646338080389 0.05
40 43 41 42 144.89436847243144 1010.57078754696 6.97453460890882 0.05
41 44 42 43 149.46027847900183 1101.32289033096 7.36866612011357 0.05
42 45 43 44 144.099594391763 1050.69865491531 7.2914754503665 0.05
43 46 44 45 144.18866274133168 1040.03574767491 7.21302027428252 0.05
44 47 45 46 151.49151916310447 1106.18241799988 7.30194286855689 0.05
45 48 46 47 148.43980636850284 1069.17754987578 7.20276842197934 0.05
46 49 47 48 161.54054326082257 1147.53288125939 7.10368343510266 0.05
47 50 48 49 161.3859791282768 1136.04251254323 7.03928878257914 0.05
48 51 49 50 177.35408592536766 1291.72286020214 7.28329913270625 0.05
49 52 50 51 181.2660360576064 1254.86304878081 6.92276984741926 0.05
50 53 51 52 156.98456876354123 1136.09610979712 7.23699226456054 0.05
51 54 52 53 185.95626706908536 1294.32406414812 6.96036807228046 0.05
52 55 53 54 188.52814426482098 1341.23087725664 7.11422096943067 0.05
53 56 54 55 195.32941361897278 1337.87381815667 6.84932081333356 0.05
54 57 55 56 217.06283580351914 1484.25261170963 6.83789376571651 0.05
55 58 56 57 220.29165642788954 1534.69515923965 6.96665132091382 0.05
56 59 57 58 240.85492213454935 1607.86407538321 6.67565379662453 0.05
57 60 58 59 196.4637374547884 1388.88847086381 7.06943932176507 0.05
58 61 59 60 237.7515070045133 1571.04085904905 6.60791125508713 0.05
59 62 60 61 215.46557357666555 1492.18215837211 6.92538549709971 0.05
60 63 61 62 270.47636608657996 1833.196814083 6.77765987693058 0.05
61 64 62 63 238.92847732759182 1576.89624802777 6.59986731454245 0.05
62 65 63 64 261.1346271969263 1751.37435384475 6.7067871183702 0.05
63 66 64 65 246.6944626367902 1639.10976999746 6.64429088710731 0.05
64 67 65 66 256.43363676270104 1720.44216149792 6.70911267030848 0.05
65 68 66 67 271.0690375798422 1766.53564226881 6.51692151210182 0.05
66 69 67 68 259.1386345288148 1776.05195900703 6.85367491511399 0.05
67 70 68 69 285.7254204905542 1865.7488032370898 6.5298663312275 0.05
68 71 69 70 254.3846500385066 1684.81447665714 6.62309803835297 0.05
69 72 70 71 284.8219477510449 1881.9004658793801 6.60728739740344 0.05
1 7 3 5 82.50132540455455 1069.63753784733 12.9650951981952 0.05
2 8 4 6 81.40671106681393 1039.30640742776 12.7668394141947 0.05
3 9 5 7 94.42943158681057 1204.42988000128 12.7548144658059 0.05
4 10 6 8 84.29678537636785 1093.47310194509 12.9717058255894 0.05
5 11 7 9 82.92835800891321 1073.75936341348 12.9480359818299 0.05
6 12 8 10 69.3542415345503 886.61998536678 12.783933120011 0.05
7 13 9 11 85.84523002617338 1105.45040606848 12.8772490414603 0.05
8 14 10 12 78.19072572648773 1025.3574743295 13.113543387693 0.05
9 15 11 13 71.30534093828777 929.9173667852641 13.0413424092604 0.05
10 16 12 14 76.38914527209923 987.1112492211789 12.9221402557271 0.05
11 17 13 15 67.34363270820184 872.847380261591 12.9610973622943 0.05
12 18 14 16 73.87952411066085 961.2595261626051 13.0111764759445 0.05
13 19 15 17 76.6593976479294 1005.81130150581 13.1205218455428 0.05
14 20 16 18 77.1180094500858 1030.29209036623 13.3599414418636 0.05
15 21 17 19 64.92555511430184 866.344881853216 13.3436653768768 0.05
16 22 18 20 64.4980491330111 843.5688535439351 13.0789824635515 0.05
17 23 19 21 70.3910192664442 918.564085427646 13.0494499866623 0.05
18 24 20 22 74.53772875905007 986.5213441680609 13.2351945865842 0.05
19 25 21 23 68.7706572205133 921.614715597829 13.4012782899932 0.05
20 26 22 24 63.181515218970816 851.818904229667 13.4820904702504 0.05
21 27 23 25 66.90629864661453 902.234967900871 13.4850527700881 0.05
22 28 24 26 65.03618440723666 874.564265328915 13.4473489381336 0.05
23 29 25 27 65.25486297021224 869.796388797895 13.3292194513525 0.05
24 30 26 28 60.08664178886686 804.239403578777 13.3846622083611 0.05
25 31 27 29 61.73997832889071 832.008326304268 13.4760061280251 0.05
26 32 28 30 57.23966819213184 769.611557509628 13.4454231098324 0.05
27 33 29 31 44.785457850473556 583.999783625425 13.0399422414133 0.05
28 34 30 32 50.071529026681006 668.994704103124 13.3607804096944 0.05
29 35 31 33 59.15480630019764 877.158716824935 14.8281901621577 0.05
30 36 32 34 58.52019216196214 873.66970788228 14.9293718220249 0.05
31 37 33 35 49.53664269990925 664.888102503382 13.4221470464045 0.05
32 38 34 36 42.81227547068007 570.118720314264 13.3167114816102 0.05
33 39 35 37 48.69304809652807 715.020519434588 14.6842423587274 0.05
34 40 36 38 53.19917595383568 770.702509275544 14.4871136715413 0.05
35 41 37 39 54.58087666621527 756.887307429871 13.8672618261255 0.05
36 42 38 40 53.92541065632465 779.599922566772 14.4570048346092 0.05
37 43 39 41 56.34415852141242 841.555892645185 14.9359918530928 0.05
38 44 40 42 61.84582369576467 903.802850102405 14.6138056879708 0.05
39 45 41 43 59.14252111099632 853.204070271864 14.4262377430716 0.05
40 46 42 44 59.99068852143654 866.50593466036 14.444007162057 0.05
41 47 43 45 58.88430202853427 845.961105091964 14.3664962638434 0.05
42 48 44 46 53.57647003977058 765.883053202912 14.2951383813526 0.05
43 49 45 47 60.871195575348594 879.430870540411 14.4474059073116 0.05
44 50 46 48 60.72387922027494 868.961686902822 14.3100489965517 0.05
45 51 47 49 66.94110882675118 962.6461637459771 14.3804932517234 0.05
46 52 48 50 62.25383576741659 905.929510618126 14.5521878202449 0.05
47 53 49 51 68.25261524245218 971.0240383458579 14.2269132823191 0.05
48 54 50 52 65.15997705589285 900.566528623974 13.8208539860517 0.05
49 55 51 53 59.38946381606539 827.665805567779 13.9362397365825 0.05
50 56 52 54 70.69548880157348 1001.50975930349 14.1665299481061 0.05
51 57 53 55 73.24532997038352 1021.8235796965602 13.9506993839707 0.05
52 58 54 56 69.46305251053005 959.7789053051218 13.8171138557383 0.05
53 59 55 57 64.43731621419953 891.741780059889 13.8389031767804 0.05
54 60 56 58 77.01055100812071 1069.35881817543 13.8858741325285 0.05
55 61 57 59 71.12843102843125 971.895847936437 13.663957349881 0.05
56 62 58 60 74.86999934505931 1003.38707593615 13.4017241179843 0.05
57 63 59 61 78.51327079833291 1059.12800755249 13.4897960151595 0.05
58 64 60 62 71.73505790496361 980.935431110211 13.6744216810946 0.05
59 65 61 63 77.9001161746911 1047.83714004917 13.4510343694404 0.05
60 66 62 64 76.87020927678876 1018.60273987648 13.2509427183783 0.05
61 67 63 65 73.57132471025378 996.9025159478679 13.5501504135473 0.05
62 68 64 66 74.8738934797297 1008.54676982044 13.4699388925658 0.05
63 69 65 67 80.20855907709034 1058.23214571092 13.1935065021406 0.05
64 70 66 68 77.06143549175441 1019.4558341425501 13.2291311164536 0.05
65 71 67 69 86.82340711923496 1147.50309757791 13.2165177070515 0.05
66 72 68 70 75.740012089803 993.6199394641101 13.1188246746779 0.05
1 10 4 7 47.22602880758819 909.385735143871 19.2560280443854 0.05
2 11 5 8 42.787482838626026 825.794212990584 19.299901705017 0.05
3 12 6 9 43.255181277635955 832.407909519136 19.2441202402153 0.05
4 13 7 10 47.41136325805509 916.2047622480129 19.3245816885966 0.05
5 14 8 11 41.37412082373701 801.101305648908 19.3623765218306 0.05
6 15 9 12 45.173938965134106 880.366703761479 19.4883759072008 0.05
7 16 10 13 45.796376628382134 896.331925558163 19.5721144672975 0.05
8 17 11 14 38.856102049464326 758.062815403892 19.5094920854096 0.05
9 18 12 15 42.178120667530095 818.823129731149 19.4134569481068 0.05
10 19 13 16 44.03844805347296 855.902262693397 19.4353411740153 0.05
11 20 14 17 45.35146712169606 894.780644786173 19.7299161763636 0.05
12 21 15 18 38.50294432382454 769.895911926947 19.995767218523 0.05
13 22 16 19 36.765010054628505 735.0704272425 19.9937502029857 0.05
14 23 17 20 39.53990724627082 779.510834016577 19.7145337029109 0.05
15 24 18 21 41.35772276617172 805.045549902786 19.4654225633832 0.05
16 25 19 22 42.513233842119156 830.821986511972 19.5426673397132 0.05
17 26 20 23 42.83432335726456 850.971427563457 19.866578035232 0.05
18 27 21 24 38.12063776236916 776.430695695409 20.3677257588241 0.05
19 28 22 25 37.12468230042933 760.9777757364379 20.4978932769921 0.05
20 29 23 26 36.28781101248608 738.051300223585 20.3388212083014 0.05
21 30 24 27 34.00203764450104 682.659015675763 20.0770031141403 0.05
22 31 25 28 40.029485489441974 793.8556963836609 19.8317736707619 0.05
23 32 26 29 35.843272359071975 711.3042853725 19.8448478210017 0.05
24 33 27 30 30.280918792942845 589.543188687853 19.4691314592888 0.05
25 34 28 31 30.34831493806469 590.283347522184 19.4502841006772 0.05
26 35 29 32 28.519190013243286 595.542932878797 20.8821825795981 0.05
27 36 30 33 34.84173443887073 781.627043303037 22.4336433272112 0.05
28 37 31 34 38.53989881709257 873.911788979141 22.6755081305911 0.05
29 38 32 35 33.455646031081145 743.082051662492 22.2109610728231 0.05
30 39 33 36 31.4393891913821 656.69385872196 20.8876150463498 0.05
31 40 34 37 28.534247702892447 572.187955190741 20.0526735853891 0.05
32 41 35 38 29.455551081003776 595.783570568852 20.2265294215826 0.05
33 42 36 39 33.61323458538181 709.936111175492 21.1207317573727 0.05
34 43 37 40 31.141549602639333 662.941365845814 21.2880018594074 0.05
35 44 38 41 30.425071856973187 666.944198968053 21.9208750632809 0.05
36 45 39 42 30.81482186344871 680.302191100744 22.0771093247075 0.05
37 46 40 43 32.21847916282639 719.020372216037 22.3170177767311 0.05
38 47 41 44 34.747751557441056 749.133779829443 21.5592015670729 0.05
39 48 42 45 35.97990128041301 770.03012249919 21.4016741318405 0.05
40 49 43 46 35.9467485093524 761.700884849932 21.1897018906107 0.05
41 50 44 47 36.408830259096774 775.9606060554729 21.3124288952293 0.05
42 51 45 48 34.58102891630545 746.151634913949 21.5769067114752 0.05
43 52 46 49 37.56399283879634 817.639859836458 21.7665854464756 0.05
44 53 47 50 35.96610045379071 789.1473372068311 21.9414205946716 0.05
45 54 48 51 43.10204649982314 921.962082215121 21.3902159429693 0.05
46 55 49 52 39.77017142114819 838.82596172392 21.0918367145349 0.05
47 56 50 53 36.90202812173456 762.3761890997359 20.6594658316547 0.05
48 57 51 54 36.02313630156035 749.395423753195 20.8031698706016 0.05
49 58 52 55 38.502454087689614 804.311556835713 20.88987769465 0.05
50 59 53 56 37.5167735870899 789.924397503275 21.0552326859765 0.05
51 60 54 57 39.69901321405148 836.77458947323 21.0779694941398 0.05
52 61 55 58 41.392984828795754 862.368175798379 20.8336794112624 0.05
53 62 56 59 41.137712931935944 849.693209599256 20.6548480467329 0.05
54 63 57 60 40.53425663886444 820.032064220131 20.230593384902 0.05
55 64 58 61 37.88594521703289 765.791013037664 20.2130634104749 0.05
56 65 59 62 40.67923089754426 816.7075370251549 20.0767693735935 0.05
57 66 60 63 41.773805592322674 846.6651755368802 20.2678487997867 0.05
58 67 61 64 42.24350595830212 856.6580616962729 20.2790474479525 0.05
59 68 62 65 38.754132573092285 786.288407205369 20.2891499563921 0.05
60 69 63 66 42.642057411181014 865.66769501654 20.3007956832204 0.05
61 70 64 67 44.646353992010745 894.2197165561629 20.0289527945816 0.05
62 71 65 68 43.344229524655944 861.217175868366 19.86924638673 0.05
63 72 66 69 45.113692430032245 882.524248781727 19.5622260392552 0.05
1 13 5 9 29.47594623954058 757.61685248017 25.7028848649433 0.05
2 14 6 10 28.68918588686205 737.732990477025 25.7146714928172 0.05
3 15 7 11 31.034523843161686 801.936047636596 25.8401273268866 0.05
4 16 8 12 30.992141367824047 803.224115197173 25.9170254053848 0.05
5 17 9 13 31.405411283844654 817.300129765902 26.0241817048367 0.05
6 18 10 14 30.965983404048043 803.928586674312 25.9616682016699 0.05
7 19 11 15 27.545872600461568 716.152036318873 25.9985242328781 0.05
8 20 12 16 27.96071619315435 730.573304792742 26.1285619347479 0.05
9 21 13 17 29.603688491040337 777.014828762684 26.2472302732766 0.05
10 22 14 18 28.96713071284041 767.513469851464 26.4960129278957 0.05
11 23 15 19 28.252765612299573 746.257732024046 26.4136170690196 0.05
12 24 16 20 32.630527014784015 857.576547578257 26.2814188440693 0.05
13 25 17 21 28.157354173296966 736.809367752571 26.1675640125067 0.05
14 26 18 22 29.910316493155957 779.038782625198 26.0458221096877 0.05
15 27 19 23 29.843335415861123 787.224018589504 26.3785534565654 0.05
16 28 20 24 28.566768997727525 765.849039211026 26.8090885347219 0.05
17 29 21 25 26.018754093334046 704.540987132995 27.0781984642953 0.05
18 30 22 26 25.742656924067724 703.424143909048 27.3252347643802 0.05
19 31 23 27 22.95134180920251 618.233131356471 26.9366879067866 0.05
20 32 24 28 22.84380505145275 606.456091605842 26.5479455038194 0.05
21 33 25 29 21.32443533929342 552.116053341389 25.8912390671388 0.05
22 34 26 30 21.570588924078262 546.072993704928 25.3156274790148 0.05
23 35 27 31 23.597846111279743 616.873826061715 26.1411072499049 0.05
24 36 28 32 19.690331390700955 552.571758098945 28.0631009775643 0.05
25 37 29 33 25.02722927947343 743.900776924302 29.7236569265151 0.05
26 38 30 34 22.995043625715834 712.742588241039 30.99548754254 0.05
27 39 31 35 25.043564283439743 757.629492517045 30.2524626264175 0.05
28 40 32 36 25.894492908961684 769.009980412254 29.6978196528464 0.05
29 41 33 37 21.6750317028318 610.903645612333 28.1846713761678 0.05
30 42 34 38 19.30643492256741 509.52700614953096 26.3915636518652 0.05
31 43 35 39 18.51536745521316 486.70848818807804 26.2867312444853 0.05
32 44 36 40 20.0236819730128 545.463588713126 27.2409234949038 0.05
33 45 37 41 20.254441642387974 578.468251932792 28.560069052814 0.05
34 46 38 42 21.906612480937255 643.743204840593 29.3857941478066 0.05
35 47 39 43 22.89485904633643 668.302159260822 29.1900534486043 0.05
36 48 40 44 22.82591851423701 666.77424734726 29.2112778257479 0.05
37 49 41 45 26.835029867927638 769.501564640101 28.6752639526511 0.05
38 50 42 46 25.375492729848094 717.668952588933 28.2819711218758 0.05
39 51 43 47 21.72269262592194 615.329463772539 28.3265741668811 0.05
40 52 44 48 24.328782345586834 691.202847412804 28.4109100732773 0.05
41 53 45 49 23.585220655917162 682.502701596066 28.9377280608497 0.05
42 54 46 50 26.029287694605582 754.720034313498 28.9950321794595 0.05
43 55 47 51 24.984178013176695 716.744386841924 28.6879314766294 0.05
44 56 48 52 26.448893146560447 750.740410970914 28.3845681863078 0.05
45 57 49 53 27.55985176021578 766.795877597185 27.8229318600363 0.05
46 58 50 54 27.608411311141328 762.963141131432 27.6351700404992 0.05
47 59 51 55 24.412922672537963 676.200339916923 27.698459090176 0.05
48 60 52 56 25.287811646762364 705.957501616582 27.9169076184956 0.05
49 61 53 57 25.798618985488613 726.027571614694 28.1421099332129 0.05
50 62 54 58 26.24068981362503 732.921015563721 27.9307068819191 0.05
51 63 55 59 30.638769292158127 852.57536581874 27.8266844757682 0.05
52 64 56 60 29.657278738288593 809.043120472615 27.2797490158162 0.05
53 65 57 61 26.93192415961265 724.684328258625 26.9080041947158 0.05
54 66 58 62 29.50913177660821 795.500920151273 26.9577880560303 0.05
55 67 59 63 30.883152739785928 827.618792550383 26.7983906799834 0.05
56 68 60 64 28.79238695005981 778.79075038181 27.0484955530994 0.05
57 69 61 65 25.67124647398491 698.975039035571 27.2279353378461 0.05
58 70 62 66 28.53094808686328 773.113939869712 27.0973799228804 0.05
59 71 63 67 31.708837751585563 852.912049248375 26.8982438249641 0.05
60 72 64 68 29.326895028901276 780.156655777797 26.6020884586985 0.05
1 16 6 11 23.13410615212205 747.581275569041 32.3151139124719 0.05
2 17 7 12 23.10917779693483 748.892043163451 32.4066935545748 0.05
3 18 8 13 21.307418514470996 688.552000358399 32.3151300515718 0.05
4 19 9 14 22.904829647538186 743.575449477777 32.4636969984056 0.05
5 20 10 15 18.67474797886403 610.650001858142 32.6992365599403 0.05
6 21 11 16 20.59997812281451 674.465711694469 32.7410887367641 0.05
7 22 12 17 21.438565899498595 702.777921999183 32.7810136785138 0.05
8 23 13 18 19.918742064569795 656.663379543844 32.96711094582 0.05
9 24 14 19 22.225824388867895 731.144247734549 32.8961587629907 0.05
10 25 15 20 19.313079547385524 631.986694526353 32.7232481477511 0.05
11 26 16 21 20.605529849775817 674.502953637395 32.7340747146443 0.05
12 27 17 22 21.05220922932703 691.812249269363 32.8617410996289 0.05
13 28 18 23 22.170425946581943 731.313208724686 32.9859791817592 0.05
14 29 19 24 19.029739453799657 632.640052315323 33.2448089397779 0.05
15 30 20 25 21.068348973498708 708.225343911399 33.6156072221063 0.05
16 31 21 26 19.11413738535606 643.703504807127 33.6768273571314 0.05
17 32 22 27 16.97823165729834 569.836162743878 33.5627510712475 0.05
18 33 23 28 16.62116237711599 546.232285703892 32.8636634015407 0.05
19 34 24 29 15.675421390453263 501.226227680033 31.9752952852223 0.05
20 35 25 30 14.999498137620371 478.822097459506 31.9225412121335 0.05
21 36 26 31 15.860706635644338 522.646602739347 32.9522898787362 0.05
22 37 27 32 16.661860539684323 582.906608973443 34.984484931026 0.05
23 38 28 33 18.710022972389556 698.102107058937 37.3116648808571 0.05
24 39 29 34 20.184487846761833 773.455260938659 38.3192908737956 0.05
25 40 30 35 21.415737194928383 818.351396784438 38.2126185680985 0.05
26 41 31 36 18.62298944376465 701.686390892917 37.6785044641614 0.05
27 42 32 37 20.74452786007098 769.610424182601 37.0994427722766 0.05
28 43 33 38 15.050353408048615 527.716012604708 35.0633635169322 0.05
29 44 34 39 15.25464967881303 510.436994105879 33.4610761212575 0.05
30 45 35 40 15.132934842790995 497.038773184019 32.8448366656913 0.05
31 46 36 41 14.796782950481738 495.511354476378 33.487776102051 0.05
32 47 37 42 14.554163591110653 502.41382951385697 34.5202818677069 0.05
33 48 38 43 16.052345290746477 579.128858168368 36.0775231082409 0.05
34 49 39 44 16.81238916961979 611.12617863659 36.3497521066728 0.05
35 50 40 45 17.285809855976805 618.2268242154121 35.7649904381918 0.05
36 51 41 46 18.7610876260931 667.493397881568 35.578608830397 0.05
37 52 42 47 18.691922790836315 669.282109135697 35.8059530110948 0.05
38 53 43 48 17.949603398689508 637.529247298585 35.5177344667755 0.05
39 54 44 49 19.404006874868468 689.72409422025 35.5454468073582 0.05
40 55 45 50 19.294577931374697 692.0198444479369 35.8660265546753 0.05
41 56 46 51 20.53076435012012 733.938053600766 35.7482089358486 0.05
42 57 47 52 20.521437467270104 725.566600182821 35.3565193149864 0.05
43 58 48 53 19.07322736595428 670.825757281834 35.1710669836222 0.05
44 59 49 54 19.580187920927443 684.62278013039 34.965077091965 0.05
45 60 50 55 20.653579592838103 716.311402411845 34.6821914909237 0.05
46 61 51 56 20.407004692075645 709.639472198153 34.7743082782608 0.05
47 62 52 57 19.87008284583202 693.432232164495 34.8983060385151 0.05
48 63 53 58 20.689512862407618 721.955588410232 34.8947601237151 0.05
49 64 54 59 22.288444358413027 774.192070698607 34.7351326207017 0.05
50 65 55 60 20.76813532342368 714.267918032224 34.3924915216931 0.05
51 66 56 61 22.015932805029248 750.969265572266 34.1102633362288 0.05
52 67 57 62 21.443500142148157 727.14461911197 33.9097915121951 0.05
53 68 58 63 20.944410290313318 705.248495949637 33.672396891299 0.05
54 69 59 64 22.054817511831356 743.646993435327 33.7181204531117 0.05
55 70 60 65 22.192415366701397 754.494889803479 33.9978716753635 0.05
56 71 61 66 23.05751823455844 779.878346142735 33.823169441274 0.05
57 72 62 67 23.369923147809896 784.293651191732 33.5599585086882 0.05
1 19 7 13 17.72499544272326 691.2227501992119 38.9970622239558 0.05
2 20 8 14 18.293795289599345 712.370424168546 38.9405485789793 0.05
3 21 9 15 17.63408200410201 690.608291416775 39.1632686780138 0.05
4 22 10 16 17.653988815673173 694.3941314886771 39.3335545150111 0.05
5 23 11 17 17.073036781095574 671.916815173057 39.35543651596 0.05
6 24 12 18 16.85433820472714 664.215060574686 39.4091451415395 0.05
7 25 13 19 17.225927268680053 677.352566627593 39.3216896868679 0.05
8 26 14 20 15.857784764135603 624.390087310343 39.3743575535519 0.05
9 27 15 21 18.207201825905827 716.541845080517 39.3548581452531 0.05
10 28 16 22 15.771816539378108 622.62733832786 39.4772115674388 0.05
11 29 17 23 15.137576862935674 600.092012670347 39.6425410819661 0.05
12 30 18 24 16.788991266685816 669.0999339231819 39.8534922852017 0.05
13 31 19 25 16.142899416227507 645.075570693072 39.9603289384691 0.05
14 32 20 26 15.331749000233756 614.441153885949 40.0763901024326 0.05
15 33 21 27 13.824519213744408 545.753921001756 39.4772442038465 0.05
16 34 22 28 12.711858205681963 490.369305525607 38.5757375193519 0.05
17 35 23 29 11.943429777288479 456.735939100236 38.2416062736653 0.05
18 36 24 30 12.456724125887295 483.909669182914 38.8472654842908 0.05
19 37 25 31 12.072927096930137 484.722597409498 40.1495506034118 0.05
20 38 26 32 13.792073938736205 587.111109724324 42.5687327614575 0.05
21 39 27 33 14.874408845999303 661.951081740024 44.5026816590473 0.05
22 40 28 34 15.204232972001074 692.120362925885 45.5215573321219 0.05
23 41 29 35 16.026814155176417 724.327728859528 45.1947418773544 0.05
24 42 30 36 16.484495161228704 750.3053305704759 45.5158209718902 0.05
25 43 31 37 15.524438280715028 701.090346697455 45.1604324755745 0.05
26 44 32 38 14.515481242501428 640.194049277929 44.1042249018542 0.05
27 45 33 39 13.517217948608968 574.734422935974 42.518691724958 0.05
28 46 34 40 12.618848128072278 512.830402571843 40.6400328593372 0.05
29 47 35 41 11.717090600163194 466.288878210083 39.7956194179798 0.05
30 48 36 42 11.696895080261887 462.607738404736 39.5496185295678 0.05
31 49 37 43 12.232974546768691 490.671398364235 40.1105549993844 0.05
32 50 38 44 11.454809520871681 477.509702063877 41.6863939285775 0.05
33 51 39 45 12.2451107216054 523.388992199876 42.7426916831714 0.05
34 52 40 46 13.42301833723162 579.157259730848 43.1465744276331 0.05
35 53 41 47 14.29525448498363 608.892740105354 42.594046908711 0.05
36 54 42 48 14.948932650494125 638.015197204924 42.6796489168633 0.05
37 55 43 49 15.998808695756654 684.419992641545 42.7794347477305 0.05
38 56 44 50 16.046160081610886 684.6298444717041 42.66627286464 0.05
39 57 45 51 15.654172522057069 663.698657999303 42.3975561189285 0.05
40 58 46 52 15.677193328774838 662.772658168998 42.2762317380182 0.05
41 59 47 53 14.98145682038423 632.014162649581 42.1864288785082 0.05
42 60 48 54 15.847606984505587 669.83311492669 42.2671457956772 0.05
43 61 49 55 16.010183535077875 672.642819030557 42.013435858297 0.05
44 62 50 56 16.27702543157137 678.002491264048 41.6539553934084 0.05
45 63 51 57 15.365346783358786 643.584452633477 41.8854492324574 0.05
46 64 52 58 16.94002423205467 706.1951418423099 41.6879652690234 0.05
47 65 53 59 18.077867247462617 753.3323340171439 41.6715270504534 0.05
48 66 54 60 16.666324244621126 685.806959297777 41.1492629827548 0.05
49 67 55 61 16.979946699218342 700.471852289298 41.2528887573919 0.05
50 68 56 62 17.69794397022265 729.148236721747 41.1996013745191 0.05
51 69 57 63 16.77975057952057 683.775893873682 40.7500630377796 0.05
52 70 58 64 17.437258883226384 710.11221357157 40.7238441733899 0.05
53 71 59 65 17.32286169650871 701.5375862725411 40.4977883310083 0.05
54 72 60 66 17.62658207646042 717.363116209523 40.697800237037 0.05
1 22 8 15 13.70896426976776 626.177715115847 45.6765152198077 0.05
2 23 9 16 14.364323278832577 656.486228045116 45.7025517528223 0.05
3 24 10 17 14.617917052890729 669.420873820281 45.7945459259465 0.05
4 25 11 18 15.021521690582523 690.823389380208 45.9889086878134 0.05
5 26 12 19 14.369067393356918 660.03660345643 45.9345471343239 0.05
6 27 13 20 15.117002342875287 694.042410643926 45.9113781225966 0.05
7 28 14 21 13.078847274233771 601.480012059796 45.9887633403865 0.05
8 29 15 22 14.048950455562197 647.633526250106 46.098356478558 0.05
9 30 16 23 13.151146193784195 609.222699650246 46.3246846072011 0.05
10 31 17 24 14.179639861342082 657.43945614815 46.3650320161181 0.05
11 32 18 25 11.785088354410982 546.067216079312 46.335436753423 0.05
12 33 19 26 10.980953733663142 503.72924644303293 45.872995976552 0.05
13 34 20 27 10.5684127764625 475.822075579747 45.0230404171454 0.05
14 35 21 28 9.436441301071138 419.709676795151 44.4775380256442 0.05
15 36 22 29 10.1127910689952 452.850889527195 44.7800104281389 0.05
16 37 23 30 10.025466885497371 458.088262360662 45.6924617668752 0.05
17 38 24 31 10.64756133219131 506.42522229077196 47.5625550763132 0.05
18 39 25 32 11.26490228122233 563.730110116578 50.0430537294824 0.05
19 40 26 33 13.387582630538887 695.083220755454 51.9199948144391 0.05
20 41 27 34 13.677392914154492 719.408039962438 52.598331018036 0.05
21 42 28 35 13.139177345320265 691.229941690906 52.6083120369099 0.05
22 43 29 36 13.018955242535469 685.913395200589 52.6857480053066 0.05
23 44 30 37 13.82981684024273 730.740046312853 52.8380133124039 0.05
24 45 31 38 12.535402397149 653.353078128178 52.1206306290394 0.05
25 46 32 39 13.788623335538231 708.934521394594 51.414452635559 0.05
26 47 33 40 11.967755525656486 595.99932554471 49.8004261757358 0.05
27 48 34 41 10.35428790749016 497.26161770759603 48.0247045620475 0.05
28 49 35 42 9.384997981946832 435.4710073993729 46.4007566370343 0.05
29 50 36 43 10.853734151722657 496.711198337664 45.7640837148041 0.05
30 51 37 44 10.05257198575407 462.35943468098 45.9941431243874 0.05
31 52 38 45 10.755995578037997 506.143149699549 47.0568387674881 0.05
32 53 39 46 9.697804515597026 471.374156268741 48.6062753183597 0.05
33 54 40 47 10.962512058185416 544.27303360732 49.6485687512586 0.05
34 55 41 48 11.83996981669321 588.221768170832 49.681019232118 0.05
35 56 42 49 12.340637207508056 611.191599989172 49.5267456381687 0.05
36 57 43 50 12.33721157464279 611.559517195673 49.5703193136963 0.05
37 58 44 51 13.25600930754208 655.877213707783 49.4777273077666 0.05
38 59 45 52 12.311941536405403 605.283129280268 49.1622809847249 0.05
39 60 46 53 12.914853392067874 634.778020149612 49.1510047291349 0.05
40 61 47 54 13.330926394282072 654.243338192172 49.0771097853178 0.05
41 62 48 55 13.66912188967223 670.871688570593 49.0793552055069 0.05
42 63 49 56 13.910718671499673 680.396961013691 48.9117044978913 0.05
43 64 50 57 12.780219206376952 622.954593816434 48.7436548432282 0.05
44 65 51 58 12.631435916663147 614.496248728765 48.6481705471136 0.05
45 66 52 59 14.62199193994778 709.691926400849 48.5359265218815 0.05
46 67 53 60 14.160463185765115 684.440193152485 48.3345907668135 0.05
47 68 54 61 13.295651236843744 639.793252905189 48.1204900390475 0.05
48 69 55 62 14.975538103086178 721.269706088342 48.1631912738883 0.05
49 70 56 63 14.357396800844002 688.294739919958 47.9400792126534 0.05
50 71 57 64 15.322489959081299 731.258066861267 47.7244931348685 0.05
51 72 58 65 14.575437428922559 693.757617299659 47.5977218991048 0.05
1 25 9 17 13.3649891623844 699.211109440732 52.3166237507063 0.05
2 26 10 18 12.772250922554013 671.000274323725 52.5357885929748 0.05
3 27 11 19 11.506139139879643 604.814413622671 52.5644967673316 0.05
4 28 12 20 12.03473846013977 632.610258550768 52.5653515982948 0.05
5 29 13 21 11.770304326906457 618.249596157211 52.5262201372242 0.05
6 30 14 22 11.951837453588919 630.196592246632 52.7280089520792 0.05
7 31 15 23 10.454936122565666 551.384169948184 52.7391237482638 0.05
8 32 16 24 10.85940806183228 575.378520343613 52.9843355243187 0.05
9 33 17 25 10.056173350513495 526.493588754964 52.3552618281068 0.05
10 34 18 26 8.563578136496167 439.1358770798221 51.2794850564062 0.05
11 35 19 27 8.641578417199403 436.98698587389896 50.5679593214314 0.05
12 36 20 28 8.218313386503231 416.670155317839 50.7002027936934 0.05
13 37 21 29 8.855602637066179 455.356439734409 51.4201526871204 0.05
14 38 22 30 9.293900905981454 491.996742989893 52.937592940468 0.05
15 39 23 31 9.759265595953082 535.141408144751 54.834188380595 0.05
16 40 24 32 9.579617178912345 548.096160491608 57.2148291789921 0.05
17 41 25 33 11.469008414550242 675.280508437809 58.8787176737188 0.05
18 42 26 34 10.364635088472648 622.284674713569 60.0392266010081 0.05
19 43 27 35 10.531443796991956 632.528115923614 60.0609116961038 0.05
20 44 28 36 11.509791148716534 693.833372868681 60.2820124104555 0.05
21 45 29 37 11.909949982200125 718.694954685698 60.3440783344863 0.05
22 46 30 38 11.658421335564407 696.138106110481 59.7111809629738 0.05
23 47 31 39 10.334185334839855 610.74772741086 59.0997459037079 0.05
24 48 32 40 10.870792717444898 634.832148783238 58.3979628058303 0.05
25 49 33 41 9.243350735846647 527.511392776558 57.0692823253818 0.05
26 50 34 42 9.582346856396555 525.777396597381 54.8693764144434 0.05
27 51 35 43 9.060191451368633 482.7067365439929 53.2777634043346 0.05
28 52 36 44 8.450516789185611 442.376589461981 52.349057518956 0.05
29 53 37 45 8.622398383121679 448.468240178109 52.0120064338461 0.05
30 54 38 46 8.402355373661962 442.63662281904806 52.680064474128 0.05
31 55 39 47 8.958049123861374 481.65129948492995 53.7674322640144 0.05
32 56 40 48 9.80819305557958 542.619931143915 55.3231291501991 0.05
33 57 41 49 9.455789974132363 529.736825336302 56.0224821813377 0.05
34 58 42 50 10.659731650059411 604.151793352022 56.6760790219944 0.05
35 59 43 51 10.484126128592575 587.363653275732 56.0240926207344 0.05
36 60 44 52 10.416711449353224 585.350936226493 56.1934482943595 0.05
37 61 45 53 11.029687860339548 620.352852000698 56.2439173125975 0.05
38 62 46 54 10.640717596007747 595.76664924859 55.9893300309101 0.05
39 63 47 55 11.06457470679711 618.605670174214 55.908671283515 0.05
40 64 48 56 10.759874376706819 599.935126569845 55.756703616224 0.05
41 65 49 57 12.738255346575675 711.388210572386 55.8465968232944 0.05
42 66 50 58 11.649219187409974 645.102608953999 55.3773260315336 0.05
43 67 51 59 11.271464148064428 627.834448248621 55.7012327769711 0.05
44 68 52 60 11.937595723101696 660.322839631524 55.3145587225461 0.05
45 69 53 61 11.66634670782634 645.712638184167 55.3483154886004 0.05
46 70 54 62 11.928526322638799 657.752645913529 55.1411488831776 0.05
47 71 55 63 12.509957919502543 686.18075059975 54.8507640885043 0.05
48 72 56 64 12.76429449531676 698.265123926195 54.7045607716423 0.05
1 28 10 19 9.625035348274057 570.801680981617 59.303852955093 0.05
2 29 11 20 9.435123563261381 557.923091433872 59.1325686084622 0.05
3 30 12 21 9.554223628023193 564.763409888932 59.1113869506301 0.05
4 31 13 22 8.522364719417014 503.8396049837481 59.1196952455954 0.05
5 32 14 23 8.474280007207957 502.616437478597 59.3108130780535 0.05
6 33 15 24 9.12277511634203 536.752111934797 58.836494935986 0.05
7 34 16 25 8.895082959135939 514.94230180129 57.8906688298398 0.05
8 35 17 26 7.843239234823957 447.331926633978 57.0340790636381 0.05
9 36 18 27 8.057876739762191 456.2016123396971 56.615610671796 0.05
10 37 19 28 8.109265113787014 461.90077903580294 56.9596347578401 0.05
11 38 20 29 9.239460446028206 537.803664216531 58.2072586768547 0.05
12 39 21 30 8.446271518437293 506.807668969216 60.0037149957718 0.05
13 40 22 31 7.953009349133565 494.022623398459 62.1176968001779 0.05
14 41 23 32 7.991467091988382 513.736185319935 64.2855910443486 0.05
15 42 24 33 8.455566768785902 559.613004439444 66.1827905499227 0.05
16 43 25 34 9.815065467567658 658.316288134615 67.072022118438 0.05
17 44 26 35 9.713404472989634 652.942003950353 67.2207160492502 0.05
18 45 27 36 9.50386602442812 645.25726390011 67.8941877170388 0.05
19 46 28 37 9.906757757967917 674.17936137948 68.0524726505242 0.05
20 47 29 38 9.726129719097013 654.218006922817 67.2639606726894 0.05
21 48 30 39 11.082317167813452 739.802964626019 66.7552600619156 0.05
22 49 31 40 10.579948992648886 697.256705897328 65.9035980591015 0.05
23 50 32 41 9.630534926690117 628.993463114118 65.3124118132755 0.05
24 51 33 42 9.372881026223295 599.129688320355 63.9216145648408 0.05
25 52 34 43 8.333951522406386 516.832786445797 62.0153339092815 0.05
26 53 35 44 7.723637693647402 464.716451836191 60.1680801545643 0.05
27 54 36 45 8.564621154441665 503.171042963999 58.7499474746821 0.05
28 55 37 46 8.154760110987734 474.162430254966 58.1454786899346 0.05
29 56 38 47 7.550353399761766 441.070211705132 58.4171612045403 0.05
30 57 39 48 7.971452506077997 471.288865415583 59.122081585036 0.05
31 58 40 49 7.736514295995451 467.41458285161 60.4166896057507 0.05
32 59 41 50 7.803450466608308 482.454011945302 61.8257287605999 0.05
33 60 42 51 9.329734439329822 586.823588087835 62.898209150955 0.05
34 61 43 52 10.150885840525307 639.808506263406 63.0298198910979 0.05
35 62 44 53 8.772078027465525 549.451045603635 62.6363609492864 0.05
36 63 45 54 9.913060017123607 624.574651499278 63.005232533688 0.05
37 64 46 55 9.499483587536032 598.535988386701 63.0072132733637 0.05
38 65 47 56 9.684129586185142 606.368043051606 62.6146147317791 0.05
39 66 48 57 9.672459096520665 605.957617335734 62.6477311807611 0.05
40 67 49 58 9.71791033564583 607.233637428549 62.4860300677176 0.05
41 68 50 59 10.223113122610261 638.101965007123 62.4175784180501 0.05
42 69 51 60 9.737133307300082 606.774188005407 62.3154853544522 0.05
43 70 52 61 10.465796976815252 652.950857762831 62.3890239041809 0.05
44 71 53 62 10.501215959678733 654.405295668568 62.3170971991503 0.05
45 72 54 63 10.442749190149712 645.727171541014 61.8349784891996 0.05
1 31 11 21 7.943807018019772 521.763872818778 65.6818414187563 0.05
2 32 12 22 7.839257555876374 514.148547458443 65.5863828677287 0.05
3 33 13 23 7.976836580568467 519.204422337252 65.0890133066072 0.05
4 34 14 24 7.590264523667889 488.553233172704 64.3657716604345 0.05
5 35 15 25 6.807698031054769 431.674179280292 63.4097131381442 0.05
6 36 16 26 7.096357861479632 447.24953347051 63.0252225438439 0.05
7 37 17 27 7.213718631057434 454.418098655712 62.9935989878081 0.05
8 38 18 28 6.446932681165168 410.63833102484 63.6951479615302 0.05
9 39 19 29 7.257662699231176 471.515620114517 64.967971047272 0.05
10 40 20 30 7.018153038334921 469.515626276303 66.9001692769722 0.05
11 41 21 31 7.485647077473612 516.249756237352 68.9652812768706 0.05
12 42 22 32 7.243718143946136 519.019331482869 71.6509562035671 0.05
13 43 23 33 7.40620829667637 544.170500023733 73.4749116181267 0.05
14 44 24 34 7.890300348316202 586.513795665136 74.3335196093389 0.05
15 45 25 35 8.9624180512982 668.083903108811 74.5428186104351 0.05
16 46 26 36 9.218284801988869 690.196954160228 74.87260037912 0.05
17 47 27 37 8.883783765461509 668.011053512603 75.1944296651732 0.05
18 48 28 38 9.590973769647123 718.006566135513 74.8627390065243 0.05
19 49 29 39 8.462369410780562 629.187675918146 74.3512419957226 0.05
20 50 30 40 9.038373921065512 665.108931380071 73.5872334104167 0.05
21 51 31 41 8.434498729136553 616.762164461099 73.1237485792161 0.05
22 52 32 42 8.356434631260353 603.410693621343 72.2091083395855 0.05
23 53 33 43 8.010976828506392 567.256121301503 70.8098567059849 0.05
24 54 34 44 7.298507053679279 501.722761918488 68.7432043606182 0.05
25 55 35 45 7.24648188371345 483.089424331861 66.6653739130446 0.05
26 56 36 46 7.715332402173972 503.597932077221 65.2723571489053 0.05
27 57 37 47 7.062342934880356 454.259104723243 64.3213036964961 0.05
28 58 38 48 7.498662309166177 482.22651088902 64.3083380751202 0.05
29 59 39 49 6.8066552075627875 440.688120069212 64.7437113576091 0.05
30 60 40 50 7.52155518113208 496.673923215066 66.0334081522102 0.05
31 61 41 51 8.068843155969274 538.69654491516 66.7625500337847 0.05
32 62 42 52 6.721835134638373 459.045512331897 68.2916946246396 0.05
33 63 43 53 7.712561186835534 533.88322757871 69.2225597496702 0.05
34 64 44 54 8.551123575746438 595.719244269776 69.6656104888269 0.05
35 65 45 55 8.442888914296832 586.506499439706 69.4675134771157 0.05
36 66 46 56 8.717330754350465 606.516502943789 69.5759424570533 0.05
37 67 47 57 8.453790844155272 591.069236838588 69.9176556097597 0.05
38 68 48 58 8.954549132700269 621.957903080068 69.4571992250061 0.05
39 69 49 59 8.929848989392687 620.22313324438 69.4550528212864 0.05
40 70 50 60 9.686353392313235 667.411068586364 68.9022010198388 0.05
41 71 51 61 9.22555722536642 638.516918624729 69.2117454834137 0.05
42 72 52 62 9.405684043922722 650.523430442458 69.1627985167947 0.05
1 34 12 23 6.479662706627815 457.892154135391 70.6660477353288 0.05
2 35 13 24 6.340587272824429 441.854761021255 69.6867249055985 0.05
3 36 14 25 6.300673368957962 436.390640741538 69.2609527882431 0.05
4 37 15 26 6.520851833795591 451.148874652747 69.1855736262216 0.05
5 38 16 27 6.182757293439116 430.440254878573 69.619464981318 0.05
6 39 17 28 6.385482587297694 450.274140542226 70.5152875113829 0.05
7 40 18 29 7.090533577160837 509.314790775544 71.8302487722626 0.05
8 41 19 30 6.84578976442863 504.738834333158 73.7298181366639 0.05
9 42 20 31 6.507183113313296 494.861993526809 76.0485735393479 0.05
10 43 21 32 7.298244327723369 573.988310717568 78.6474506666207 0.05
11 44 22 33 7.236113981955003 583.767783690798 80.6742106531992 0.05
12 45 23 34 6.964474863850275 569.545308239154 81.7786436699527 0.05
13 46 24 35 7.617647453429548 623.04132205114 81.7892040633411 0.05
14 47 25 36 7.453915306367894 611.286977988853 82.0088440589913 0.05
15 48 26 37 8.225955596662072 676.312428373662 82.2168829416118 0.05
16 49 27 38 8.523371627969171 696.8799728046789 81.7610686500973 0.05
17 50 28 39 9.191743636278602 748.82058030267 81.4666520231454 0.05
18 51 29 40 8.488479158366296 690.35394555938 81.3283431200939 0.05
19 52 30 41 8.160002715570354 661.723551174318 81.0935454606728 0.05
20 53 31 42 8.513503475891708 681.813050641909 80.0860718002462 0.05
21 54 32 43 7.0484571137142344 556.96943914296 79.0200507937064 0.05
22 55 33 44 7.478973804377653 578.336786361185 77.3283610142702 0.05
23 56 34 45 7.3702561293332165 553.922076200499 75.1564214974727 0.05
24 57 35 46 6.388156111694054 466.948300072621 73.0959437916417 0.05
25 58 36 47 7.15335872788973 513.065099486934 71.7236642259503 0.05
26 59 37 48 6.800965649412551 480.787217355124 70.6939634957064 0.05
27 60 38 49 6.465751376916808 456.042927568861 70.5320852881796 0.05
28 61 39 50 6.929894187180656 490.41886333528595 70.7685932986528 0.05
29 62 40 51 7.564942056888788 538.249882035251 71.1505624217055 0.05
30 63 41 52 6.914004558754563 497.59773953023 71.9695417180725 0.05
31 64 42 53 6.9915843977176655 511.458415138511 73.1534350504975 0.05
32 65 43 54 6.881716736616389 514.30656502355 74.7352128411529 0.05
33 66 44 55 6.974501520335898 528.812906864878 75.8208891808242 0.05
34 67 45 56 7.789730352117641 596.155114644637 76.5309051400697 0.05
35 68 46 57 7.3290749847330465 560.421717884683 76.4655456591833 0.05
36 69 47 58 7.843358200943761 600.481802033139 76.5592730370118 0.05
37 70 48 59 7.8700036635430415 603.568036710166 76.6922180107909 0.05
38 71 49 60 8.427378007874339 639.942911968651 75.9361822112054 0.05
39 72 50 61 8.341398276591994 631.399793527902 75.6947183902925 0.05
1 37 13 25 6.120923831623259 461.106648298192 75.3328518672168 0.05
2 38 14 26 5.6334641953580435 425.527270753352 75.5356306522699 0.05
3 39 15 27 5.7166586019163175 435.393128069226 76.1621706643939 0.05
4 40 16 28 5.570050594585071 431.08212753974504 77.3928567110004 0.05
5 41 17 29 5.710344825750378 449.853844912036 78.7787530594393 0.05
6 42 18 30 6.079960500981549 490.976392321462 80.753220722766 0.05
7 43 19 31 6.332321250923296 525.426820671831 82.9753892532253 0.05
8 44 20 32 6.066213082701903 520.596579304482 85.8190393590011 0.05
9 45 21 33 7.0490405242426695 619.627989511727 87.9024581261431 0.05
10 46 22 34 7.583749127403986 673.879898060045 88.8584111551067 0.05
11 47 23 35 7.504708309920555 667.079695404315 88.8881576546413 0.05
12 48 24 36 8.210878262370349 732.026148014118 89.1532092698198 0.05
13 49 25 37 7.356175024543457 656.798470486866 89.285324002691 0.05
14 50 26 38 7.279617665159134 645.186242484463 88.6291385291262 0.05
15 51 27 39 7.107929624659728 630.52598437831 88.7074039381045 0.05
16 52 28 40 8.349880838448188 738.5401297580889 88.4491819760323 0.05
17 53 29 41 8.025852773490419 709.267884053541 88.3728999361002 0.05
18 54 30 42 7.639144935718489 670.737265614164 87.8026626354457 0.05
19 55 31 43 7.703556185872266 669.336554303569 86.8866972802874 0.05
20 56 32 44 6.95695666941345 596.039310197866 85.6752943163176 0.05
21 57 33 45 7.746756972900066 647.962774288698 83.6431007911337 0.05
22 58 34 46 6.651826169719667 542.663588428519 81.5811439719852 0.05
23 59 35 47 6.450709208812854 513.304434176696 79.5733333437861 0.05
24 60 36 48 6.54259922320792 512.372798356106 78.3133401383683 0.05
25 61 37 49 6.426026523491687 496.280477728681 77.2297586874912 0.05
26 62 38 50 6.315642164040375 484.677847626398 76.7424491504645 0.05
27 63 39 51 6.057259572010915 463.152411954837 76.4623682456913 0.05
28 64 40 52 6.475706652439581 496.62041269983104 76.6897636588804 0.05
29 65 41 53 6.922828124689679 533.557275628168 77.0721540413926 0.05
30 66 42 54 6.7512812949378675 528.990628503446 78.3541087082366 0.05
31 67 43 55 6.857202261631763 546.922886929678 79.7588967135892 0.05
32 68 44 56 6.254018089787128 509.73512688011107 81.5052210534078 0.05
33 69 45 57 6.331967195420321 526.024142852111 83.0743632456853 0.05
34 70 46 58 6.941371044799295 579.312236925613 83.4578980415768 0.05
35 71 47 59 7.212395973487728 600.145438142297 83.2102730283238 0.05
36 72 48 60 7.732842133907386 641.616303975376 82.9728957173433 0.05
1 40 14 27 4.879895077244978 404.806788200839 82.9539942546017 0.05
2 41 15 28 5.783491236490934 486.19953133377896 84.0667879404923 0.05
3 42 16 29 5.415233867797485 464.492129802952 85.7750821372878 0.05
4 43 17 30 5.398527515596784 474.465046475268 87.8878629597608 0.05
5 44 18 31 5.334957967132455 480.7561595754539 90.1143293981491 0.05
6 45 19 32 5.383920546169749 500.165557960342 92.8998772680945 0.05
7 46 20 33 6.590344643465398 625.297000210972 94.8807739259858 0.05
8 47 21 34 6.619653223547999 635.302155991545 95.9721203720451 0.05
9 48 22 35 6.323420491926436 606.704982712128 95.9456963975038 0.05
10 49 23 36 6.490843648439476 623.636545373082 96.0794280606368 0.05
11 50 24 37 6.939218891694897 666.846522335373 96.098211159397 0.05
12 51 25 38 7.762100427724509 744.439406289935 95.9069536939978 0.05
13 52 26 39 7.120782774195717 682.165483988096 95.7992268013183 0.05
14 53 27 40 6.734040439429208 643.574062888907 95.5702699854083 0.05
15 54 28 41 7.183020718751783 685.458732631397 95.4276424181763 0.05
16 55 29 42 7.148996213551369 677.55872487137 94.7767637066327 0.05
17 56 30 43 6.260501342295915 589.920023103613 94.2288789426681 0.05
18 57 31 44 7.1396962506507045 665.909900686809 93.2686598013352 0.05
19 58 32 45 6.803266877491116 626.680431016188 92.1146329110777 0.05
20 59 33 46 6.670049039105034 601.874224535192 90.2353522450188 0.05
21 60 34 47 6.768549112288353 597.345495599767 88.2531079689267 0.05
22 61 35 48 6.414766408053306 552.647770226598 86.1524387751339 0.05
23 62 36 49 5.897095260908571 499.384215999133 84.6830844516818 0.05
24 63 37 50 5.638165428505372 472.048025306412 83.7236919157847 0.05
25 64 38 51 6.733167901108025 557.111886282479 82.741421937629 0.05
26 65 39 52 5.956319941636349 489.904898787869 82.2495943112955 0.05
27 66 40 53 5.884570827603377 483.9418641974879 82.2391094227995 0.05
28 67 41 54 5.879883835255946 486.752448670683 82.7826641322575 0.05
29 68 42 55 5.942419968407279 497.176218782866 83.6656145856554 0.05
30 69 43 56 5.805710950231488 493.82114792977 85.0578253314661 0.05
31 70 44 57 5.7726271822088995 500.66564574364 86.7309857263396 0.05
32 71 45 58 5.943393729373256 526.009226183653 88.5031768270755 0.05
33 72 46 59 6.347809781175228 569.582557769492 89.7289895892312 0.05
1 43 15 29 4.920934533366106 456.637493400795 92.7948726618067 0.05
2 44 16 30 4.960682269415816 471.125322549958 94.9718802702998 0.05
3 45 17 31 5.256296817548748 511.662745957852 97.3428182840831 0.05
4 46 18 32 5.417137728294376 541.459011817813 99.9529712877164 0.05
5 47 19 33 6.335836388614915 645.29178453636 101.847924244999 0.05
6 48 20 34 5.3582642681568995 550.918831208192 102.816659208504 0.05
7 49 21 35 6.713012342258898 690.041202887311 102.791588590334 0.05
8 50 22 36 6.8598260908228035 706.908152783154 103.050448134373 0.05
9 51 23 37 5.84999812853896 604.425952724017 103.320708732427 0.05
10 52 24 38 6.568054860753152 675.537223981623 102.851946018027 0.05
11 53 25 39 6.6411685029041285 682.663145236973 102.792625264432 0.05
12 54 26 40 6.330874413945349 648.656303801288 102.459196216633 0.05
13 55 27 41 6.595513714361269 675.749277191107 102.455897517082 0.05
14 56 28 42 6.493264666301826 661.116361866282 101.815711485978 0.05
15 57 29 43 7.476765690845245 756.134427749299 101.131218900591 0.05
16 58 30 44 7.1196327961942405 715.191666225488 100.453448471077 0.05
17 59 31 45 7.168484768145201 712.403058749647 99.3798664280313 0.05
18 60 32 46 6.732128358245657 664.588106557765 98.7188703471114 0.05
19 61 33 47 5.780486772837399 560.575937821815 96.9772892580553 0.05
20 62 34 48 5.731577037876651 543.046733137793 94.7464771997504 0.05
21 63 35 49 5.9044781332229785 547.308064753814 92.6937237135747 0.05
22 64 36 50 5.39146537925378 491.610196609081 91.1830387524669 0.05
23 65 37 51 5.92693955331456 531.696306806587 89.7084071844875 0.05
24 66 38 52 5.558121869865082 493.44795034589 88.7796205083693 0.05
25 67 39 53 5.485455548465916 484.379972879602 88.3025974050716 0.05
26 68 40 54 5.7676335708739925 509.019274445156 88.2544406107308 0.05
27 69 41 55 5.651057108614874 500.148851630359 88.5053613894463 0.05
28 70 42 56 5.458586132440665 487.424963806452 89.295094366957 0.05
29 71 43 57 5.895411557877871 532.757864444944 90.3682226787093 0.05
30 72 44 58 5.325561075981013 488.54642384394197 91.7361413893742 0.05
1 46 16 31 5.074575693551375 530.497216373732 104.540211519137 0.05
2 47 17 32 5.251710359535908 562.001194113965 107.012983511838 0.05
3 48 18 33 5.436230048987262 590.835937538777 108.684866573821 0.05
4 49 19 34 5.912943385079843 648.018883405064 109.593283954014 0.05
5 50 20 35 5.62328226010308 616.015275954374 109.547279944486 0.05
6 51 21 36 6.350253172923514 699.056585398937 110.083262251591 0.05
7 52 22 37 6.115128477324042 674.571669425474 110.311937341448 0.05
8 53 23 38 6.12048480289065 673.557295915496 110.049663973903 0.05
9 54 24 39 6.662046468487188 730.33380948518 109.626045531175 0.05
10 55 25 40 6.199487499270959 677.377476230491 109.263463521807 0.05
11 56 26 41 6.038375202757556 659.17370634504 109.164085405626 0.05
12 57 27 42 6.033809147170821 655.432253971809 108.626613468398 0.05
13 58 28 43 6.719636807628752 727.357234677199 108.24353391413 0.05
14 59 29 44 6.094956340723095 654.501871783658 107.384177210695 0.05
15 60 30 45 7.00911560512953 748.485065814872 106.787376322785 0.05
16 61 31 46 5.738591111259184 606.886191762577 105.755259434996 0.05
17 62 32 47 6.731411827645075 705.682657443277 104.834271845488 0.05
18 63 33 48 5.915069157817616 611.99569050677 103.463826741219 0.05
19 64 34 49 5.619274858847868 569.549377465563 101.356383478693 0.05
20 65 35 50 5.390276695323559 534.634992265857 99.1850738812147 0.05
21 66 36 51 5.602220332839236 545.041678114262 97.2902966560103 0.05
22 67 37 52 5.4229441220909465 520.660710370386 96.0107090628905 0.05
23 68 38 53 5.655737649310692 537.108005438428 94.9669236344245 0.05
24 69 39 54 5.348863924665131 505.80281499463 94.5626626735127 0.05
25 70 40 55 5.383922152856938 507.85887420633605 94.3287922424444 0.05
26 71 41 56 5.214768668555252 491.7644882987149 94.3022633513977 0.05
27 72 42 57 5.287850037920638 502.060967923947 94.9461433897574 0.05
1 49 17 33 5.24839906202882 607.453167159509 115.740659195357 0.05
2 50 18 34 4.972542745082876 577.957748986469 116.229820157501 0.05
3 51 19 35 5.2738381798210625 613.995644690477 116.422920794151 0.05
4 52 20 36 6.01204286341408 703.12147539655 116.952172725739 0.05
5 53 21 37 5.919231982488828 694.395666077717 117.311784388918 0.05
6 54 22 38 5.892661041140448 688.306721512263 116.807451965547 0.05
7 55 23 39 6.024917560254383 702.016738920586 116.518895387333 0.05
8 56 24 40 6.198036168724189 720.205305765731 116.198951758292 0.05
9 57 25 41 5.975125583615293 692.202743916569 115.847396716597 0.05
10 58 26 42 5.954600635978319 686.689684489479 115.320863055102 0.05
11 59 27 43 6.3097634639534865 725.115537786877 114.919607039048 0.05
12 60 28 44 5.930912538226052 679.598154833835 114.585765757575 0.05
13 61 29 45 6.352618261066337 722.431075540631 113.72178302736 0.05
14 62 30 46 5.642173074804248 636.822715231407 112.868341114031 0.05
15 63 31 47 6.433926454057833 720.935583316303 112.052195259648 0.05
16 64 32 48 6.084536801160429 675.760969912429 111.062023617566 0.05
17 65 33 49 5.7026241294853 624.822686281318 109.56757311966 0.05
18 66 34 50 5.702308862475383 614.810427637159 107.817805465253 0.05
19 67 35 51 5.78276197790218 610.528374287641 105.577296216007 0.05
20 68 36 52 5.523574311298683 572.92763272715 103.724074383358 0.05
21 69 37 53 4.706735279200497 481.611888070063 102.323980317812 0.05
22 70 38 54 4.847334562036218 491.406254464494 101.376591232867 0.05
23 71 39 55 4.998711585286172 503.11992920619304 100.649921609228 0.05
24 72 40 56 5.129159096572982 514.633517075703 100.334871152574 0.05
1 52 18 35 5.474739349642498 675.486577271655 123.382417706473 0.05
2 53 19 36 5.284011084757399 653.581196767003 123.690353082787 0.05
3 54 20 37 5.671033192812639 702.288566198153 123.837851467387 0.05
4 55 21 38 5.48936912906191 678.472450664947 123.5975272774 0.05
5 56 22 39 5.573514470904352 687.633798610004 123.375260295759 0.05
6 57 23 40 5.389579752628299 662.102611119757 122.848652679622 0.05
7 58 24 41 5.583025365493281 684.756857161687 122.649784361348 0.05
8 59 25 42 5.509798320245915 673.096628833033 122.16356928342 0.05
9 60 26 43 5.647694067287684 688.031692188477 121.825241238484 0.05
10 61 27 44 6.337773253141339 767.932792686675 121.167602881035 0.05
11 62 28 45 5.713545297380101 688.252392576703 120.459777030611 0.05
12 63 29 46 6.773746314585244 811.856701599741 119.853425843783 0.05
13 64 30 47 6.077434473444252 724.033125992861 119.134665977325 0.05
14 65 31 48 5.932086961065431 700.426388541525 118.074194316215 0.05
15 66 32 49 5.448789290589742 638.905234053868 117.25636650279 0.05
16 67 33 50 5.61679553078665 651.639764540976 116.016287395406 0.05
17 68 34 51 5.126532651756284 584.0046939942 113.918067759527 0.05
18 69 35 52 5.163939905431046 578.28345599197 111.984931386164 0.05
19 70 36 53 5.745326151525173 633.114161689156 110.196383110659 0.05
20 71 37 54 5.0216305689357315 546.014775845028 108.732565717344 0.05
21 72 38 55 5.289453543053144 568.892412315071 107.552208878405 0.05
1 55 19 37 5.159628304990371 673.786701804744 130.588224960519 0.05
2 56 20 38 5.459354168935383 710.391506496349 130.123726088077 0.05
3 57 21 39 6.016755844676422 781.047048225466 129.811989781259 0.05
4 58 22 40 5.386778053253134 698.512992539598 129.671760305357 0.05
5 59 23 41 6.110108973875651 790.959169948801 129.450910504317 0.05
6 60 24 42 5.845152999722931 754.352330252909 129.05604528892 0.05
7 61 25 43 5.567801261605984 715.226301983055 128.457584669025 0.05
8 62 26 44 5.948701506735789 760.856466199431 127.902949128966 0.05
9 63 27 45 6.071879270457176 772.470310523663 127.220960120556 0.05
10 64 28 46 5.980463221242437 756.332816723212 126.467263277657 0.05
11 65 29 47 5.322524060375452 669.288084074374 125.74637079746 0.05
12 66 30 48 5.497772350871357 687.916038224395 125.126322867 0.05
13 67 31 49 5.577088445090119 694.214370026874 124.476127079899 0.05
14 68 32 50 5.494317916497503 679.318493395689 123.640186774765 0.05
15 69 33 51 5.426488321842211 662.92439199536 122.164529374737 0.05
16 70 34 52 5.170309165996908 621.495095912755 120.204629154497 0.05
17 71 35 53 4.680950657674911 552.653513808061 118.064375000819 0.05
18 72 36 54 5.04514346012988 588.112831331261 116.570090816827 0.05
1 58 20 39 5.47069108284013 747.033067882916 136.551864576329 0.05
2 59 21 40 5.493464853211593 747.994710036722 136.160825639838 0.05
3 60 22 41 5.685000886835258 774.580893381621 136.2499160159 0.05
4 61 23 42 5.686883662274079 771.97030831191 135.745753589623 0.05
5 62 24 43 5.628654668760538 760.819154422406 135.168916765317 0.05
6 63 25 44 5.540791045801916 745.731787207783 134.589408090529 0.05
7 64 26 45 5.132885374476968 686.384326164555 133.722901660257 0.05
8 65 27 46 5.7482735062205705 765.425773933411 133.157507746473 0.05
9 66 28 47 5.64088418681008 747.186983070515 132.459195815018 0.05
10 67 29 48 5.650154874979709 745.03939985599 131.861765976577 0.05
11 68 30 49 5.1676075233536185 678.547094764392 131.307784443358 0.05
12 69 31 50 5.181719182776523 677.738810862053 130.794199175205 0.05
13 70 32 51 5.670822548798617 736.261925911924 129.833356550348 0.05
14 71 33 52 5.1315351643474525 657.920858029925 128.211312396529 0.05
15 72 34 53 5.1536282221274705 650.880966771559 126.295677281678 0.05
1 61 21 41 5.229015081861783 747.109949134806 142.877757558274 0.05
2 62 22 42 5.262885863096046 748.636917137248 142.24836650682 0.05
3 63 23 43 5.575773654165904 790.633784010633 141.798041500468 0.05
4 64 24 44 5.245248441915224 740.446797044392 141.165247984713 0.05
5 65 25 45 5.44185577256237 763.688728480084 140.336083938603 0.05
6 66 26 46 5.300753234446116 740.1841176659669 139.637535446094 0.05
7 67 27 47 5.33335471346604 742.218301378663 139.165373625845 0.05
8 68 28 48 5.347983631605319 741.5862291503842 138.666510639222 0.05
9 69 29 49 5.448107459414189 752.417140343261 138.106148960609 0.05
10 70 30 50 5.269682593874544 724.989482360023 137.57744787186 0.05
11 71 31 51 5.7165045481834955 780.793084753861 136.585754139209 0.05
12 72 32 52 5.008142367656438 679.94287426551 135.767481103715 0.05
1 64 22 43 5.108812494374043 758.266611478384 148.423261239947 0.05
2 65 23 44 5.090524271935482 751.372131820325 147.602111625851 0.05
3 66 24 45 5.618371374061431 824.647769109337 146.77701316017 0.05
4 67 25 46 5.333253319137909 780.6863123257522 146.380879663887 0.05
5 68 26 47 5.563135532542822 810.797710381006 145.744734356742 0.05
6 69 27 48 4.903789800014409 712.572664430912 145.310605366653 0.05
7 70 28 49 5.377363579965379 778.378048523978 144.750868515569 0.05
8 71 29 50 5.543458670662119 799.778244642934 144.274232416602 0.05
9 72 30 51 5.299141220353239 759.857244500274 143.392525864714 0.05
1 67 23 45 5.3577442608875625 823.045335681514 153.617883871368 0.05
2 68 24 46 4.986922491416025 762.039217017102 152.807511712644 0.05
3 69 25 47 5.5129461305870455 839.673625460201 152.30941960443 0.05
4 70 26 48 5.788048150471045 878.8834107997061 151.844523050172 0.05
5 71 27 49 5.109639809518691 773.068435904874 151.296072663426 0.05
6 72 28 50 5.08774424385354 767.291815298832 150.811789768283 0.05
1 70 24 47 5.398023264138285 858.085594598571 158.962930059834 0.05
2 71 25 48 5.463947636778144 864.3482239594291 158.1911616688 0.05
3 72 26 49 4.953987271077864 780.788345622454 157.608064554549 0.05
