1.10000000000000e+01
1.40000000000000e+01
1.60000000000000e+01
2.20000000000000e+01
4.20000000000000e+01
4.40000000000000e+01
4.70000000000000e+01
5.20000000000000e+01
5.50000000000000e+01
5.70000000000000e+01
5.90000000000000e+01
6.60000000000000e+01
6.80000000000000e+01
7.20000000000000e+01
7.30000000000000e+01
8.00000000000000e+01
8.10000000000000e+01
8.90000000000000e+01
9.30000000000000e+01
9.80000000000000e+01
1.02000000000000e+02
1.06000000000000e+02
1.13000000000000e+02
1.14000000000000e+02
1.22000000000000e+02
1.24000000000000e+02
1.25000000000000e+02
1.26000000000000e+02
1.31000000000000e+02
1.34000000000000e+02
1.40000000000000e+02
1.49000000000000e+02
1.51000000000000e+02
1.61000000000000e+02
1.80000000000000e+02
1.96000000000000e+02
1.98000000000000e+02
2.00000000000000e+02
2.01000000000000e+02
2.02000000000000e+02
2.06000000000000e+02
2.07000000000000e+02
2.15000000000000e+02
2.17000000000000e+02
2.19000000000000e+02
2.21000000000000e+02
2.22000000000000e+02
2.34000000000000e+02
2.40000000000000e+02
2.46000000000000e+02
2.64000000000000e+02
2.65000000000000e+02
2.68000000000000e+02
2.69000000000000e+02
2.71000000000000e+02
2.72000000000000e+02
2.74000000000000e+02
2.76000000000000e+02
2.82000000000000e+02
3.00000000000000e+02
3.06000000000000e+02
3.09000000000000e+02
3.13000000000000e+02
3.19000000000000e+02
3.20000000000000e+02
3.22000000000000e+02
3.26000000000000e+02
3.29000000000000e+02
3.30000000000000e+02
3.32000000000000e+02
3.34000000000000e+02
3.37000000000000e+02
3.45000000000000e+02
3.47000000000000e+02
3.50000000000000e+02
3.51000000000000e+02
3.56000000000000e+02
3.60000000000000e+02
3.61000000000000e+02
3.63000000000000e+02
3.69000000000000e+02
3.83000000000000e+02
3.85000000000000e+02
3.88000000000000e+02
3.93000000000000e+02
3.95000000000000e+02
3.98000000000000e+02
4.12000000000000e+02
4.26000000000000e+02
4.38000000000000e+02
4.47000000000000e+02
4.48000000000000e+02
4.49000000000000e+02
4.54000000000000e+02
4.56000000000000e+02
4.57000000000000e+02
4.72000000000000e+02
4.85000000000000e+02
4.89000000000000e+02
4.93000000000000e+02
4.94000000000000e+02
4.95000000000000e+02
4.97000000000000e+02
5.01000000000000e+02
5.03000000000000e+02
5.05000000000000e+02
5.12000000000000e+02
5.15000000000000e+02
5.16000000000000e+02
5.20000000000000e+02
5.23000000000000e+02
5.24000000000000e+02
5.29000000000000e+02
5.38000000000000e+02
5.39000000000000e+02
5.40000000000000e+02
5.42000000000000e+02
5.47000000000000e+02
5.51000000000000e+02
5.52000000000000e+02
5.61000000000000e+02
5.64000000000000e+02
5.70000000000000e+02
5.71000000000000e+02
5.74000000000000e+02
5.81000000000000e+02
5.85000000000000e+02
5.86000000000000e+02
5.88000000000000e+02
5.92000000000000e+02
6.00000000000000e+02
6.01000000000000e+02
6.04000000000000e+02
6.09000000000000e+02
6.12000000000000e+02
6.18000000000000e+02
6.25000000000000e+02
6.29000000000000e+02
6.30000000000000e+02
6.33000000000000e+02
6.40000000000000e+02
6.42000000000000e+02
6.43000000000000e+02
6.45000000000000e+02
6.48000000000000e+02
6.49000000000000e+02
6.54000000000000e+02
6.55000000000000e+02
6.66000000000000e+02
6.68000000000000e+02
6.69000000000000e+02
6.70000000000000e+02
6.76000000000000e+02
6.82000000000000e+02
6.84000000000000e+02
6.85000000000000e+02
6.86000000000000e+02
6.87000000000000e+02
6.99000000000000e+02
7.11000000000000e+02
7.17000000000000e+02
7.25000000000000e+02
7.33000000000000e+02
7.35000000000000e+02
7.42000000000000e+02
7.46000000000000e+02
7.48000000000000e+02
7.72000000000000e+02
7.75000000000000e+02
7.78000000000000e+02
7.83000000000000e+02
7.90000000000000e+02
7.94000000000000e+02
7.96000000000000e+02
7.99000000000000e+02
8.03000000000000e+02
8.10000000000000e+02
8.12000000000000e+02
8.13000000000000e+02
8.18000000000000e+02
8.25000000000000e+02
8.27000000000000e+02
8.29000000000000e+02
8.31000000000000e+02
8.32000000000000e+02
8.34000000000000e+02
8.46000000000000e+02
8.50000000000000e+02
8.53000000000000e+02
8.54000000000000e+02
8.55000000000000e+02
8.56000000000000e+02
8.61000000000000e+02
8.65000000000000e+02
8.68000000000000e+02
8.71000000000000e+02
8.73000000000000e+02
8.77000000000000e+02
8.80000000000000e+02
8.84000000000000e+02
8.91000000000000e+02
8.95000000000000e+02
9.06000000000000e+02
9.07000000000000e+02
9.12000000000000e+02
9.13000000000000e+02
9.14000000000000e+02
9.17000000000000e+02
9.24000000000000e+02
9.33000000000000e+02
9.43000000000000e+02
9.52000000000000e+02
9.63000000000000e+02
9.65000000000000e+02
9.66000000000000e+02
9.71000000000000e+02
9.78000000000000e+02
9.80000000000000e+02
9.82000000000000e+02
9.83000000000000e+02
9.86000000000000e+02
9.92000000000000e+02
9.93000000000000e+02
9.99000000000000e+02
1.00200000000000e+03
1.00900000000000e+03
1.01600000000000e+03
1.01900000000000e+03
1.02500000000000e+03
1.03600000000000e+03
1.05100000000000e+03
1.05500000000000e+03
1.05700000000000e+03
1.05800000000000e+03
1.06200000000000e+03
1.06300000000000e+03
1.06900000000000e+03
1.07600000000000e+03
1.08100000000000e+03
1.08500000000000e+03
1.09000000000000e+03
1.09700000000000e+03
1.10000000000000e+03
1.10200000000000e+03
1.10400000000000e+03
1.10500000000000e+03
1.10700000000000e+03
1.11500000000000e+03
1.11700000000000e+03
1.13400000000000e+03
1.13800000000000e+03
1.13900000000000e+03
1.15600000000000e+03
1.16100000000000e+03
1.16400000000000e+03
1.16900000000000e+03
1.17100000000000e+03
1.17800000000000e+03
1.17900000000000e+03
1.18700000000000e+03
1.25400000000000e+03
1.25500000000000e+03
1.25600000000000e+03
1.25700000000000e+03
1.25800000000000e+03
1.25900000000000e+03
1.26000000000000e+03
1.26100000000000e+03
1.26200000000000e+03
1.26300000000000e+03
1.26400000000000e+03
1.26500000000000e+03
1.26600000000000e+03
1.26700000000000e+03
1.26800000000000e+03
1.26900000000000e+03
1.27000000000000e+03
1.27100000000000e+03
1.27200000000000e+03
1.27300000000000e+03
1.27400000000000e+03
1.27500000000000e+03
1.27600000000000e+03
1.27700000000000e+03
1.27800000000000e+03
1.27900000000000e+03
1.28000000000000e+03
1.28100000000000e+03
1.28200000000000e+03
1.28300000000000e+03
1.28400000000000e+03
1.28500000000000e+03
1.28600000000000e+03
1.28700000000000e+03
1.28800000000000e+03
1.28900000000000e+03
1.29000000000000e+03
1.29100000000000e+03
1.29200000000000e+03
1.29300000000000e+03
1.29400000000000e+03
1.29500000000000e+03
1.29600000000000e+03
1.29700000000000e+03
1.29800000000000e+03
1.29900000000000e+03
1.30000000000000e+03
1.30100000000000e+03
1.30200000000000e+03
1.30300000000000e+03
1.30400000000000e+03
1.30500000000000e+03
1.30600000000000e+03
1.30700000000000e+03
1.30800000000000e+03
1.30900000000000e+03
1.31000000000000e+03
1.31100000000000e+03
1.31200000000000e+03
1.31300000000000e+03
1.31400000000000e+03
1.31500000000000e+03
1.31600000000000e+03
1.31700000000000e+03
1.31800000000000e+03
1.31900000000000e+03
1.32000000000000e+03
1.32100000000000e+03
1.32200000000000e+03
1.32300000000000e+03
1.32400000000000e+03
1.32500000000000e+03
1.32600000000000e+03
1.32700000000000e+03
1.32800000000000e+03
1.32900000000000e+03
1.33000000000000e+03
1.33100000000000e+03
1.33200000000000e+03
1.33300000000000e+03
1.33400000000000e+03
1.33500000000000e+03
1.33600000000000e+03
1.33700000000000e+03
1.33800000000000e+03
1.33900000000000e+03
1.34000000000000e+03
1.34100000000000e+03
1.34200000000000e+03
1.34300000000000e+03
1.34400000000000e+03
1.34500000000000e+03
1.34600000000000e+03
1.34700000000000e+03
1.34800000000000e+03
1.34900000000000e+03
1.35000000000000e+03
1.35100000000000e+03
1.35200000000000e+03
1.35300000000000e+03
1.35400000000000e+03
1.35500000000000e+03
1.35600000000000e+03
1.35700000000000e+03
1.35800000000000e+03
1.35900000000000e+03
1.36000000000000e+03
1.36100000000000e+03
1.36200000000000e+03
1.36300000000000e+03
1.36400000000000e+03
1.36500000000000e+03
1.36600000000000e+03
1.36700000000000e+03
1.36800000000000e+03
1.36900000000000e+03
1.37000000000000e+03
1.37100000000000e+03
1.37200000000000e+03
1.37300000000000e+03
1.37400000000000e+03
1.37500000000000e+03
1.37600000000000e+03
1.37700000000000e+03
1.37800000000000e+03
1.37900000000000e+03
1.38000000000000e+03
1.38100000000000e+03
1.38200000000000e+03
1.38300000000000e+03
1.38400000000000e+03
1.38500000000000e+03
1.38600000000000e+03
1.38700000000000e+03
1.38800000000000e+03
1.38900000000000e+03
1.39000000000000e+03
1.39100000000000e+03
1.39200000000000e+03
1.39300000000000e+03
1.39400000000000e+03
1.39500000000000e+03
1.39600000000000e+03
1.39700000000000e+03
1.39800000000000e+03
1.39900000000000e+03
1.40000000000000e+03
1.40100000000000e+03
1.40200000000000e+03
1.40300000000000e+03
1.40400000000000e+03
1.40500000000000e+03
1.40600000000000e+03
1.40700000000000e+03
1.40800000000000e+03
1.40900000000000e+03
1.41000000000000e+03
1.41100000000000e+03
1.41200000000000e+03
1.41300000000000e+03
1.41400000000000e+03
1.41500000000000e+03
1.41600000000000e+03
1.41700000000000e+03
1.41800000000000e+03
1.41900000000000e+03
1.42000000000000e+03
1.42100000000000e+03
1.42200000000000e+03
1.42300000000000e+03
1.42400000000000e+03
1.42500000000000e+03
1.42600000000000e+03
1.42700000000000e+03
1.42800000000000e+03
1.42900000000000e+03
1.43000000000000e+03
1.43100000000000e+03
1.43200000000000e+03
1.43300000000000e+03
1.43400000000000e+03
1.43500000000000e+03
1.43600000000000e+03
1.43700000000000e+03
1.43800000000000e+03
1.43900000000000e+03
1.44000000000000e+03
1.44100000000000e+03
1.44200000000000e+03
1.44300000000000e+03
1.44400000000000e+03
1.44500000000000e+03
1.44600000000000e+03
1.44700000000000e+03
1.44800000000000e+03
1.44900000000000e+03
1.45000000000000e+03
1.45100000000000e+03
1.45200000000000e+03
1.45300000000000e+03
1.45400000000000e+03
1.45500000000000e+03
1.45600000000000e+03
1.45700000000000e+03
1.45800000000000e+03
1.45900000000000e+03
1.46000000000000e+03
1.46100000000000e+03
1.46200000000000e+03
1.46300000000000e+03
1.46400000000000e+03
1.46500000000000e+03
1.46600000000000e+03
1.46700000000000e+03
1.46800000000000e+03
1.46900000000000e+03
1.47000000000000e+03
1.47100000000000e+03
1.47200000000000e+03
1.47300000000000e+03
1.47400000000000e+03
1.47500000000000e+03
1.47600000000000e+03
1.47700000000000e+03
1.47800000000000e+03
1.47900000000000e+03
1.48000000000000e+03
1.48100000000000e+03
1.48200000000000e+03
1.48300000000000e+03
1.48400000000000e+03
1.48500000000000e+03
1.48600000000000e+03
1.48700000000000e+03
