1.000000000000000000e+01 0.000000000000000000e+00 -3.147572839206000062e+00
1.100000000000000000e+01 0.000000000000000000e+00 -3.501006878230999764e+00
1.200000000000000000e+01 0.000000000000000000e+00 -3.905762274842000004e+00
1.300000000000000000e+01 0.000000000000000000e+00 -4.228842176172999956e+00
1.400000000000000000e+01 0.000000000000000000e+00 -4.627122323195999698e+00
1.500000000000000000e+01 0.000000000000000000e+00 -5.031100941752000288e+00
1.600000000000000000e+01 0.000000000000000000e+00 -5.390927233858000100e+00
1.700000000000000000e+01 0.000000000000000000e+00 -5.734730624780000063e+00
1.800000000000000000e+01 0.000000000000000000e+00 -6.083764254393999593e+00
1.900000000000000000e+01 0.000000000000000000e+00 -6.438858724778000031e+00
2.000000000000000000e+01 0.000000000000000000e+00 -6.794782881080999815e+00
2.100000000000000000e+01 0.000000000000000000e+00 -7.121280765750999997e+00
2.200000000000000000e+01 0.000000000000000000e+00 -7.510051207892999514e+00
2.300000000000000000e+01 0.000000000000000000e+00 -7.893411197005999469e+00
2.400000000000000000e+01 0.000000000000000000e+00 -8.273571956018999529e+00
2.500000000000000000e+01 0.000000000000000000e+00 -8.696051376393999277e+00
2.600000000000000000e+01 0.000000000000000000e+00 -9.096962694476999900e+00
2.700000000000000000e+01 0.000000000000000000e+00 -9.457357638147000145e+00
2.800000000000000000e+01 0.000000000000000000e+00 -9.793833434110998937e+00
2.900000000000000000e+01 0.000000000000000000e+00 -1.014172329154200014e+01
3.000000000000000000e+01 0.000000000000000000e+00 -1.051668309605300067e+01
3.100000000000000000e+01 0.000000000000000000e+00 -1.088314470351999930e+01
3.200000000000000000e+01 0.000000000000000000e+00 -1.121286242986499992e+01
3.300000000000000000e+01 0.000000000000000000e+00 -1.157546466582300049e+01
3.400000000000000000e+01 0.000000000000000000e+00 -1.192974926498400023e+01
3.500000000000000000e+01 0.000000000000000000e+00 -1.225687787116599914e+01
3.600000000000000000e+01 0.000000000000000000e+00 -1.257398345157399966e+01
3.700000000000000000e+01 0.000000000000000000e+00 -1.295461066668499939e+01
3.800000000000000000e+01 0.000000000000000000e+00 -1.332213191464700053e+01
3.900000000000000000e+01 0.000000000000000000e+00 -1.369453971976099993e+01
4.000000000000000000e+01 0.000000000000000000e+00 -1.403713241178400040e+01
4.100000000000000000e+01 0.000000000000000000e+00 -1.438187813967499906e+01
4.200000000000000000e+01 0.000000000000000000e+00 -1.471134330575199911e+01
4.300000000000000000e+01 0.000000000000000000e+00 -1.502052477249699969e+01
4.400000000000000000e+01 0.000000000000000000e+00 -1.533707014562499893e+01
4.500000000000000000e+01 0.000000000000000000e+00 -1.563793561302199997e+01
4.600000000000000000e+01 0.000000000000000000e+00 -1.596976768067499997e+01
4.700000000000000000e+01 0.000000000000000000e+00 -1.635199833930400004e+01
4.800000000000000000e+01 0.000000000000000000e+00 -1.651771966771600120e+01
4.900000000000000000e+01 0.000000000000000000e+00 -1.663038995246600038e+01
5.000000000000000000e+01 0.000000000000000000e+00 -1.676946771233300026e+01
5.100000000000000000e+01 0.000000000000000000e+00 -1.687007632684499825e+01
5.200000000000000000e+01 0.000000000000000000e+00 -1.688891676617399895e+01
5.300000000000000000e+01 0.000000000000000000e+00 -1.689726385198200020e+01
5.400000000000000000e+01 0.000000000000000000e+00 -1.687682398229900116e+01
5.500000000000000000e+01 0.000000000000000000e+00 -1.684588354947999989e+01
5.600000000000000000e+01 0.000000000000000000e+00 -1.678905054395699992e+01
5.700000000000000000e+01 0.000000000000000000e+00 -1.683249608016599908e+01
5.800000000000000000e+01 0.000000000000000000e+00 -1.690306050768399970e+01
5.900000000000000000e+01 0.000000000000000000e+00 -1.709430840037800081e+01
6.000000000000000000e+01 0.000000000000000000e+00 -1.710904317130500019e+01
6.100000000000000000e+01 0.000000000000000000e+00 -1.726160101594300045e+01
6.200000000000000000e+01 0.000000000000000000e+00 -1.738520897309900093e+01
6.300000000000000000e+01 0.000000000000000000e+00 -1.754437690974300068e+01
6.400000000000000000e+01 0.000000000000000000e+00 -1.773694140745200087e+01
6.500000000000000000e+01 0.000000000000000000e+00 -1.789598965829199884e+01
6.600000000000000000e+01 0.000000000000000000e+00 -1.808930966040999877e+01
6.700000000000000000e+01 0.000000000000000000e+00 -1.826384160132100121e+01
6.800000000000000000e+01 0.000000000000000000e+00 -1.843931067900799903e+01
6.900000000000000000e+01 0.000000000000000000e+00 -1.872201932569799965e+01
7.000000000000000000e+01 0.000000000000000000e+00 -1.899172174349000031e+01
7.100000000000000000e+01 0.000000000000000000e+00 -1.931860115508600018e+01
7.200000000000000000e+01 0.000000000000000000e+00 -1.954378146521299797e+01
7.300000000000000000e+01 0.000000000000000000e+00 -1.970470985681300036e+01
7.400000000000000000e+01 0.000000000000000000e+00 -1.991124615724000080e+01
7.500000000000000000e+01 0.000000000000000000e+00 -2.016982316255399965e+01
7.600000000000000000e+01 0.000000000000000000e+00 -2.044062974826099932e+01
7.700000000000000000e+01 0.000000000000000000e+00 -2.064571126569000015e+01
7.800000000000000000e+01 0.000000000000000000e+00 -2.066751422703000074e+01
7.900000000000000000e+01 0.000000000000000000e+00 -2.057885741010600000e+01
8.000000000000000000e+01 0.000000000000000000e+00 -2.053330178360199909e+01
8.100000000000000000e+01 0.000000000000000000e+00 -2.050301391599499823e+01
8.200000000000000000e+01 0.000000000000000000e+00 -2.041486038089499999e+01
8.300000000000000000e+01 0.000000000000000000e+00 -2.026122128513900122e+01
8.400000000000000000e+01 0.000000000000000000e+00 -2.014323614499300064e+01
8.500000000000000000e+01 0.000000000000000000e+00 -2.009629117818800026e+01
8.600000000000000000e+01 0.000000000000000000e+00 -2.008853309822999833e+01
8.700000000000000000e+01 0.000000000000000000e+00 -2.005395033381400083e+01
8.800000000000000000e+01 0.000000000000000000e+00 -2.013313379814799831e+01
8.900000000000000000e+01 0.000000000000000000e+00 -2.014984575559200053e+01
9.000000000000000000e+01 0.000000000000000000e+00 -1.993144007315699895e+01
9.100000000000000000e+01 0.000000000000000000e+00 -1.973765878365500015e+01
9.200000000000000000e+01 0.000000000000000000e+00 -1.953105058259900062e+01
9.300000000000000000e+01 0.000000000000000000e+00 -1.937566666472600119e+01
9.400000000000000000e+01 0.000000000000000000e+00 -1.911140560484300011e+01
9.500000000000000000e+01 0.000000000000000000e+00 -1.881715626319600076e+01
9.600000000000000000e+01 0.000000000000000000e+00 -1.860056602862099950e+01
9.700000000000000000e+01 0.000000000000000000e+00 -1.838406102234100103e+01
9.800000000000000000e+01 0.000000000000000000e+00 -1.819290426309400033e+01
9.900000000000000000e+01 0.000000000000000000e+00 -1.807197490359299863e+01
1.000000000000000000e+02 0.000000000000000000e+00 -1.808356374698499991e+01
1.010000000000000000e+02 0.000000000000000000e+00 -1.813449301085099918e+01
1.020000000000000000e+02 0.000000000000000000e+00 -1.824916505682200096e+01
1.030000000000000000e+02 0.000000000000000000e+00 -1.829343175735199978e+01
1.040000000000000000e+02 0.000000000000000000e+00 -1.832135192983299987e+01
1.050000000000000000e+02 0.000000000000000000e+00 -1.837257050657400015e+01
