56
# x y z
21.375 2965.981 0.0
22.875 2964.563 0.0
24.375 2963.821 0.0
25.875 2963.132 0.0
27.375 2962.38 0.0
28.875 2961.36 0.0
30.375 2960.586 0.0
31.875 2959.859 0.0
33.375 2959.2 0.0
34.875 2958.635 0.0
36.375 2958.012 0.0
37.875 2957.277 0.0
39.375 2956.528 0.0
40.875 2955.697 0.0
42.375 2954.975 0.0
43.875 2954.283 0.0
45.375 2953.512 0.0
46.875 2952.847 0.0
48.375 2951.95 0.0
49.875 2951.131 0.0
51.375 2950.357 0.0
52.875 2949.624 0.0
54.375 2948.811 0.0
55.875 2948.158 0.0
57.375 2947.454 0.0
58.875 2946.845 0.0
60.375 2946.19 0.0
61.875 2945.65 0.0
63.375 2945.17 0.0
64.875 2944.684 0.0
66.375 2944.204 0.0
67.875 2943.74 0.0
69.375 2943.484 0.0
70.875 2943.148 0.0
72.375 2942.711 0.0
73.875 2942.282 0.0
75.375 2941.835 0.0
76.875 2941.254 0.0
78.375 2940.771 0.0
79.875 2940.297 0.0
81.375 2939.781 0.0
82.875 2939.288 0.0
84.375 2939.127 0.0
85.875 2939.202 0.0
87.375 2939.147 0.0
88.875 2939.03 0.0
90.375 2938.745 0.0
91.875 2938.389 0.0
93.375 2938.393 0.0
94.875 2938.589 0.0
96.375 2938.645 0.0
97.875 2938.588 0.0
99.375 2938.778 0.0
100.875 2938.937 0.0
102.375 2939.046 0.0
103.875 2939.099 0.0
903
# a b m n r rhoa k err
2 11 5 8 108.616228 3208.1364223797555 29.536437431612477 0.05
2 14 6 10 67.4879981 2714.511393295905 40.222135338400335 0.05
2 17 7 12 54.4777774 2882.383610144425 52.90934666773731 0.05
2 20 8 14 34.8661281 2224.3348904524296 63.79644117846368 0.05
2 23 9 16 24.7948336 1871.7113787166668 75.487958859166 0.05
2 26 10 18 20.4168594 1773.7506801772315 86.87676421855711 0.05
2 29 11 20 16.0963544 1544.0486163419685 95.92536160498358 0.05
2 32 12 22 12.2745814 1283.1160554093558 104.53440435934994 0.05
2 35 13 24 10.9741666 1215.117524841016 110.72526681351965 0.05
2 38 14 26 9.88185492 1165.2630506791772 117.91946553685867 0.05
2 41 15 28 9.15067826 1157.6008606572702 126.50437790141146 0.05
2 44 16 30 8.09875892 1120.9287133418636 138.4074676644238 0.05
2 47 17 32 7.24957476 1055.7778361723188 145.6330710592353 0.05
3 9 5 7 160.62388 3210.849186466962 19.989861946224693 0.05
3 12 6 9 97.2712787 2856.9757365676796 29.371215992534083 0.05
3 15 7 11 73.771863 3101.5374791368627 42.042282152165015 0.05
3 18 8 13 48.9316455 2618.3079427531366 53.50950118268834 0.05
3 21 9 15 31.2403657 2010.7402113057829 64.36352988357568 0.05
3 24 10 17 24.9794424 1886.1458907458284 75.50792609949646 0.05
3 27 11 19 18.8794026 1627.9164911971188 86.22711881768541 0.05
3 30 12 21 14.0634452 1333.022707636073 94.78635488522207 0.05
3 33 13 23 12.5965113 1298.6129020083793 103.09306053719646 0.05
3 36 14 25 11.5254056 1266.7011840420153 109.90512854853588 0.05
3 39 15 27 10.1230512 1190.2854046392583 117.5816837357553 0.05
3 42 16 29 8.87256691 1131.9669207795253 127.58054487069799 0.05
3 45 17 31 7.83657368 1083.4040412217098 138.24971032770407 0.05
3 48 18 33 6.98030793 1022.917381023515 146.54330314386502 0.05
4 13 7 10 94.7022421 2916.4038144405918 30.795509691956823 0.05
4 16 8 12 72.2381716 3149.0331949353267 43.592371251756965 0.05
4 19 9 14 41.623572 2252.4881691797336 54.11568639951741 0.05
4 22 10 16 30.8640817 2005.3918324430554 64.97493921690388 0.05
4 25 11 18 22.6510048 1726.0389425679741 76.20142937623562 0.05
4 28 12 20 16.3491988 1402.8449137757752 85.8051168706674 0.05
4 31 13 22 14.4061536 1362.976371134136 94.61070657570498 0.05
4 34 14 24 12.8384781 1317.1101407687045 102.59083128931805 0.05
4 37 15 26 11.47582 1256.620782387443 109.50161142188034 0.05
4 40 16 28 9.89247051 1159.4576759502593 117.20607858049193 0.05
4 43 17 30 8.57508165 1111.2095961798668 129.5858910194595 0.05
4 46 18 32 7.61458457 1044.4779632771854 137.16808233928188 0.05
4 49 19 34 6.66377059 998.3560298602736 149.8184873528597 0.05
5 14 8 11 92.1768445 3047.9709878070635 33.06655813984892 0.05
5 17 9 13 59.1003545 2663.4260975109296 45.06616110925239 0.05
5 20 10 15 38.3202792 2087.4327054437213 54.47331671434485 0.05
5 23 11 17 27.5815236 1797.9025489809485 65.18503383116038 0.05
5 26 12 19 19.1095315 1456.5584060201631 76.22156545387642 0.05
5 29 13 21 16.2513422 1389.2222829887016 85.48354135258451 0.05
5 32 14 23 14.6279924 1386.8340933948405 94.80686450143634 0.05
5 35 15 25 13.1912646 1346.408823873763 102.06821443592018 0.05
5 38 16 27 10.9928925 1196.530590424281 108.84583747401159 0.05
5 41 17 29 9.34728497 1103.0942608699581 118.01226392587002 0.05
5 44 18 31 8.19782455 1065.4839735893547 129.97155124396443 0.05
5 47 19 33 7.16949149 989.3190437442247 137.9901273506114 0.05
5 50 20 35 6.40100337 977.0929548144288 152.64684274247287 0.05
6 12 8 10 129.618545 2712.1626270144916 20.924186635596715 0.05
6 15 9 12 91.3387116 3067.1631505713817 33.58010088869462 0.05
6 18 10 14 53.3675748 2307.20553634609 43.23234745053639 0.05
6 21 11 16 33.9466714 1817.6266074486919 53.543588590211286 0.05
6 24 12 18 22.9583019 1489.7929072120937 64.89124995834705 0.05
6 27 13 20 18.7832753 1404.2774454550436 74.76211805589857 0.05
6 30 14 22 16.4028507 1390.2338069499708 84.75562159143294 0.05
6 33 15 24 14.4745877 1354.9959867061937 93.61206099889074 0.05
6 36 16 26 12.4429762 1246.6440378078778 100.18857367965373 0.05
6 39 17 28 10.2747206 1105.9634279164359 107.63927029961631 0.05
6 42 18 30 8.801843 1039.9083357213685 118.14665811709757 0.05
6 45 19 32 7.64345597 983.9490849488552 128.73091554537407 0.05
6 48 20 34 6.84183896 959.27153509634 140.20668137683558 0.05
6 51 21 36 6.26614005 961.0572964834192 153.3730955284696 0.05
7 13 9 11 120.558615 2596.028891142666 21.533333732663284 0.05
7 16 10 13 79.9538517 2626.3141316154074 32.84787506510343 0.05
7 19 11 15 42.0470353 1747.3909361985175 41.55800578402534 0.05
7 22 12 17 27.5793858 1444.6961557183263 52.383188160714084 0.05
7 25 13 19 22.039913 1407.6088029000541 63.86635023922527 0.05
7 28 14 21 18.2802645 1353.88717630291 74.06277826575813 0.05
7 31 15 23 16.5851888 1381.7456100227155 83.31202174935237 0.05
7 34 16 25 13.8189194 1260.9846364058003 91.25059636760022 0.05
7 37 17 27 11.483726 1126.891718963657 98.12945022927723 0.05
7 40 18 29 9.50126385 1009.4348338709397 106.24216418018321 0.05
7 43 19 31 8.11141605 965.2816663062681 119.00285478591226 0.05
7 46 20 33 7.26403795 933.7406661426404 128.54292234839446 0.05
7 49 21 35 6.59030368 939.5445589795912 142.56468360189302 0.05
7 52 22 37 6.26490536 966.6959218348551 154.30335596240437 0.05
8 11 9 10 255.933677 2638.1042620125368 10.307765249715601 0.05
8 14 10 12 147.050961 3169.5685120834373 21.554218282758704 0.05
8 17 11 14 66.2938411 2071.056679910676 31.240559387509624 0.05
8 20 12 16 34.6261578 1426.5767034501903 41.19939358244911 0.05
8 23 13 18 28.0333039 1476.773650815425 52.67925807401621 0.05
8 26 14 20 22.3414795 1412.0957779914345 63.20511486230957 0.05
8 29 15 22 18.9179213 1392.5053739413413 73.60773691036242 0.05
8 32 16 24 15.6468317 1287.3546798454897 82.27574147458171 0.05
8 35 17 26 13.1302053 1178.1787152164968 89.73041078165753 0.05
8 38 18 28 10.6910323 1028.459200315447 96.19830634273242 0.05
8 41 19 30 8.79424753 934.6993314987664 106.28531074548528 0.05
8 44 20 32 7.83673825 933.8871966295969 119.16784341107692 0.05
8 47 21 34 7.06224407 915.1711278607577 129.5864485551202 0.05
8 50 22 36 6.40728563 921.2727670912276 143.78518772093943 0.05
8 53 23 38 6.10974394 949.2466888366481 155.3660346748751 0.05
9 15 11 13 130.543917 2737.205913231378 20.967701721646502 0.05
9 18 12 15 50.132182 1501.4947232693294 29.950715555714876 0.05
9 21 13 17 39.9603907 1632.3982753417151 40.85040828546542 0.05
9 24 14 19 30.4955288 1609.4026424070446 52.775036398353734 0.05
9 27 15 21 23.8028126 1497.8542760110051 62.92761705022226 0.05
9 30 16 23 19.3073639 1391.6391458126698 72.07815385986845 0.05
9 33 17 25 15.2716203 1239.47432907516 81.16193990726445 0.05
9 36 18 27 12.6651792 1108.888789382527 87.5541334134875 0.05
9 39 19 29 9.77817757 937.4216226437219 95.8687460861607 0.05
9 42 20 31 8.47203396 913.2131373316007 107.79148686646681 0.05
9 45 21 33 7.68373841 918.3487455690436 119.5184813129321 0.05
9 48 22 35 6.81944288 896.8216565097509 131.50951951514122 0.05
9 51 23 37 6.35174647 922.5494676698384 145.2434337590679 0.05
9 54 24 39 6.07254561 942.2929399461876 155.17264100815666 0.05
10 16 12 14 82.1191941 1666.3911376953258 20.292346460026035 0.05
10 19 13 16 51.3436579 1552.2521300998155 30.232597239625495 0.05
10 22 14 18 39.6438135 1674.7700075390646 42.24543149813437 0.05
10 25 15 20 29.9059152 1584.0814125498061 52.968832485347455 0.05
10 28 16 22 22.3368285 1406.898388565149 62.98559298895763 0.05
10 31 17 24 17.7876542 1277.4585630609752 71.81714624635413 0.05
10 34 18 26 14.2277314 1132.9464774636353 79.62945360801761 0.05
10 37 19 28 11.2307027 972.3773646052881 86.5820590732304 0.05
10 40 20 30 9.23380864 892.394272285279 96.64422418497067 0.05
10 43 21 32 8.28777441 908.1256446460554 109.57412686695648 0.05
10 46 22 34 7.31082577 882.5187866954377 120.71396781425933 0.05
10 49 23 36 6.49760452 876.7024143280701 134.92701989318212 0.05
10 52 24 38 6.42350746 940.8340961324136 146.46734700490464 0.05
10 55 25 40 5.94526425 923.1704230359726 155.27828271652896 0.05
11 14 12 13 210.275122 2243.3849901971066 10.668808410902297 0.05
11 17 13 15 84.2078264 1712.0940205474535 20.331768360992317 0.05
11 20 14 17 60.8827571 1908.857230760178 31.35300242111043 0.05
11 23 15 19 43.7027086 1893.1502054183875 43.318830023693025 0.05
11 26 16 21 29.2509703 1546.8518586899543 52.88206999033992 0.05
11 29 17 23 22.1571623 1389.225825840344 62.69872500055406 0.05
11 32 18 25 17.4108525 1241.6319310442457 71.31367812370162 0.05
11 35 19 27 13.4947733 1064.9161767087173 78.91323203693368 0.05
11 38 20 29 10.5610221 921.1494626144273 87.22162058674485 0.05
11 41 21 31 9.1146792 893.0047249370102 97.9743450473836 0.05
11 44 22 33 8.07099482 898.2309683831952 111.29123341243766 0.05
11 47 23 35 6.9817795 857.7012265749911 122.84851255686192 0.05
11 50 24 37 6.78679144 933.9306733715721 137.61004469168896 0.05
11 53 25 39 6.14945343 909.0503502372865 147.8262028625992 0.05
11 56 26 41 5.87815853 908.8495414304813 154.6146700181768 0.05
12 15 13 14 297.259981 3081.534277500491 10.366461933873605 0.05
12 18 14 16 103.081959 2148.1242039425815 20.838992824559934 0.05
12 21 15 18 69.7287093 2294.252759422093 32.90255595512784 0.05
12 24 16 20 44.0953227 1894.0633068663496 42.95383707139419 0.05
12 27 17 22 28.6854995 1528.1099466322078 53.271163942332876 0.05
12 30 18 24 21.7104337 1341.155759842737 61.7747106472008 0.05
12 33 19 26 15.9659609 1135.6786246571214 71.13124175677528 0.05
12 36 20 28 13.133796 1031.9916609423856 78.57527716605203 0.05
12 39 21 30 10.3416026 910.5035131468031 88.04278682559347 0.05
12 42 22 32 8.92579072 887.2319460859627 99.40093532530894 0.05
12 45 23 34 7.65161166 868.1039838150572 113.45374313142509 0.05
12 48 24 36 7.02376431 881.7051597651972 125.5317121774545 0.05
12 51 25 38 6.58313649 911.9858999168017 138.53364597591712 0.05
12 54 26 40 6.26902931 928.0606959610116 148.0389786151776 0.05
13 16 14 15 185.633897 1949.2981839608112 10.500766376524496 0.05
13 19 15 17 108.124021 2295.9058837750104 21.234003901640047 0.05
13 22 16 19 60.0358011 1961.8825325376577 32.678543412285 0.05
13 25 17 21 35.7044684 1530.3579471656997 42.86180457921898 0.05
13 28 18 23 25.6979151 1339.9540865230329 52.142521341080815 0.05
13 31 19 25 18.8557761 1157.5751418103937 61.391010143061344 0.05
13 34 20 27 14.3902894 1013.609903892395 70.43707570553758 0.05
13 37 21 29 11.584584 908.3537584120332 78.41056341876698 0.05
13 40 22 31 9.3371193 825.4758790420029 88.4079824322265 0.05
13 43 23 33 8.03928765 823.3624529621293 102.41733954651184 0.05
13 46 24 35 7.21606486 827.4978445609748 114.67439118347598 0.05
13 49 25 37 6.74418542 869.1369411694168 128.87204117964728 0.05
13 52 26 39 6.41492048 892.4199434690248 139.11629088019885 0.05
13 55 27 41 6.04877266 891.546641921836 147.39298235120577 0.05
14 17 15 16 219.088933 2354.0188872931044 10.744581458585607 0.05
14 20 16 18 93.284138 2029.967147247712 21.761118136158498 0.05
14 23 17 20 49.9268973 1607.2977934465166 32.19302380816115 0.05
14 26 18 22 31.168284 1303.6240454926776 41.82533903671686 0.05
14 29 19 24 21.1014271 1087.0411498919673 51.5150536852537 0.05
14 32 20 26 16.463986 1013.4692266912061 61.55673520927473 0.05
14 35 21 28 13.4192321 932.045827528434 69.45597338080425 0.05
14 38 22 30 10.0412505 785.3606140220966 78.21342710473128 0.05
14 41 23 32 8.38114379 745.4735323732435 88.94651506429334 0.05
14 44 24 34 7.59673667 794.3834159684504 104.56903410980684 0.05
14 47 25 36 6.56509746 758.9611544749184 115.60546649903328 0.05
14 50 26 38 6.63725049 860.9654702935061 129.71718810231405 0.05
14 53 27 40 6.19849935 865.8923691312252 139.6938710869148 0.05
14 56 28 42 5.85252225 845.793355582105 144.51775139891268 0.05
15 18 16 17 270.920732 2733.865588356774 10.091016542642349 0.05
15 21 17 19 89.751664 1945.0496979183106 21.671461132111272 0.05
15 24 18 21 47.4924641 1476.5798363116114 31.090823866340752 0.05
15 27 19 23 28.0336903 1153.7115967801108 41.154467515113794 0.05
15 30 20 25 20.2879413 1039.5544401730713 51.2400161653204 0.05
15 33 21 27 15.0817979 920.632902818786 61.04264948536315 0.05
15 36 22 29 11.9438869 822.2800110472913 68.84526100521693 0.05
15 39 23 31 8.8019016 693.8563201064154 78.83027459730013 0.05
15 42 24 33 7.96654771 725.8069225779337 91.10683184221257 0.05
15 45 25 35 6.69939614 708.5230570412833 105.75924191300072 0.05
15 48 26 37 6.77329054 797.8506517139106 117.79365538834698 0.05
15 51 27 39 6.35995499 824.7489596613653 129.67842712065567 0.05
15 54 28 41 5.98420569 830.9729164606725 138.8610217475116 0.05
16 19 17 18 226.196914 2496.5943719940924 11.037260976929563 0.05
16 22 18 20 94.6856794 1960.8838414519869 20.70940245534096 0.05
16 25 19 22 43.3554052 1361.048914142761 31.392831132916296 0.05
16 28 20 24 25.7564739 1073.5304652467332 41.680024580023485 0.05
16 31 21 26 19.7078286 1015.1342782013492 51.50918951067746 0.05
16 34 22 28 14.2180774 854.5165255888229 60.1007085239825 0.05
16 37 23 30 10.4737236 723.9584659595513 69.12140262700376 0.05
16 40 24 32 8.65900582 684.1244250068349 79.00727164620787 0.05
16 43 25 34 7.20951703 683.096832497428 94.74931949740161 0.05
16 46 26 36 6.72429363 716.6704568590172 106.57929238271787 0.05
16 49 27 38 6.74501321 810.8165189665118 120.20977479546134 0.05
16 52 28 40 6.32087089 824.0606701195989 130.37138148531284 0.05
16 55 29 42 6.08749119 827.3002926651752 135.90168212878766 0.05
17 20 18 19 293.921743 3062.358144644249 10.418957486395449 0.05
17 23 19 21 89.3328315 1846.9514399917737 20.674945694425613 0.05
17 26 20 23 47.6517733 1485.2210467993307 31.16822195574683 0.05
17 29 21 25 28.4185156 1181.8673608389474 41.587934340910735 0.05
17 32 22 27 19.3103527 989.9511758045687 51.265307847254846 0.05
17 35 23 29 13.5200304 812.6018414600779 60.10355135444651 0.05
17 38 24 31 10.0587956 696.9330636767404 69.28593555243735 0.05
17 41 25 33 7.93446816 637.9871131669955 80.40704182080876 0.05
17 44 26 35 7.218633 698.2351200888024 96.72677916841076 0.05
17 47 27 37 7.06782136 762.3645494628622 107.8641508651348 0.05
17 50 28 39 6.70325508 811.182769925486 121.0132629960258 0.05
17 53 29 41 6.34380796 823.4222187439199 129.79936087849669 0.05
17 56 30 43 6.10499692 808.8097489664373 132.48323620226122 0.05
18 21 19 20 299.264509 3188.379464269758 10.65405141065277 0.05
18 24 20 22 102.825993 2225.6600396657286 21.644916569546073 0.05
18 27 21 24 45.1834717 1440.6993675760032 31.885539410111402 0.05
18 30 22 26 27.0253004 1128.6795984705689 41.7638132329722 0.05
18 33 23 28 17.3965109 898.9440822233214 51.673814789109315 0.05
18 36 24 30 13.4347997 811.5149319544618 60.40394721734942 0.05
18 39 25 32 8.84650944 616.9591859113094 69.74040892577281 0.05
18 42 26 34 7.87753083 660.5955538661372 83.85819974837688 0.05
18 45 27 36 7.01962045 690.1947603455185 98.32365799001548 0.05
18 48 28 38 7.175969 788.5501332958694 109.88761703065737 0.05
18 51 29 40 6.77341005 818.6721432088715 120.86558131954104 0.05
18 54 30 42 6.40355174 813.8790967943517 127.09807460607036 0.05
19 22 20 21 257.333907 2732.7513405598183 10.619476354353171 0.05
19 25 21 23 111.382526 2371.9323837536044 21.295372523277166 0.05
19 28 22 25 43.1851915 1363.9293289373986 31.583264576640783 0.05
19 31 23 27 25.5659454 1065.1925783069466 41.6645096295538 0.05
19 34 24 29 16.7405877 855.9819275555961 51.132131254603216 0.05
19 37 25 31 11.1747454 671.1123775047529 60.0561671413787 0.05
19 40 26 33 8.48693065 597.7648334503181 70.43357111093138 0.05
19 43 27 35 7.3417107 639.0437750768405 87.04289792797753 0.05
19 46 28 37 7.41999993 735.9104028784284 99.1793005149568 0.05
19 49 29 39 7.24892922 804.1952740325227 110.9398712038359 0.05
19 52 30 41 6.78369353 812.158095715888 119.72210892550271 0.05
19 55 31 43 6.46872636 800.0783513375759 123.68406187111862 0.05
20 23 21 22 296.390172 3235.151130968187 10.915176806092568 0.05
20 26 22 24 90.9470466 1894.6521252653636 20.83247555688481 0.05
20 29 23 26 38.1847204 1208.530235007156 31.64957664603342 0.05
20 32 24 28 25.6073958 1059.7589224332432 41.384876881281436 0.05
20 35 25 30 15.2556688 773.1439587793442 50.679125832840846 0.05
20 38 26 32 10.0314073 595.0226915610117 59.31597369802856 0.05
20 41 27 34 8.03467506 581.6048130720125 72.38684934098785 0.05
20 44 28 36 7.33559036 650.2525638894516 88.6435217859482 0.05
20 47 29 38 7.69216692 757.2418454748909 98.44324146243187 0.05
20 50 30 40 7.27062795 803.3219581921476 110.4886625634788 0.05
20 53 31 42 6.70179853 783.5008895046125 116.90904851844488 0.05
20 56 32 44 6.17602152 755.4834456950507 122.32526121363819 0.05
21 27 23 25 84.7931769 1778.0430120552642 20.96917555232282 0.05
21 30 24 27 43.182707 1340.1593696679647 31.034630822656965 0.05
21 33 25 29 20.6236316 852.0890227967901 41.31614835462781 0.05
21 36 26 31 14.7375552 738.1401260779 50.08565641049474 0.05
21 39 27 33 9.09875913 546.5752162363524 60.07140187217511 0.05
21 42 28 35 7.58148724 568.9911788967795 75.05007406657317 0.05
21 45 29 37 7.93590681 706.0793069017735 88.97273163692475 0.05
21 48 30 39 7.69374556 757.1336023033135 98.40897341857423 0.05
21 51 31 41 7.03952063 764.3618818476916 108.58152451322408 0.05
21 54 32 43 6.53635915 744.7832481759514 113.94466416000893 0.05
22 25 23 24 252.343208 2708.2343643594395 10.73234499087227 0.05
22 28 24 26 93.4660284 1983.370668377071 21.220230519360243 0.05
22 31 25 28 41.1163345 1267.1721237363931 30.819189967831228 0.05
22 34 26 30 20.4695218 835.6218250250107 40.82273309506482 0.05
22 37 27 32 13.4934437 666.0294859704878 49.35948900653788 0.05
22 40 28 34 8.71362236 538.6704865315087 61.81935184663072 0.05
22 43 29 36 7.91979301 613.0775458188828 77.41080417692416 0.05
22 46 30 38 8.33110383 733.2477427889237 88.01327624180189 0.05
22 49 31 40 7.7256403 766.0889332898015 99.16186924853355 0.05
22 52 32 42 6.92180214 735.2652996147212 106.22454741457277 0.05
22 55 33 44 6.4092071 718.4749117135926 112.10043621676583 0.05
23 29 25 27 91.4737023 1884.2641757768968 20.598971380836925 0.05
23 32 26 29 40.146158 1234.5543024893734 30.75149314386132 0.05
23 35 27 31 22.4917946 904.3207121886378 40.206694408841784 0.05
23 38 28 33 12.0954081 600.5415585269496 49.65037587503556 0.05
23 41 29 35 9.07373403 569.9362841630812 62.81165860479614 0.05
23 44 30 37 9.34269907 730.460379284577 78.18515546863023 0.05
23 47 31 39 8.51408596 736.0824055850426 86.45465984760185 0.05
23 50 32 41 7.56535471 743.5622414304254 98.28517894178492 0.05
23 53 33 43 6.92103073 712.3795388004756 102.92968874023127 0.05
23 56 34 45 6.62765802 731.329210610107 110.34504321182628 0.05
24 27 25 26 271.023677 2850.113780631802 10.516106239056752 0.05
24 30 26 28 80.9650354 1628.1411582653132 20.109188493794115 0.05
24 33 27 30 35.0789709 1085.8862960551858 30.95547754666844 0.05
24 36 28 32 21.8544488 863.2571258099616 39.50029276464578 0.05
24 39 29 34 11.1732921 568.2857956239794 50.86108825741515 0.05
24 42 30 36 9.44050541 609.4763664915516 64.5597179411554 0.05
24 45 31 38 9.36168389 724.5703882481015 77.39744225096896 0.05
24 48 32 40 8.28747485 720.334623819511 86.91846875644043 0.05
24 51 33 42 7.33167839 692.198092086479 94.41195525305618 0.05
24 54 34 44 6.75859173 678.6067363124079 100.40652896670944 0.05
25 28 26 27 257.254063 2606.442088804618 10.131782015060413 0.05
25 31 27 29 83.4271514 1686.1351897584718 20.210868541754763 0.05
25 34 28 31 34.27535 1043.1169052303057 30.43344284537738 0.05
25 37 29 33 20.0590633 785.1644819351465 39.142629453447434 0.05
25 40 30 35 11.7017776 602.353312679971 51.47536838163554 0.05
25 43 31 37 10.8113676 719.7806123425357 66.57627776365089 0.05
25 46 32 39 9.31479006 710.8271423291174 76.3116653999089 0.05
25 49 33 41 8.20003214 707.3466504721617 86.26144854014704 0.05
25 52 34 43 7.47856575 675.5400773866413 90.33016489647649 0.05
25 55 35 45 7.21794369 715.3849368277431 99.11201410712904 0.05
26 29 27 28 207.457999 2091.776248116314 10.08289031128809 0.05
26 32 28 30 76.19431 1585.739822523596 20.811787947467415 0.05
26 35 29 32 37.5621789 1102.3316175983105 29.3468496737901 0.05
26 38 30 34 18.022616 721.0073553802079 40.00569924922153 0.05
26 41 31 36 11.9857668 628.1457403696389 52.40763906483137 0.05
26 44 32 38 10.9517498 736.8040017306255 67.27728583889174 0.05
26 47 33 40 9.21020438 688.0169793752436 74.70159737923683 0.05
26 50 34 42 8.18612684 675.030673807267 82.46032427800337 0.05
26 53 35 44 7.42940546 659.7244520136912 88.79909106666138 0.05
26 56 36 46 7.08850807 696.4322286167082 98.24806880930987 0.05
27 30 28 29 213.092542 2154.0843175022 10.108680000176637 0.05
27 33 29 31 66.8268024 1361.8806944840692 20.379258704200232 0.05
27 36 30 33 41.3825975 1198.724671920172 28.966878454649255 0.05
27 39 31 35 17.0569288 693.5745734841548 40.66233620463696 0.05
27 42 32 37 13.2331337 722.7941423656905 54.62002869098878 0.05
27 45 33 39 10.585275 693.8435048112974 65.54799046895782 0.05
27 48 34 41 9.21907969 668.8822692994613 72.5541259855908 0.05
27 51 35 43 8.28560682 648.0133799418069 78.20952574983602 0.05
27 54 36 45 7.56471563 665.018702578071 87.91060168088183 0.05
28 31 29 30 210.81992 2103.2669414744905 9.976604399975535 0.05
28 34 30 32 72.6814178 1384.1849864058129 19.0445512526286 0.05
28 37 31 34 37.5736719 1102.9208691124995 29.35355565055912 0.05
28 40 32 36 16.5745116 689.388436258178 41.5932881098094 0.05
28 43 33 38 13.1501367 726.3462847469673 55.23488472534033 0.05
28 46 34 40 10.9020292 683.8863086120872 62.730185001897375 0.05
28 49 35 42 9.59684971 670.2773497209583 69.8434767632678 0.05
28 52 36 44 8.07807778 618.8594496447255 76.60974138883886 0.05
28 55 37 46 7.1180007 618.4993250700179 86.89228213619282 0.05
29 32 30 31 232.41579 2341.8878208093065 10.076285353974042 0.05
29 35 31 33 86.4031192 1639.8132293406013 18.978634620179328 0.05
29 38 32 35 29.1822829 890.9767564049841 30.531427560281244 0.05
29 41 33 37 17.3303984 735.9001016828818 42.46296505698806 0.05
29 44 34 39 13.5801573 730.9623115202015 53.82576176199384 0.05
29 47 35 41 11.2743168 677.283056817057 60.07309079846479 0.05
29 50 36 43 9.4842438 635.9439298770397 67.05267634274013 0.05
29 53 37 45 7.61120251 582.6157907756682 76.54714087691094 0.05
29 56 38 47 6.69352439 577.5788906795217 86.28920386730998 0.05
30 33 31 32 208.301188 1995.1609173210654 9.578250304175247 0.05
30 36 32 34 90.0274217 1815.1876651395417 20.162608579287365 0.05
30 39 33 36 25.175008 783.1655100469816 31.108848507495278 0.05
30 42 34 38 18.4312262 779.5748253994597 42.29641679507246 0.05
30 45 35 40 14.5640975 757.064739287592 51.981575877776976 0.05
30 48 36 42 11.3621899 654.0561514495495 57.56426861423513 0.05
30 51 37 44 8.18722958 534.816142263984 65.32321306470362 0.05
30 54 38 46 7.14833149 549.8463342234605 76.91953499815388 0.05
31 34 32 33 225.187338 2201.100765331914 9.774531662752343 0.05
31 37 33 35 61.9675947 1254.5433163603416 20.245151073458423 0.05
31 40 34 37 27.8912945 859.0629221825627 30.800396237706455 0.05
31 43 35 39 20.3116404 854.0723347106466 42.04841745379888 0.05
31 46 36 41 14.5562295 720.6848305465832 49.51040587444593 0.05
31 49 37 43 10.2333227 569.0499934200642 55.60754899482102 0.05
31 52 38 45 7.9687101 524.6902445332046 65.84381135074854 0.05
31 55 39 47 7.13974519 548.967723783713 76.88897981297748 0.05
32 35 33 34 217.27005 2150.684883791156 9.898671647524157 0.05
32 38 34 36 52.4428306 1021.9324064433127 19.486598925941895 0.05
32 41 35 38 33.4801769 997.021064628029 29.77944434421519 0.05
32 44 36 40 22.0023618 900.3215621151667 40.91931449446335 0.05
32 47 37 42 12.9804131 593.0328211190244 45.686744832414035 0.05
32 50 38 44 8.8909084 489.589176950476 55.06627162534662 0.05
32 53 39 46 7.77111207 519.7738731022132 66.88539148840421 0.05
32 56 40 48 7.31879881 546.1958436719494 74.62916495609332 0.05
33 36 34 35 179.178637 1721.5961071058764 9.608266565315352 0.05
33 39 35 37 64.3382466 1272.4761166011815 19.77791102254225 0.05
33 42 36 39 34.2020727 1023.9708496599347 29.93885366660643 0.05
33 45 37 41 17.50088 683.283501748426 39.04280823298178 0.05
33 48 38 43 11.2164791 497.90520221956956 44.39050773246388 0.05
33 51 39 45 8.78008492 490.3356167017031 55.84634102852198 0.05
33 54 40 47 7.78803902 525.2770601845434 67.44663949880203 0.05
34 37 35 36 213.519641 2061.146462825262 9.653193744482092 0.05
34 40 36 38 67.1723164 1328.3722068721202 19.775590273854544 0.05
34 43 37 40 28.1885774 861.2618287402455 30.553575532344727 0.05
34 46 38 42 14.5641737 538.6959105143444 36.9877427728251 0.05
34 49 39 44 10.0471826 461.0807914468536 45.89155087584987 0.05
34 52 40 46 8.84954632 510.7153685328665 57.71090969699184 0.05
34 55 41 48 8.3463782 558.2688608711335 66.88755859051936 0.05
35 38 36 37 221.024397 2231.097117896902 10.094347719889502 0.05
35 41 37 39 48.0820899 931.6237289857268 19.375691258913577 0.05
35 44 38 41 21.8222025 664.3098114645304 30.441923149807195 0.05
35 47 39 43 13.1220382 462.745742753289 35.26477637851176 0.05
35 50 40 45 10.5433469 501.6546948266118 47.580213340662425 0.05
35 53 41 47 9.06378523 540.9086677332341 59.67801023604285 0.05
35 56 42 49 8.35903055 558.0213029476575 66.75670098462047 0.05
36 39 37 38 115.566325 1126.8428993405278 9.750616361128795 0.05
36 42 38 40 36.1875442 731.7289827180849 20.22046532569306 0.05
36 45 39 42 17.8944988 513.1079797535782 28.674062654025168 0.05
36 48 40 44 12.3517314 444.1655922421223 35.95978392487731 0.05
36 51 41 46 10.7718044 530.1768252189626 49.21894285593995 0.05
36 54 42 48 9.70933003 586.2261113895203 60.377606856311616 0.05
37 40 38 39 122.384683 1209.9019624724963 9.88605708503977 0.05
37 43 39 41 29.8399261 630.273863867424 21.12183058883058 0.05
37 46 40 43 18.4361101 494.3613986548165 26.814843042991836 0.05
37 49 41 45 14.797666 573.2511402583235 38.73929444402405 0.05
37 52 42 47 11.9688639 626.2976892926911 52.32724630553206 0.05
37 55 43 49 10.7638008 649.9132435360946 60.37953094933665 0.05
38 41 39 40 58.2849158 588.1529649896266 10.09099793517462 0.05
38 44 40 42 28.6964082 562.6565472808164 19.60721158409004 0.05
38 47 41 44 17.4997489 463.9210013818635 26.51015189034304 0.05
38 50 42 46 14.8658715 624.2397834165677 41.991469078457165 0.05
38 53 43 48 12.6954048 676.7992682154552 53.31057015334046 0.05
38 56 44 50 11.6183858 694.4955456267487 59.77556242165316 0.05
39 42 40 41 45.4416276 462.58706391165794 10.179808434318888 0.05
39 45 41 43 27.1534299 487.64893125899056 17.959017813031075 0.05
39 48 42 45 19.1512222 560.271240848049 29.255116722944663 0.05
39 51 43 47 14.7718134 653.7910042493454 44.259359805434954 0.05
39 54 44 49 13.325275 682.9348057136189 51.25108530320154 0.05
40 43 41 42 52.1857022 511.5050747942782 9.801632501445543 0.05
40 46 42 44 24.1916582 446.6764492961839 18.46406912677792 0.05
40 49 43 46 19.7148529 659.5000696638704 33.45193966239892 0.05
40 52 44 48 17.2718824 744.1206604367036 43.08277715211306 0.05
40 55 45 50 13.9870847 690.7744331416075 49.386591127285264 0.05
41 44 42 43 56.5118809 544.2068285860985 9.62995426659208 0.05
41 47 43 45 27.731747 556.6331571191636 20.072055219570682 0.05
41 50 44 47 21.7069776 750.7463739594648 34.58548618760563 0.05
41 53 45 49 16.1962977 649.9475921062103 40.129392787477 0.05
41 56 46 51 15.0067367 719.2229341004985 47.92667109968675 0.05
42 45 43 44 41.1567554 397.1270979108805 9.649135216107936 0.05
42 48 44 46 32.813797 697.6423150086516 21.26063969398761 0.05
42 51 45 48 21.0625763 641.8920554525818 30.475476803499188 0.05
42 54 46 50 17.398174 649.4689897645852 37.32972148482853 0.05
43 46 44 45 62.7370204 598.5201939206527 9.54014376367566 0.05
43 49 45 47 29.3581808 614.4333605939914 20.928863568889508 0.05
43 52 46 49 21.5679334 577.5075297186982 26.776210729522102 0.05
43 55 47 51 20.0771606 716.9882597480482 35.71163642273441 0.05
44 47 45 46 53.462207 503.76687958853194 9.422859770613883 0.05
44 50 46 48 29.9251913 563.9874126756488 18.846576685899038 0.05
44 53 47 50 23.3249219 608.38370578341 26.082990047799907 0.05
44 56 48 52 18.7244696 672.6859699162129 35.925501992121205 0.05
45 48 46 47 59.1883574 581.7429156359804 9.828671400770792 0.05
45 51 47 49 30.8580543 525.5764323650276 17.03206648272142 0.05
45 54 48 51 27.6909532 773.6243778852592 27.937802368076632 0.05
46 49 47 48 69.7486463 655.6099524237504 9.399608267719891 0.05
46 52 48 50 39.2498159 714.532918403788 18.204745729872023 0.05
46 55 49 52 27.6310836 817.9216567229613 29.60150490525682 0.05
47 50 48 49 66.4376792 628.7023132728932 9.463038457142451 0.05
47 53 49 51 48.2588311 1013.0695007686261 20.992416883645284 0.05
47 56 50 53 27.3499263 804.3158565765381 29.4083372567091 0.05
48 51 49 50 87.9049856 843.0407317809328 9.590363117935972 0.05
48 54 50 52 45.0837725 912.9130583661043 20.249260604047816 0.05
49 52 50 51 133.411323 1323.4201478253522 9.91984876595034 0.05
49 55 51 53 44.0627221 796.8658735120482 18.084808099317318 0.05
50 53 51 52 110.253811 1029.330808432747 9.33601114643327 0.05
50 56 52 54 50.715265 920.3760955009379 18.147910604448935 0.05
51 54 52 53 158.907243 1473.0120195213224 9.269634232602742 0.05
52 55 53 54 146.555843 1409.9594233249563 9.62062920497108 0.05
53 56 54 55 122.7535 1156.5365416025477 9.421617645138816 0.05
10 6 14 2 67.5970483 2718.8976251989848 40.22213533840034 0.05
12 7 17 2 54.5779152 2887.6818357191705 52.90934666773733 0.05
14 8 20 2 35.0534347 2236.2843849416668 63.79644117846367 0.05
16 9 23 2 24.8331692 1874.605254912309 75.48795885916603 0.05
18 10 26 2 20.2711555 1761.092396811206 86.87676421855706 0.05
20 11 29 2 16.1700482 1551.117720755014 95.92536160498359 0.05
22 12 32 2 12.2960863 1285.3640573216628 104.53440435934992 0.05
24 13 35 2 11.2310163 1243.557276404488 110.72526681351962 0.05
26 14 38 2 9.88344369 1165.4503975884384 117.91946553685867 0.05
28 15 41 2 9.14783018 1157.2405660686566 126.50437790141143 0.05
30 16 44 2 8.13214298 1125.5493165468208 138.4074676644238 0.05
32 17 47 2 7.39002183 1076.2315742976898 145.63307105923525 0.05
7 5 9 3 160.829241 3214.9543245061004 19.989861946224696 0.05
9 6 12 3 97.4146936 2861.1880065721284 29.37121599253409 0.05
11 7 15 3 73.794393 3102.4846917537507 42.042282152165015 0.05
13 8 18 3 48.7367392 2607.8786038627727 53.509501182688325 0.05
15 9 21 3 31.2316971 2010.1822696106344 64.3635298835757 0.05
17 10 24 3 24.9921516 1887.1055360802118 75.50792609949644 0.05
19 11 27 3 18.7985994 1620.9490640698693 86.2271188176854 0.05
21 12 30 3 14.0568794 1332.4003593871676 94.78635488522208 0.05
23 13 33 3 12.5631724 1295.1758927724363 103.09306053719651 0.05
25 14 36 3 11.5014332 1264.0664943383974 109.9051285485358 0.05
27 15 39 3 10.1322996 1191.37284708312 117.5816837357553 0.05
29 16 42 3 8.8493922 1129.010278650505 127.58054487069799 0.05
31 17 45 3 7.77312077 1074.6316947947596 138.249710327704 0.05
33 18 48 3 7.06870285 1035.8710645814522 146.54330314386496 0.05
10 7 13 4 94.7880709 2919.046956082842 30.795509691956838 0.05
12 8 16 4 72.1406466 3144.7818489289975 43.59237125175695 0.05
14 9 19 4 41.5518355 2248.606099242335 54.11568639951741 0.05
16 10 22 4 30.8318101 2003.2949871946225 64.97493921690386 0.05
18 11 25 4 22.687298 1728.804536284611 76.2014293762356 0.05
20 12 28 4 16.3298454 1401.184293026931 85.80511687066743 0.05
22 13 31 4 14.3297758 1355.7502135094371 94.61070657570491 0.05
24 14 34 4 12.821234 1315.3410542148683 102.59083128931803 0.05
26 15 37 4 11.4911866 1258.303449849518 109.50161142188031 0.05
28 16 40 4 9.86477692 1156.2118188645438 117.20607858049199 0.05
30 17 43 4 8.55364439 1108.4316297417513 129.58589101945952 0.05
32 18 46 4 7.60519772 1043.1903870634787 137.16808233928188 0.05
34 19 49 4 6.65750134 997.4167803084359 149.81848735285962 0.05
11 8 14 5 92.1565314 3047.299303504912 33.066558139848915 0.05
13 9 17 5 59.141956 2665.3009174123154 45.06616110925238 0.05
15 10 20 5 38.3041486 2086.5540181611286 54.47331671434485 0.05
17 11 23 5 27.575138 1797.4863034289162 65.18503383116038 0.05
19 12 26 5 19.111374 1456.698844254512 76.22156545387642 0.05
21 13 29 5 16.2238115 1386.8688612567857 85.48354135258448 0.05
23 14 32 5 14.6244138 1386.4948175495363 94.80686450143638 0.05
25 15 35 5 13.2336963 1350.7397517282438 102.06821443592021 0.05
27 16 38 5 10.9873863 1195.9312634739815 108.84583747401159 0.05
29 17 41 5 9.31587457 1099.3874484551407 118.01226392586999 0.05
31 18 44 5 8.18152871 1063.3659779857314 129.97155124396446 0.05
33 19 47 5 7.1577428 987.6978405149223 137.99012735061146 0.05
35 20 50 5 6.39877048 976.7521112057376 152.64684274247287 0.05
10 8 12 6 129.64839 2712.7871093646295 20.924186635596705 0.05
12 9 15 6 91.2819793 3065.258074213736 33.580100888694645 0.05
14 10 18 6 53.4439031 2310.505387931999 43.23234745053639 0.05
16 11 21 6 33.8982083 1815.0317191604847 53.543588590211264 0.05
18 12 24 6 23.0174909 1493.6337554058778 64.89124995834702 0.05
20 13 27 6 18.7125406 1398.989169462995 74.76211805589857 0.05
22 14 30 6 16.3967568 1389.7173146675548 84.75562159143294 0.05
24 15 33 6 14.4585648 1353.4960500140144 93.61206099889074 0.05
26 16 36 6 12.4587294 1248.222328446768 100.18857367965373 0.05
28 17 39 6 10.2410784 1102.342206057162 107.63927029961631 0.05
30 18 42 6 8.7941206 1038.9959599687247 118.14665811709756 0.05
32 19 45 6 7.64962838 984.7436649392761 128.730915545374 0.05
34 20 48 6 6.83096136 957.7464228989954 140.20668137683558 0.05
36 21 51 6 6.28594666 964.0950975710446 153.37309552846963 0.05
11 9 13 7 120.305978 2590.588774308447 21.533333732663284 0.05
13 10 16 7 79.9928892 2627.596430538261 32.84787506510342 0.05
15 11 19 7 42.0031262 1745.566161566746 41.55800578402533 0.05
17 12 22 7 27.7296323 1452.566546398315 52.38318816071409 0.05
19 13 25 7 21.956184 1402.2613372608735 63.86635023922524 0.05
21 14 28 7 18.2531027 1351.8754979322107 74.06277826575811 0.05
23 15 31 7 16.5386236 1377.8661690675526 83.31202174935238 0.05
25 16 34 7 13.7928387 1258.6047569771165 91.25059636760027 0.05
27 17 37 7 11.4484791 1123.4329600443705 98.12945022927723 0.05
29 18 40 7 9.45159919 1004.1583529092663 106.24216418018318 0.05
31 19 43 7 8.09418542 963.2311721465087 119.0028547859123 0.05
33 20 46 7 7.23272574 929.715703164054 128.54292234839448 0.05
35 21 49 7 6.58411027 938.661597442525 142.5646836018931 0.05
37 22 52 7 6.25317 964.8851164034279 154.30335596240434 0.05
10 9 11 8 256.090733 2639.7231583915955 10.307765249715597 0.05
12 10 14 8 147.021488 3168.9332446079893 21.554218282758704 0.05
14 11 17 8 66.3833803 2073.853934605786 31.240559387509617 0.05
16 12 20 8 34.6203415 1426.3370754172972 41.199393582449126 0.05
18 13 23 8 28.1831579 1484.6678483548487 52.679258074016204 0.05
20 14 26 8 22.3515889 1412.7347437796234 63.20511486230956 0.05
22 15 29 8 18.899867 1391.1764377768395 73.60773691036236 0.05
24 16 32 8 15.6348222 1286.3665893282514 82.27574147458174 0.05
26 17 35 8 13.0863043 1174.239460452771 89.73041078165751 0.05
28 18 38 8 10.7130217 1030.57454335294 96.19830634273242 0.05
30 19 41 8 8.77879579 933.0570385113082 106.2853107454853 0.05
32 20 44 8 7.81896539 931.7692432321502 119.16784341107694 0.05
34 21 47 8 7.05893814 914.7427241328861 129.58644855512023 0.05
36 22 50 8 6.4064574 921.1536798852013 143.7851877209394 0.05
38 23 53 8 6.10999281 949.2853547816973 155.36603467487507 0.05
13 11 15 9 130.394851 2734.080341806538 20.967701721646495 0.05
15 12 18 9 50.2114311 1503.8682905214762 29.950715555714886 0.05
17 13 21 9 40.0363991 1635.5032495148403 40.85040828546542 0.05
19 14 24 9 30.4667609 1607.8844154374406 52.77503639835374 0.05
21 15 27 9 23.6664329 1489.2722264759811 62.92761705022226 0.05
23 16 30 9 19.2793021 1389.6165030746845 72.07815385986844 0.05
25 17 33 9 15.2055527 1234.1121544941423 81.16193990726443 0.05
27 18 36 9 12.4896937 1093.524308503394 87.55413341348748 0.05
29 19 39 9 9.74650064 934.3847950847627 95.86874608616068 0.05
31 20 42 9 8.44885968 910.715147233341 107.79148686646681 0.05
33 21 45 9 7.64099063 913.2395958239443 119.51848131293211 0.05
35 22 48 9 6.79984669 894.2445709785236 131.50951951514125 0.05
37 23 51 9 6.34978374 922.2643940250966 145.24343375906793 0.05
39 24 54 9 6.04724312 938.3666857488054 155.1726410081567 0.05
14 12 16 10 82.1404284 1666.8220314677624 20.29234646002604 0.05
16 13 19 10 51.3303964 1551.8512005115224 30.232597239625495 0.05
18 14 22 10 39.698009 1677.0595198218223 42.24543149813439 0.05
20 15 25 10 29.8768871 1582.543827983538 52.96883248534744 0.05
22 16 28 10 22.251254 1401.5084279379153 62.98559298895763 0.05
24 17 31 10 17.6728883 1269.2164036365807 71.81714624635413 0.05
26 18 34 10 14.106823 1123.3186076350153 79.62945360801757 0.05
28 19 37 10 11.2301285 972.3276491869682 86.5820590732304 0.05
30 20 40 10 9.20350461 889.465562816251 96.64422418497067 0.05
32 21 43 10 8.26080533 905.1705312526501 109.57412686695646 0.05
34 22 46 10 7.29645876 880.7844879127099 120.71396781425923 0.05
36 23 49 10 6.49349464 876.1478804675517 134.92701989318215 0.05
38 24 52 10 6.40819277 938.5909941179109 146.4673470049046 0.05
40 25 55 10 5.94464193 923.0737902550726 155.278282716529 0.05
13 12 14 11 210.395941 2244.6739849605037 10.6688084109023 0.05
15 13 17 11 84.2495436 1712.9422049945226 20.331768360992317 0.05
17 14 20 11 60.9271095 1910.247811664761 31.353002421110443 0.05
19 15 23 11 43.6444638 1890.6271088274239 43.31883002369304 0.05
21 16 26 11 29.2638715 1547.534100851314 52.88206999033993 0.05
23 17 29 11 22.1170114 1386.7084156027186 62.698725000554035 0.05
25 18 32 11 17.4182188 1242.1572489914088 71.31367812370165 0.05
27 19 35 11 13.4410476 1060.6765080782704 78.91323203693368 0.05
29 20 38 11 10.5257358 918.0717343439178 87.2216205867449 0.05
31 21 41 11 9.09716626 891.2889061106556 97.97434504738354 0.05
33 22 44 11 8.04211996 895.017449599184 111.29123341243768 0.05
35 23 47 11 6.90153369 847.8431481775708 122.84851255686195 0.05
37 24 50 11 6.76778466 931.3151495263273 137.610044691689 0.05
39 25 53 11 6.11742715 904.3160268730722 147.82620286259922 0.05
41 26 56 11 5.84811296 904.2040555394233 154.6146700181768 0.05
14 13 15 12 297.354095 3082.5099066989355 10.366461933873605 0.05
16 14 18 12 103.159872 2149.747832390521 20.838992824559934 0.05
18 15 21 12 69.7660668 2295.481916656185 32.902555955127816 0.05
20 16 24 12 44.1140538 1894.8678794839177 42.95383707139419 0.05
22 17 27 12 28.5400689 1520.362689297375 53.27116394233284 0.05
24 18 30 12 21.6270816 1336.0067079834005 61.7747106472008 0.05
26 19 33 12 15.97355 1136.2184467639377 71.13124175677528 0.05
28 20 36 12 13.1082778 1029.9865613046072 78.57527716605206 0.05
30 21 39 12 10.3241628 908.9680645531222 88.04278682559347 0.05
32 22 42 12 8.90796165 885.459719851982 99.4009353253089 0.05
34 23 45 12 7.63278585 865.9681252030766 113.45374313142516 0.05
36 24 48 12 7.02025284 881.2643589238377 125.53171217745451 0.05
38 25 51 12 6.5765008 911.0666335875355 138.5336459759171 0.05
40 26 54 12 6.23626772 923.2107036396023 148.0389786151776 0.05
15 14 16 13 185.688852 1949.8752535770334 10.500766376524496 0.05
17 15 19 13 108.163556 2296.745370119261 21.234003901640044 0.05
19 16 22 13 60.0088348 1961.0013131324386 32.678543412284995 0.05
21 17 25 13 35.6404747 1527.6150617019985 42.86180457921899 0.05
23 18 28 13 25.4879066 1329.0037138299745 52.142521341080815 0.05
25 19 31 13 18.8653512 1158.162966871615 61.39101014306137 0.05
27 20 34 13 14.4102757 1015.017680418569 70.43707570553761 0.05
29 21 37 13 11.5589338 906.3425117782291 78.41056341876697 0.05
31 22 40 13 9.3122177 823.2743788266685 88.40798243222648 0.05
33 23 43 13 8.00132681 819.4746047223784 102.41733954651184 0.05
35 24 46 13 7.17409088 822.684503958927 114.67439118347593 0.05
37 25 49 13 6.70928615 864.6394010088374 128.8720411796473 0.05
39 26 52 13 6.36739315 885.8081176039859 139.1162908801989 0.05
41 27 55 13 6.04264656 890.6436977726543 147.39298235120577 0.05
16 15 17 14 219.132073 2354.4824085372275 10.744581458585607 0.05
18 16 20 14 93.3551315 2031.5120451881114 21.761118136158498 0.05
20 17 23 14 49.8810901 1605.8231211663312 32.19302380816114 0.05
22 18 26 14 31.1244374 1301.7901465820703 41.82533903671686 0.05
24 19 29 14 21.1027367 1087.108614006273 51.51505368525367 0.05
26 20 32 14 16.4739199 1014.0807251431019 61.55673520927475 0.05
28 21 35 14 13.434624 933.1148869251143 69.45597338080428 0.05
30 22 38 14 10.038033 785.1089623203873 78.2134271047313 0.05
32 23 41 14 8.36400721 743.9492933021234 88.94651506429337 0.05
34 24 44 14 7.58617623 793.2791209578759 104.56903410980684 0.05
36 25 47 14 6.55920746 758.2802382772392 115.60546649903328 0.05
38 26 50 14 6.62057396 858.8022377146024 129.71718810231408 0.05
40 27 53 14 6.16054394 860.5902309796343 139.6938710869148 0.05
42 28 56 14 5.83279681 842.9426793479507 144.51775139891265 0.05
17 16 18 15 271.400678 2738.708731382349 10.091016542642347 0.05
19 17 21 15 89.7340889 1944.6688198217682 21.67146113211128 0.05
21 18 24 15 47.4782819 1476.1389000293746 31.09082386634076 0.05
23 19 27 15 28.0226911 1153.258930561018 41.15446751511377 0.05
25 20 30 15 20.283798 1039.3421374140935 51.24001616532039 0.05
27 21 33 15 15.0949014 921.432775176317 61.04264948536312 0.05
29 22 36 15 11.9507583 822.7530743737625 68.84526100521693 0.05
31 23 39 15 8.7857832 692.5857022083462 78.83027459730013 0.05
33 24 42 15 7.94136819 723.512896283426 91.10683184221257 0.05
35 25 45 15 6.75030458 713.9070950626569 105.75924191300075 0.05
37 26 48 15 6.75937468 796.2114516966383 117.793655388347 0.05
39 27 51 15 6.33543465 821.5692005377016 129.67842712065567 0.05
41 28 54 15 5.95980096 827.5840507174009 138.86102174751167 0.05
18 17 19 16 226.052377 2494.9990794042706 11.037260976929566 0.05
20 18 22 16 94.5973894 1959.0554083092056 20.709402455340967 0.05
22 19 25 16 43.3751183 1361.6677641621675 31.392831132916303 0.05
24 20 28 16 25.7500665 1073.263404657239 41.68002458002348 0.05
26 21 31 16 19.7154808 1015.5284368213228 51.50918951067745 0.05
28 22 34 16 14.2125122 854.182053125745 60.10070852398248 0.05
30 23 37 16 10.4787425 724.3053793671959 69.12140262700376 0.05
32 24 40 16 8.63189788 681.9827006274859 79.00727164620787 0.05
34 25 43 16 7.18703516 680.9666906138987 94.74931949740159 0.05
36 26 46 16 6.7199834 716.2110755956106 106.57929238271788 0.05
38 27 49 16 6.70845099 806.4213827342898 120.20977479546134 0.05
40 28 52 16 6.28932615 819.9481387872039 130.37138148531284 0.05
42 29 55 16 6.09319501 828.0754513977353 135.90168212878768 0.05
19 18 20 17 293.542409 3058.405879825105 10.418957486395449 0.05
21 19 23 17 89.2195512 1844.6093759410255 20.674945694425613 0.05
23 20 26 17 47.6134344 1484.0260914545918 31.168221955746837 0.05
25 21 29 17 28.3995421 1181.0782921667305 41.58793434091074 0.05
27 22 32 17 19.327326 990.8213172542526 51.265307847254846 0.05
29 23 35 17 13.5069218 811.8139680467931 60.10355135444651 0.05
31 24 38 17 10.0228498 694.4425252945595 69.28593555243734 0.05
33 25 41 17 7.84251287 630.5932603183212 80.40704182080879 0.05
35 26 44 17 7.1691803 693.4517196966211 96.7267791684108 0.05
37 27 47 17 6.96257361 751.0120902786464 107.86415086513483 0.05
39 28 50 17 6.64142781 803.7008502406496 121.0132629960258 0.05
41 29 53 17 6.29488251 817.0717266032268 129.79936087849666 0.05
43 30 56 17 6.04580109 800.9672938383586 132.48323620226125 0.05
20 19 21 18 299.115437 3186.791243517868 10.654051410652766 0.05
22 20 24 18 102.813545 2225.3906037442703 21.644916569546066 0.05
24 21 27 18 45.1176414 1438.600332950973 31.885539410111388 0.05
26 22 30 18 26.9840448 1126.956607297354 41.763813232972176 0.05
28 23 33 18 17.2797355 892.9098518317969 51.673814789109294 0.05
30 24 36 18 13.3936109 809.0269658533161 60.40394721734944 0.05
32 25 39 18 8.73999276 609.5306690906934 69.74040892577278 0.05
34 26 42 18 7.7824734 652.6242089136297 83.85819974837688 0.05
36 27 45 18 6.96796719 685.1160228752093 98.32365799001549 0.05
38 28 48 18 7.10566119 780.8241755963248 109.88761703065732 0.05
40 29 51 18 6.70448058 810.3409427472736 120.86558131954104 0.05
42 30 54 18 6.31529754 802.6621578984526 127.09807460607036 0.05
21 20 22 19 257.501283 2734.528786034104 10.619476354353171 0.05
23 21 25 19 111.413433 2372.590559832182 21.29537252327717 0.05
25 22 28 19 43.2173456 1364.944860384923 31.583264576640797 0.05
27 23 31 19 25.60217 1066.7018585024734 41.6645096295538 0.05
29 24 34 19 16.7335459 855.6218653137273 51.13213125460321 0.05
31 25 37 19 11.1679459 670.7040255962753 60.05616714137873 0.05
33 26 40 19 8.44392332 594.7356736144716 70.43357111093135 0.05
35 27 43 19 7.31597367 636.8035494015813 87.04289792797755 0.05
37 28 46 19 7.40771468 734.6919603767768 99.17930051495676 0.05
39 29 49 19 7.23873821 803.0646846956855 110.93987120383588 0.05
41 30 52 19 6.76736306 810.2029774077431 119.72210892550268 0.05
43 31 55 19 6.47926193 801.3814334293032 123.68406187111859 0.05
22 21 23 20 296.346907 3234.6788858436717 10.91517680609257 0.05
24 22 26 20 90.988749 1895.5208894940265 20.832475556884802 0.05
26 23 29 20 38.1960718 1208.8895020114956 31.64957664603342 0.05
28 24 32 20 25.6002164 1059.4618038481622 41.38487688128145 0.05
30 25 35 20 15.2621415 773.4719895571227 50.67912583284087 0.05
32 26 38 20 9.99914615 593.1090900361435 59.31597369802856 0.05
34 27 41 20 7.9819295 577.7867281668865 72.38684934098785 0.05
36 28 44 20 7.32769989 649.553124840105 88.64352178594818 0.05
38 29 47 20 7.6770468 755.7533718507896 98.44324146243183 0.05
40 30 50 20 7.24513936 800.5057579724187 110.4886625634788 0.05
42 31 53 20 6.67731418 780.6384474425199 116.90904851844488 0.05
44 32 56 20 6.14994389 752.293492793468 122.32526121363816 0.05
25 23 27 21 84.8546388 1779.3318174261435 20.96917555232282 0.05
27 24 30 21 43.2097644 1340.9990860879855 31.034630822656965 0.05
29 25 33 21 20.5970997 850.99282688026 41.31614835462781 0.05
31 26 36 21 14.6825168 735.3834916861167 50.08565641049474 0.05
33 27 39 21 9.06334466 544.447819376892 60.07140187217507 0.05
35 28 42 21 7.58377293 569.1627201005728 75.05007406657319 0.05
37 29 45 21 7.93113812 705.655023526144 88.97273163692476 0.05
39 30 48 21 7.67285763 755.0780425551749 98.40897341857428 0.05
41 31 51 21 7.01959498 762.1983243937744 108.58152451322404 0.05
43 32 54 21 6.50918678 741.6871016018703 113.94466416000897 0.05
24 23 25 22 252.531184 2710.251787641444 10.732344990872273 0.05
26 24 28 22 93.4957687 1984.0017643987865 21.220230519360246 0.05
28 25 31 22 41.1113033 1267.0170662278267 30.81918996783122 0.05
30 26 34 22 20.4368936 834.2898527250385 40.82273309506482 0.05
32 27 37 22 13.483244 665.5260339904679 49.35948900653789 0.05
34 28 40 22 8.69891762 537.7614490356353 61.8193518466307 0.05
36 29 43 22 7.92068631 613.1466968902541 77.41080417692417 0.05
38 30 46 22 8.3177402 732.0715659301404 88.01327624180189 0.05
40 31 49 22 7.71215429 764.7516353294974 99.16186924853359 0.05
42 32 52 22 6.90387178 733.360655238741 106.22454741457277 0.05
44 33 55 22 6.42254386 719.9699683273113 112.10043621676587 0.05
27 25 29 23 91.4884468 1884.567897310422 20.59897138083693 0.05
29 26 32 23 40.1525438 1234.7506753742914 30.751493143861325 0.05
31 27 35 23 22.5256716 905.6827943751263 40.20669440884179 0.05
33 28 38 23 12.0801768 599.7853187568845 49.65037587503558 0.05
35 29 41 23 9.06571561 569.4326339034915 62.81165860479617 0.05
37 30 44 23 9.3283358 729.3373847865896 78.18515546863028 0.05
39 31 47 23 8.50332605 735.1521612260017 86.45465984760183 0.05
41 32 50 23 7.55059913 742.1119866097354 98.28517894178489 0.05
43 33 53 23 6.91157318 711.4060761227303 102.92968874023124 0.05
45 34 56 23 6.61298878 729.710532688422 110.34504321182622 0.05
26 25 27 24 271.098853 2850.90433943443 10.516106239056754 0.05
28 26 30 24 80.9501223 1627.841267926386 20.10918849379411 0.05
30 27 33 24 35.0450803 1084.8371963478428 30.955477546668448 0.05
32 28 36 24 21.8708142 863.9035639011722 39.50029276464578 0.05
34 29 39 24 11.1660327 567.9165746398837 50.86108825741516 0.05
36 30 42 24 9.43397928 609.0550413795046 64.55971794115543 0.05
38 31 45 24 9.33363988 722.3998536036407 77.39744225096895 0.05
40 32 48 24 8.26334377 718.2371872964715 86.9184687564404 0.05
42 33 51 24 7.3203091 691.1246951877399 94.41195525305618 0.05
44 34 54 24 6.74196789 676.9375942399098 100.40652896670943 0.05
27 26 28 25 257.42412 2608.1650692587536 10.131782015060413 0.05
29 27 31 25 83.3294047 1684.1596440543815 20.210868541754763 0.05
31 28 34 25 34.2698559 1042.9497008519693 30.43344284537739 0.05
33 29 37 25 20.0444841 784.5938137118187 39.142629453447434 0.05
35 30 40 25 11.8122794 608.0414335418048 51.47536838163554 0.05
37 31 43 25 10.7838072 717.9457434968581 66.57627776365086 0.05
39 32 46 25 9.28673431 708.6861613225739 76.3116653999089 0.05
41 33 49 25 8.17861342 705.4990406590858 86.26144854014703 0.05
43 34 52 25 7.45387954 673.3101679666721 90.33016489647646 0.05
45 35 55 25 7.18173727 711.7964456179341 99.11201410712899 0.05
28 27 29 26 207.110741 2088.274883792596 10.082890311288086 0.05
30 28 32 26 76.1987376 1585.831968795912 20.811787947467412 0.05
32 29 35 26 37.599738 1103.4338588598935 29.346849673790107 0.05
34 30 38 26 18.0225706 721.0055391214619 40.00569924922152 0.05
36 31 41 26 11.9735646 627.506251876242 52.40763906483137 0.05
38 32 44 26 10.9144352 734.2935767204613 67.27728583889171 0.05
40 33 47 26 9.18277458 685.9679294994506 74.70159737923683 0.05
42 34 50 26 8.15600441 672.5467684614256 82.46032427800338 0.05
44 35 53 26 7.31461885 649.5315053790679 88.79909106666138 0.05
46 36 56 26 7.01762141 689.467751167366 98.24806880930986 0.05
29 28 30 27 213.21454 2155.3175562448623 10.10868000017664 0.05
31 29 33 27 66.8263076 1361.870610826862 20.37925870420023 0.05
33 30 36 27 41.3877672 1198.8744219917191 28.966878454649255 0.05
35 31 39 27 17.1020297 695.4084814430862 40.662336204636944 0.05
37 32 42 27 13.196149 720.7740369905632 54.6200286909888 0.05
39 33 45 27 10.5271828 690.0356778393767 65.54799046895782 0.05
41 34 48 27 9.18673166 666.5352862554557 72.5541259855908 0.05
43 35 51 27 8.25599757 645.6976545414983 78.20952574983599 0.05
45 36 54 27 7.53152998 662.1013321193999 87.91060168088183 0.05
30 29 31 28 210.841735 2103.4845810994757 9.976604399975534 0.05
32 30 34 28 72.6820384 1384.1968054543206 19.044551252628608 0.05
34 31 37 28 37.5706628 1102.8325413281914 29.35355565055912 0.05
36 32 40 28 16.6100962 690.8685167782503 41.5932881098094 0.05
38 33 43 28 13.1384728 725.7020305750192 55.234884725340315 0.05
40 34 46 28 10.8803642 682.5272591540212 62.730185001897375 0.05
42 35 49 28 9.53381645 665.874887690835 69.84347676326776 0.05
44 36 52 28 8.03304379 615.4094073171178 76.60974138883883 0.05
46 37 55 28 7.13991012 620.4030845740981 86.89228213619279 0.05
31 30 32 29 232.33993 2341.1234338023546 10.076285353974043 0.05
33 31 35 29 86.4725858 1641.1316105603069 18.97863462017932 0.05
35 32 38 29 29.4493669 899.131212203494 30.531427560281234 0.05
37 33 41 29 17.3249512 735.6687974196235 42.46296505698807 0.05
39 34 44 29 13.5583347 729.7876934515743 53.82576176199385 0.05
41 35 47 29 11.217449 673.8668323041477 60.073090798464754 0.05
43 36 50 29 9.43988566 632.9695978724538 67.05267634274014 0.05
45 37 53 29 7.5865963 580.7322557523511 76.54714087691092 0.05
47 38 56 29 6.67500552 575.9809121306996 86.28920386731 0.05
32 31 33 30 208.304126 1995.189058220459 9.578250304175247 0.05
34 32 36 30 90.05605 1815.7648863467323 20.16260857928737 0.05
36 33 39 30 25.195363 783.7987306583518 31.108848507495278 0.05
38 34 42 30 18.4094706 778.6546414742328 42.29641679507247 0.05
40 35 45 30 14.2122946 738.77747014722 51.981575877776976 0.05
42 36 48 30 11.3077051 650.9197737869563 57.56426861423511 0.05
44 37 51 30 8.16640179 533.4556041001471 65.32321306470362 0.05
46 38 54 30 7.12388646 547.9660338828447 76.9195349981539 0.05
33 32 34 31 225.275519 2201.9626933084664 9.77453166275234 0.05
35 33 37 31 62.1132023 1257.491164219785 20.245151073458423 0.05
37 34 40 31 27.9033827 859.4352435323634 30.800396237706455 0.05
39 35 43 31 20.2080479 849.716434025564 42.04841745379889 0.05
41 36 46 31 14.4992096 717.8617521546623 49.510405874445894 0.05
43 37 49 31 10.2008561 567.2446053698687 55.60754899482101 0.05
45 38 52 31 7.95109589 523.5304578128721 65.84381135074854 0.05
47 39 55 31 7.15454844 550.1059305741294 76.88897981297747 0.05
34 33 35 32 217.471831 2152.6822476548655 9.898671647524159 0.05
36 34 38 32 52.4655855 1022.3758220532125 19.48659892594189 0.05
38 35 41 32 33.3756555 993.9084754139498 29.779444344215193 0.05
40 36 44 32 21.9230164 897.0748027388777 40.91931449446334 0.05
42 37 47 32 12.9413412 591.2477531936069 45.686744832414035 0.05
44 38 50 32 8.86188758 487.991108593566 55.066271625346666 0.05
46 39 53 32 7.76459497 519.3379743173441 66.88539148840421 0.05
48 40 56 32 7.31945328 546.2446862215382 74.6291649560933 0.05
35 34 36 33 179.330206 1723.052422460914 9.608266565315349 0.05
37 35 39 33 64.2771133 1271.2670276332676 19.77791102254226 0.05
39 36 42 33 34.126687 1021.7138882190796 29.938853666606423 0.05
41 37 45 33 17.3699603 678.1720290074065 39.04280823298178 0.05
43 38 48 33 11.1954614 496.9722158452007 44.39050773246387 0.05
45 39 51 33 8.76697911 489.6037051669882 55.846341028522 0.05
47 40 54 33 7.78693662 525.20270700916 67.44663949880204 0.05
36 35 37 34 213.477923 2060.7437508886296 9.653193744482092 0.05
38 36 40 34 67.1040901 1327.0229915174189 19.775590273854544 0.05
40 37 43 34 28.1602221 860.3954729399534 30.553575532344734 0.05
42 38 46 34 14.5508555 538.2033003585472 36.98774277282509 0.05
44 39 49 34 10.0414276 460.8166855715631 45.89155087584987 0.05
46 40 52 34 8.8461255 510.517949898757 57.71090969699187 0.05
48 41 55 34 8.34367506 558.0880544360052 66.88755859051936 0.05
37 36 38 35 220.792119 2228.7524229972214 10.0943477198895 0.05
39 37 41 35 47.8957581 928.0134215572092 19.375691258913577 0.05
41 38 44 35 21.6321502 658.5242539534864 30.441923149807195 0.05
43 39 47 35 13.0654116 460.7488183672135 35.26477637851176 0.05
45 40 50 35 10.5837787 503.57844849635865 47.58021334066241 0.05
47 41 53 35 9.06020986 540.6952967657764 59.67801023604286 0.05
49 42 56 35 8.3517056 557.5323134507803 66.75670098462047 0.05
38 37 39 36 115.55803 1126.762017977812 9.750616361128795 0.05
40 38 42 36 36.1352271 730.6711066115943 20.220465325693063 0.05
42 39 45 36 17.8425132 511.6173414020711 28.674062654025168 0.05
44 40 48 36 12.3404201 443.75884033821285 35.959783924877314 0.05
46 41 51 36 10.7730168 530.2364982652813 49.21894285593997 0.05
48 42 54 36 9.70454475 585.9371876349829 60.377606856311616 0.05
39 38 40 37 122.494991 1210.992473657433 9.886057085039772 0.05
41 39 43 37 29.8344326 630.1578310910841 21.121830588830573 0.05
43 40 46 37 18.4253497 494.0728602177366 26.81484304299183 0.05
45 41 49 37 14.8007887 573.3721114530838 38.73929444402404 0.05
47 42 52 37 11.9690644 626.3081809055753 52.32724630553206 0.05
49 43 55 37 10.7116442 646.7640524921827 60.379530949336676 0.05
40 39 41 38 58.2727498 588.0301979087473 10.09099793517462 0.05
42 40 44 38 28.6914202 562.558746509435 19.60721158409004 0.05
44 41 47 38 17.5064297 464.0981104046125 26.510151890343035 0.05
46 42 50 38 14.8688123 624.3632719288339 41.991469078457186 0.05
48 43 53 38 12.6945733 676.7549404763727 53.31057015334046 0.05
50 44 56 38 11.6095103 693.9650076224754 59.77556242165316 0.05
41 40 42 39 45.4252586 462.4204306273965 10.179808434318886 0.05
43 41 45 39 27.094937 486.59845622595486 17.95901781303108 0.05
45 42 48 39 19.1456192 560.1073244290502 29.255116722944656 0.05
47 43 51 39 14.7811598 654.2046699298306 44.25935980543493 0.05
49 44 54 39 13.322392 682.7870488346897 51.251085303201535 0.05
42 41 43 40 52.1811283 511.46024310738005 9.801632501445548 0.05
44 42 46 40 24.1920781 446.68420235881 18.46406912677791 0.05
46 43 49 40 19.7143816 659.4843037647076 33.45193966239893 0.05
48 44 52 40 17.2701365 744.0454422160738 43.08277715211306 0.05
50 45 55 40 14.0571142 694.2329514249559 49.38659112728528 0.05
43 42 44 41 56.5237625 544.3212478507123 9.62995426659208 0.05
45 43 47 41 27.6690002 555.3736998847122 20.072055219570682 0.05
47 44 50 41 21.7119686 750.918990121027 34.585486187605625 0.05
49 45 53 41 16.2316926 651.3679679509837 40.129392787476995 0.05
51 46 56 41 15.0168138 719.7058959578372 47.92667109968676 0.05
44 43 45 42 40.9714545 395.33910447111396 9.649135216107936 0.05
46 44 48 42 32.909685 699.6809552276287 21.26063969398761 0.05
48 45 51 42 21.1199032 643.6391200637482 30.475476803499188 0.05
50 46 54 42 17.3996695 649.5248163630658 37.32972148482853 0.05
45 44 46 43 62.509954 596.3539478207523 9.540143763675658 0.05
47 45 49 43 29.477238 616.9250924896854 20.928863568889508 0.05
49 46 52 43 21.5637828 577.3963923784439 26.77621072952209 0.05
51 47 55 43 20.092574 717.538697484886 35.711636422734394 0.05
46 45 47 44 53.9172236 508.05443720363326 9.42285977061388 0.05
48 46 50 44 29.9176116 563.8445612783427 18.846576685899038 0.05
50 47 53 44 23.3296739 608.5076521521174 26.082990047799917 0.05
52 48 56 44 18.7282832 672.8229754106101 35.925501992121205 0.05
47 46 48 45 59.3198805 583.035612967491 9.828671400770794 0.05
49 47 51 45 30.8791173 525.9351787813532 17.032066482721422 0.05
51 48 54 45 27.7022072 773.9387899131095 27.937802368076632 0.05
48 47 49 46 69.8531436 656.5921861087847 9.399608267719891 0.05
50 48 52 46 39.202577 713.6729462407292 18.204745729872023 0.05
52 49 55 46 27.6536846 818.5906803353249 29.60150490525682 0.05
49 48 50 47 66.4595174 628.9089689993281 9.463038457142455 0.05
51 49 53 47 48.2999186 1013.9320266973323 20.992416883645273 0.05
53 50 56 47 27.3626336 804.68955714056 29.408337256709093 0.05
50 49 51 48 87.9381514 843.3588038460296 9.590363117935972 0.05
52 50 54 48 45.0930413 913.1007447127909 20.24926060404781 0.05
51 50 52 49 133.384573 1323.154791870863 9.91984876595034 0.05
53 51 55 49 44.1133289 797.7810877785686 18.084808099317314 0.05
52 51 53 50 110.208075 1028.903816626954 9.336011146433272 0.05
54 52 56 50 50.7173917 920.4146906624204 18.147910604448935 0.05
53 52 54 51 158.938329 1473.3001753710766 9.269634232602739 0.05
54 53 55 52 146.540148 1409.8084275495837 9.620629204971076 0.05
55 54 56 53 122.888538 1157.808818006113 9.421617645138824 0.05
