72
# x y z
0.0 -8.727 0.0
0.953939201 -8.427 0.0
1.9538787 -8.438 0.0
2.948350921 -8.333 0.0
3.941245176 -8.214 0.0
4.924543706 -8.032 0.0
5.918475293 -7.922 0.0
6.916961648 -7.867 0.0
7.914911546 -7.803 0.0
8.908953296 -7.694 0.0
9.882143925 -7.4639999999999995 0.0
10.87954856 -7.3919999999999995 0.0
11.87853554 -7.3469999999999995 0.0
12.87352298 -7.247 0.0
13.85569201 -7.059 0.0
14.848465899999999 -6.939 0.0
15.84722511 -6.8892 0.0
16.84598432 -6.8393999999999995 0.0
17.84474353 -6.7896 0.0
18.843502739999998 -6.7398 0.0
19.84226195 -6.6899999999999995 0.0
20.83744837 -6.592 0.0
21.82973058 -6.468 0.0
22.82274418 -6.586 0.0
23.82022049 -6.515 0.0
24.81982842 -6.487 0.0
25.81723305 -6.415 0.0
26.81722505 -6.411 0.0
27.81711254 -6.426 0.0
28.81674798 -6.399 0.0
29.80940048 -6.278 0.0
30.80438792 -6.378 0.0
31.80005403 -6.285 0.0
32.78105556 -6.091 0.0
33.77573692 -5.9879999999999995 0.0
34.77497613 -5.949 0.0
35.77471159 -5.926 0.0
36.761005159999996 -5.761 0.0
37.7521212 -5.628 0.0
38.74489509 -5.508 0.0
39.74144463 -5.425 0.0
40.72872322 -5.266 0.0
41.71238983 -5.086 0.0
42.70643158 -4.977 0.0
43.67467741 -4.727 0.0
44.66792663 -4.611 0.0
45.64751787 -4.41 0.0
46.638633909999996 -4.277 0.0
47.62302407 -4.101 0.0
48.62289606 -4.117 0.0
49.61492631 -3.991 0.0
50.60464899 -3.848 0.0
51.58037385 -3.629 0.0
52.57066623 -3.4899999999999998 0.0
53.55245032 -3.3 0.0
54.54052117 -3.146 0.0
55.53216577 -3.017 0.0
56.498043089999996 -2.758 0.0
57.457457489999996 -2.476 0.0
58.43621946 -2.271 0.0
59.40674458 -2.03 0.0
60.38040571 -1.802 0.0
61.37055722 -1.662 0.0
62.32481033 -1.363 0.0
63.30810886 -1.181 0.0
64.29177547 -1.001 0.0
65.27470171 -0.817 0.0
66.26759597 -0.698 0.0
67.24899089 -0.506 0.0
68.24417731 -0.408 0.0
69.24011906999999 -0.318 0.0
70.18820978 0.0 0.0
877
# a b m n r rhoa k err
0 25 12 13 0.1753906460865677 165.3 942.4675927039618 0.5
0 23 11 12 0.20943351225878076 179.46 856.8829222433857 0.44
0 21 10 11 0.2230226153307726 151.57 679.617175931693 0.5
0 19 9 10 0.30202994724393956 153.9 509.5521202594526 0.5
0 17 8 9 0.31449402421789435 134.51 427.7028803154808 0.5
0 15 7 8 0.45273848878523204 163.63 361.42277286617445 0.28
0 13 6 7 0.7157372789427828 196.66 274.76562390390916 0.27
0 11 5 6 1.2803236505193354 244.6 191.0454437835178 0.5
0 9 4 5 1.866120261360548 222.02 118.97411147453595 0.5
0 7 3 4 3.1884846983221666 229.34 71.92758369537809 0.5
0 5 2 3 4.463278561025747 182.68 40.92955380271328 0.5
0 3 1 2 17.732344212227847 211.59 11.93243247861679 0.5
1 36 18 19 0.17452291124351438 172.31 987.3202250194723 0.5
1 34 17 18 0.16052807221872376 142.88 890.0623923603979 0.5
1 32 16 17 0.1531876604479168 122.72 801.1089120440241 0.29
1 30 15 16 0.155730563353095 110.62 710.3294152297276 0.5
1 28 14 15 0.19680768634092757 111.93 568.7277874203807 0.5
1 26 13 14 0.32549962928285664 150.4 462.0588979820422 0.5
1 24 12 13 0.36896799456745627 149.91 406.2954028729254 0.5
1 22 11 12 0.4766380481072285 176.27 369.8194063608301 0.5
1 20 10 11 0.5279226004881958 149.87 283.8863118597459 0.5
1 18 9 10 0.7577783009072784 158.38 209.00572081619865 0.5
1 16 8 9 0.8093831847624182 137.46 169.83303160708638 0.5
1 14 7 8 1.2249004537123651 165.59 135.18649576636074 0.5
1 12 6 7 2.0332710915071965 201.23 98.9686032720973 0.5
1 10 5 6 3.8725290169993425 246.49 63.650911050111276 0.5
1 8 4 5 6.142205440861673 218.79 35.62075578659032 0.5
1 6 3 4 13.206260282286737 237.25 17.964964715879344 0.5
1 4 2 3 31.211413459948968 206.37 6.612004299799418 0.5
2 37 19 20 0.2141752978733526 210.01 980.5519221184151 0.28
2 35 18 19 0.19167546303761104 167.81 875.4902549371794 0.5
2 33 17 18 0.1804592211803481 140.89 780.7304003556391 0.11
2 31 16 17 0.17519949238381702 122.19 697.4335275601892 0.33
2 29 15 16 0.2094612891456224 127.91 610.6617624752322 0.5
2 27 14 15 0.20825094374078412 101.39 486.8645403413058 0.5
2 25 13 14 0.3931651177950049 153.12 389.4546923662651 0.5
2 23 12 13 0.44365414333905095 150.37 338.93518691897737 0.5
2 21 11 12 0.5743616892331328 173.19 301.53473542296507 0.5
2 19 10 11 0.671986070841337 152.32 226.671365091382 0.5
2 17 9 10 1.0191108968857523 165.87 162.7595196036795 0.5
2 15 8 9 1.1313018393084464 145.38 128.50681838267792 0.5
2 13 7 8 1.8282149499870273 175.18 95.82024258211162 0.47
2 11 6 7 3.185553635810338 213.51 67.02445615726936 0.5
2 9 5 6 6.2035995988047645 233.74 37.67812481724872 0.5
2 7 4 5 12.424645123236074 223.56 17.993270454212574 0.42
2 5 3 4 44.97916901670656 272.39 6.0559144589538 0.5
3 38 20 21 0.2391581699989573 231.98 969.9856793560989 0.38
3 36 19 20 0.23710337062908138 206.02 868.9037167771545 0.5
3 34 18 19 0.2030307539522039 157.39 775.2027559187002 0.5
3 32 17 18 0.21287592243782355 144.16 677.2019979953628 0.21
3 30 16 17 0.2010327935472643 121.78 605.7718138974606 0.3
3 28 15 16 0.23594090386934788 123.47 523.3090065144933 0.5
3 26 14 15 0.260276205491199 107.49 412.98435174718526 0.5
3 24 13 14 0.4775916108799114 154.68 323.87503565026753 0.5
3 22 12 13 0.5359151425470136 150.41 280.66010466723316 0.5
3 20 11 12 0.7382934170742177 178.49 241.76024853010048 0.5
3 18 10 11 0.8964988865185927 159.03 177.39006973847685 0.5
3 16 9 10 1.4372614683423741 177.95 123.81184907519555 0.5
3 14 8 9 1.6209651142979307 150.0 92.53746343885243 0.5
3 12 7 8 2.8617517139639954 184.62 64.51293419311735 0.19
3 10 6 7 5.285088819399905 215.61 40.79590852069756 0.06
3 8 5 6 11.835002375515662 224.02 18.928597806068396 0.5
3 6 4 5 41.49149156332382 261.59 6.304666092824464 0.5
4 39 21 22 0.2165610043972985 211.1 974.7830667275634 0.36
4 37 20 21 0.26453784740271863 225.94 854.0932884209976 0.5
4 35 19 20 0.2621009118380686 200.03 763.1793365281487 0.1
4 33 18 19 0.23727999817650341 159.59 672.5809222287972 0.5
4 31 17 18 0.2458427944427606 143.17 582.3640278923617 0.26
4 29 16 17 0.25733168664675826 132.11 513.3841141815882 0.15
4 27 15 16 0.2794320710148952 123.19 440.85848683214795 0.5
4 25 14 15 0.3803136027837445 129.89 341.5339316008073 0.5
4 23 13 14 0.6156817937577653 162.72 264.29236928844574 0.5
4 21 12 13 0.7067136149517006 157.37 222.67860229458753 0.18
4 19 11 12 1.021011213907846 190.59 186.6678812180041 0.35
4 17 10 11 1.346768522815071 178.33 132.4132521505977 0.5
4 15 9 10 2.3212977534875785 205.88 88.69176721972892 0.5
4 13 8 9 2.8216548889801873 170.79 60.528309350307374 0.5
4 11 7 8 5.262309314697067 204.93 38.94297878455234 0.5
4 9 6 7 11.38584245320938 224.67 19.732400208705787 0.35
4 7 5 6 41.92619326162463 261.82 6.2447835024327345 0.5
5 38 21 22 0.2221885874878398 191.57 862.1954987246339 0.5
5 36 20 21 0.30030058575741 224.33 747.0181899052943 0.04
5 34 19 20 0.29732631889057404 198.11 666.3049565851285 0.5
5 32 18 19 0.2731556590127315 156.77 573.9218457586235 0.5
5 30 17 18 0.3023532899354111 150.26 496.968298350908 0.1
5 28 16 17 0.3035064798055322 130.86 431.16048159448474 0.05
5 26 15 16 0.3762064535853619 137.48 365.4376438515974 0.5
5 24 14 15 0.4555171130575017 125.89 276.3672239556638 0.24
5 22 13 14 0.809930484005329 171.84 212.1663567349681 0.5
5 20 12 13 0.9695925791155287 166.52 171.74223853064254 0.37
5 18 11 12 1.53147210934871 213.24 139.23857881465742 0.5
5 16 10 11 2.079224202541111 196.99 94.74206762274598 0.5
5 14 9 10 3.7732630164621237 221.18 58.61770012719182 0.5
5 12 8 9 5.150061875353864 184.97 35.91607333597144 0.41
5 10 7 8 11.16358567524461 215.0 19.259045100246347 0.25
5 8 6 7 41.3299585168874 263.13 6.366568209655599 0.5
6 39 22 23 0.23746754909596607 226.6 954.2356455130875 0.5
6 37 21 22 0.27046427435476883 204.6 756.4769893846518 0.12
6 35 20 21 0.38139660491730115 249.22 653.4405308983775 0.5
6 33 19 20 0.3359217012506849 193.17 575.0447181018679 0.18
6 31 18 19 0.3248980806993869 159.31 490.33838444678946 0.5
6 29 17 18 0.38255092608837055 159.77 417.64374127561933 0.22
6 27 16 17 0.3907805520743522 140.52 359.5880072692662 0.24
6 25 15 16 0.5135436331083715 153.18 298.2803994138409 0.5
6 23 14 15 0.6138164321290265 136.2 221.89044292540257 0.44
6 21 13 14 1.1152310681897009 183.67 164.69232721263975 0.5
6 19 12 13 1.4287470158785986 184.0 128.78417099394633 0.15
6 17 11 12 2.4089729435295917 240.42 99.80186811386106 0.4
6 15 10 11 3.5011486117405948 224.2 64.03612781479134 0.5
6 13 9 10 7.071557684418442 245.81 34.76037543208066 0.5
6 11 8 9 11.436674412529934 210.35 18.392584453531537 0.5
6 9 7 8 33.90456570406408 212.46 6.2664126670860965 0.5
7 42 24 25 0.1688909991286712 158.29 937.2317104916009 0.15
7 40 23 24 0.28131810188574996 253.73 901.9327170885216 0.5
7 38 22 23 0.2751374553571854 231.98 843.1422021361719 0.16
7 36 21 22 0.3040634970861301 200.79 660.3554912845177 0.5
7 34 20 21 0.39865001428118946 226.9 569.170931572964 0.24
7 32 19 20 0.38376695776955094 187.5 488.57775846505336 0.44
7 30 18 19 0.3783974313148159 157.55 416.3611773276624 0.5
7 28 17 18 0.4625606017555511 161.1 348.2786890811257 0.23
7 26 16 17 0.5115528202839068 151.05 295.2774259287022 0.29
7 24 15 16 0.6566610480197749 156.37 238.12894105954499 0.5
7 22 14 15 0.7864240319961296 137.8 175.22353640469393 0.5
7 20 13 14 1.5207611202853404 188.45 123.91821272011552 0.5
7 18 12 13 2.077158881607822 192.64 92.74206306784161 0.5
7 16 11 12 3.665117213527967 248.48 67.79592180104336 0.5
7 14 10 11 5.545098353711125 215.2 38.80905013271311 0.18
7 12 9 10 13.885382525665282 244.25 17.59044085019166 0.5
7 10 8 9 41.750016841730975 263.75 6.317362721070098 0.5
8 43 25 26 0.3741465676002796 363.25 970.8762058939401 0.5
8 41 24 25 0.24538076465549724 203.83 830.6682077797235 0.5
8 39 23 24 0.3107578228532031 247.3 795.7965393418929 0.5
8 37 22 23 0.31295259208185255 229.8 734.296522266529 0.4
8 35 21 22 0.32020131929482926 183.44 572.8895821041118 0.5
8 33 20 21 0.4365739405389164 212.32 486.33228024995617 0.49
8 31 19 20 0.43402463225941385 179.06 412.557229915414 0.22
8 29 18 19 0.47135370698252765 162.56 344.87901037346853 0.5
8 27 17 18 0.5803157962662664 165.74 285.6031165554444 0.34
8 25 16 17 0.6721568526493071 158.58 235.9270747221526 0.5
8 23 15 16 0.8394265944602071 156.32 186.22235825220847 0.33
8 21 14 15 1.030185661875373 135.26 131.29672155771382 0.44
8 19 13 14 2.1847090750117646 193.58 88.60676335084001 0.5
8 17 12 13 3.1979500966806786 198.73 62.142933439227946 0.5
8 15 11 12 5.985204980633929 248.03 41.440518879894675 0.5
8 13 10 11 11.422496416036317 219.05 19.17706883168468 0.5
8 11 9 10 56.068552747744484 344.02 6.135703226508538 0.5
9 44 26 27 0.31117796399329534 306.63 985.3846849084939 0.5
9 42 25 26 0.3426894253865263 294.82 860.3125108615959 0.5
9 40 24 25 0.2742613502291636 199.98 729.1585191748798 0.33
9 38 23 24 0.34783535205114247 241.22 693.4890274308094 0.5
9 36 22 23 0.34858663904740345 219.98 631.0626264998225 0.2
9 34 21 22 0.3715292532896365 182.26 490.56702368982474 0.47
9 32 20 21 0.4866458688360551 197.01 404.8323691130936 0.3
9 30 19 20 0.5049487890553696 172.96 342.5297847006705 0.34
9 28 18 19 0.5832724700432758 163.36 280.07493648359497 0.5
9 26 17 18 0.7583416372144209 172.37 227.29860994202858 0.3
9 24 16 17 0.8510027007398403 154.21 181.209765686917 0.27
9 22 15 16 1.1058001422513155 155.28 140.42320494177463 0.5
9 20 14 15 1.453547943535962 134.95 92.84179486485664 0.35
9 18 13 14 3.4724549879492668 203.59 58.62998964897583 0.5
9 16 12 13 5.3880343334802685 201.23 37.34757196137249 0.5
9 14 11 12 11.782651409011056 241.48 20.49453825098505 0.5
9 12 10 11 44.56169254812343 280.41 6.2926245383785036 0.25
10 45 27 28 0.2642160655309039 263.07 995.6623927140803 0.5
10 43 26 27 0.339817711010957 295.75 870.319557859843 0.5
10 41 25 26 0.3678226792369541 276.87 752.7268317830894 0.5
10 39 24 25 0.3156345125008597 200.22 634.341277871046 0.5
10 37 23 24 0.39605232385922345 235.41 594.3911594965829 0.32
10 35 22 23 0.41835854428219305 225.05 537.9357086781483 0.5
10 33 21 22 0.42033532919177513 172.66 410.76728033304346 0.14
10 31 20 21 0.569224999718651 190.15 334.0506831112211 0.26
10 29 19 20 0.6569333379341956 181.36 276.07062928227685 0.31
10 27 18 19 0.78681181376372 175.07 222.5055558870569 0.5
10 25 17 18 1.0784034912631935 188.37 174.67487960313616 0.42
10 23 16 17 1.2120156342154442 163.75 135.10551793005362 0.5
10 21 15 16 1.733323519465193 171.2 98.7697899886703 0.27
10 19 14 15 2.659039206170001 161.9 60.8866539554322 0.5
10 17 13 14 7.16597195417248 247.77 34.57590981161079 0.5
10 15 12 13 12.952577456485589 240.21 18.545343643532703 0.5
10 13 11 12 59.95799964416338 387.92 6.469862275296273 0.38
11 46 28 29 0.22409480685478023 212.07 946.3405376342672 0.5
11 44 27 28 0.30479938180522426 270.0 885.8285682893475 0.5
11 42 26 27 0.35925590327193646 276.05 768.3937758179181 0.2
11 40 25 26 0.42416970020500977 279.01 657.7791857012626 0.5
11 38 24 25 0.3912792358781897 215.13 549.8119508364936 0.12
11 36 23 24 0.45257971877672204 229.6 507.3139393444009 0.5
11 34 22 23 0.45460518355893764 207.73 456.9459555514916 0.16
11 32 21 22 0.4989241886999149 168.7 338.1275228198387 0.44
11 30 20 21 0.6720170343836324 183.99 273.78770267148644 0.21
11 28 19 20 0.8362551583601074 184.34 220.43511260545156 0.24
11 26 18 19 1.0903116530770227 188.9 173.2532156901157 0.5
11 24 17 18 1.449568655847051 188.67 130.15596000849732 0.37
11 22 16 17 1.7520184164091634 171.53 97.9042220067287 0.28
11 20 15 16 2.8888584050068915 189.76 65.68684698118574 0.5
11 18 14 15 5.1677136696168615 188.99 36.57129865982143 0.5
11 16 13 14 15.272258919189134 268.19 17.560598037205047 0.5
11 14 12 13 40.196830817318755 249.45 6.2057131104108025 0.5
12 47 29 30 0.2660204634429475 242.27 910.719411824342 0.5
12 45 28 29 0.26412122664533677 223.57 846.4673696984258 0.5
12 43 27 28 0.33481480128542324 262.47 783.9259166330862 0.5
12 41 26 27 0.4131862751215863 278.18 673.2556639693353 0.5
12 39 25 26 0.47259416836261925 270.73 572.8593751759336 0.5
12 37 24 25 0.4531871228991323 213.55 471.21815517148025 0.5
12 35 23 24 0.5196348988719649 224.54 432.11108508577166 0.2
12 33 22 23 0.5131192101951596 195.81 381.60722909891774 0.19
12 31 21 22 0.5852608589995517 162.52 277.68814110995334 0.15
12 29 20 21 0.8855177717123874 193.81 218.86630194356923 0.5
12 27 19 20 1.1260930752964595 194.97 173.13844146379415 0.21
12 25 18 19 1.5778508456098446 206.28 130.73479066411508 0.5
12 23 17 18 2.110118363567968 199.22 94.41176544387862 0.3
12 21 16 17 2.8779017793101604 189.23 65.7527652126331 0.5
12 19 15 16 5.901605337860461 234.88 39.79934044270609 0.26
12 17 14 15 11.967508891287302 222.46 18.588663858186678 0.46
12 15 13 14 50.193811396468554 310.01 6.1762594107729205 0.5
13 48 30 31 0.12584211224538008 123.3 979.7991928137442 0.5
13 46 29 30 0.30599082875661965 248.0 810.4818076010224 0.5
13 44 28 29 0.27483648949575895 205.23 746.734905457912 0.5
13 42 27 28 0.35962720148678845 246.53 685.5154420488316 0.5
13 40 26 27 0.4603023439477962 267.84 581.8784186560133 0.48
13 38 25 26 0.5388341834720999 264.21 490.336374536417 0.37
13 36 24 25 0.5024041678701641 199.07 396.2347701929206 0.47
13 34 23 24 0.588313212672845 212.33 360.91319288128 0.5
13 32 22 23 0.5963260567659245 183.3 307.38217443339164 0.34
13 30 21 22 0.6974426216271347 154.83 221.99675672069108 0.35
13 28 20 21 1.1342663295181223 192.08 169.34294442258778 0.34
13 26 19 20 1.5981348265343054 207.0 129.52599277802958 0.5
13 24 18 19 2.2234693183036383 205.04 92.216248864829 0.5
13 22 17 18 3.2888426581556813 209.14 63.590758737385634 0.5
13 20 16 17 5.719932986947932 223.03 38.9917155513749 0.5
13 18 15 16 14.23868213605078 280.74 19.716712355646816 0.07
13 16 14 15 40.996597677815416 257.01 6.269056813440799 0.09
14 51 32 33 0.10954517513156585 102.21 933.0397242712318 0.5
14 49 31 32 0.13729676525122556 127.76 930.5390390387189 0.5
14 47 30 31 0.13613980644580445 118.57 870.9429159295979 0.5
14 45 29 30 0.33039121965975765 236.06 714.4862997361083 0.43
14 43 28 29 0.326156540136388 212.06 650.1785918851219 0.5
14 41 27 28 0.4139709631221803 244.18 589.8481336912806 0.5
14 39 26 27 0.5211532743531373 258.87 496.72526824534117 0.25
14 37 25 26 0.6221319080500977 255.51 410.70068371967324 0.21
14 35 24 25 0.6952083874069904 228.69 328.95172748558883 0.5
14 33 23 24 0.6771943697412427 198.04 292.4418879555532 0.22
14 31 22 23 0.7171303908336119 174.78 243.72136815570036 0.19
14 29 21 22 0.9413675478659487 160.03 169.9973622022377 0.45
14 27 20 21 1.5851686833742054 200.17 126.2767818336634 0.46
14 25 19 20 2.441999003075569 223.03 91.33091361589642 0.28
14 23 18 19 3.536093365279575 216.07 61.104155823927684 0.5
14 21 17 18 6.39087381560099 238.47 37.314146215477194 0.43
14 19 16 17 16.60061783877253 315.2 18.98724511709537 0.5
14 17 15 16 57.88989861521857 368.46 6.364840996683594 0.42
15 50 32 33 0.12834632120749181 106.91 832.9806339144176 0.4
15 48 31 32 0.1384636955550784 115.19 831.9148173694343 0.5
15 46 30 31 0.15707838909018965 121.0 770.3160231069436 0.5
15 44 29 30 0.35509404363592123 222.23 625.8342092267054 0.5
15 42 28 29 0.3401032502720251 191.78 563.8875836870375 0.38
15 40 27 28 0.4645095379686073 234.5 504.8335520202991 0.5
15 38 26 27 0.5887696687279539 247.48 420.33415297137236 0.13
15 36 25 26 0.7089373634191984 241.42 340.53784220884273 0.5
15 34 24 25 0.6730276937922535 181.92 270.3009128420116 0.23
15 32 23 24 0.7968451879419711 183.64 230.45881782167862 0.5
15 30 22 23 0.8607221577899724 163.37 189.8057329202212 0.21
15 28 21 22 1.2388760119853421 157.38 127.03450424210978 0.22
15 26 20 21 2.3171560713567385 208.85 90.13203839899933 0.34
15 24 19 20 3.644052210301734 218.97 60.08969887450347 0.3
15 22 18 19 6.27026230490342 232.96 37.153150645360164 0.5
15 20 17 18 16.196894744370812 298.1 18.40476243778789 0.48
15 18 16 17 65.16316681579788 406.87 6.2438647457103045 0.21
16 51 33 34 0.10043972928749152 93.23 928.2183520541467 0.49
16 49 32 33 0.14994318060123965 111.84 745.8825373154408 0.5
16 47 31 32 0.15542764991911143 115.04 740.1514470550754 0.44
16 45 30 31 0.17065146625931857 115.94 679.3964478677252 0.5
16 43 29 30 0.39866725340217074 217.17 544.7400009574438 0.5
16 41 28 29 0.4036422102624446 195.6 484.58757539956633 0.5
16 39 27 28 0.5210973101791907 224.1 430.05403333004796 0.31
16 37 26 27 0.6895445395819313 241.78 350.63724838803086 0.31
16 35 25 26 0.7441866062791437 209.25 281.179476000285 0.22
16 33 24 25 0.7887533143334476 171.24 217.10209882884604 0.24
16 31 23 24 0.9592587037158508 173.01 180.35801951008264 0.26
16 29 22 23 1.2068862556619477 171.85 142.39121474272193 0.5
16 27 21 22 1.7919950232453392 164.79 91.95896074619782 0.28
16 25 20 21 3.7284063313341256 225.78 60.556704375944385 0.24
16 23 19 20 6.643447999580341 244.45 36.795651898749206 0.32
16 21 18 19 15.536418154689043 291.15 18.739840618420022 0.5
17 50 33 34 0.11377627618238162 93.94 825.6554279331099 0.5
17 48 32 33 0.15458554616936754 102.71 664.4217557537269 0.42
17 46 31 32 0.1726383780794555 112.5 651.6511638462146 0.5
17 44 30 31 0.18847897271835903 111.54 591.7901524573373 0.4
17 42 29 30 0.43769946625478084 205.4 469.27176255782445 0.5
17 40 28 29 0.4607782054561002 189.5 411.2607709221487 0.5
17 38 27 28 0.6086860127407374 219.24 360.18570397703996 0.5
17 36 26 27 0.8119434590387157 232.9 286.842633446099 0.29
17 34 25 26 0.9668937074977084 219.86 227.387972736932 0.5
17 32 24 25 0.9726163440913685 162.56 167.13681708882424 0.33
17 30 23 24 1.2320004192540497 168.09 136.4366418818063 0.5
17 28 22 23 1.7191129457356806 175.47 102.07008238479003 0.22
17 26 21 22 2.984751498364379 184.33 61.757235100145344 0.2
17 24 20 21 6.60105805749647 237.96 36.04876641400866 0.37
17 22 19 20 17.29136649399223 328.46 18.995606860459596 0.35
17 20 18 19 68.94369650688701 432.63 6.2751204521907695 0.46
18 53 35 36 0.22143815349056867 218.16 985.1960764714908 0.14
18 51 34 35 0.16187448129978008 145.33 897.7943826171041 0.5
18 49 33 34 0.14373861399125223 105.23 732.0927694934096 0.31
18 47 32 33 0.18580132842940128 108.64 584.7105664870411 0.5
18 45 31 32 0.19584668055423324 111.18 567.6889681528833 0.27
18 43 30 31 0.22440786257092055 113.95 507.7807822530635 0.5
18 41 29 30 0.5142205951049841 203.96 396.6391115827619 0.5
18 39 28 29 0.5395683042108049 185.5 343.7933595290035 0.5
18 37 27 28 0.7444324215091928 218.61 293.65996655117533 0.5
18 35 26 27 1.0238020841006228 236.13 230.6402806431407 0.14
18 33 25 26 1.2164632260660606 214.87 176.63501484945948 0.29
18 31 24 25 1.2861714068881007 161.35 125.44984217180452 0.48
18 29 23 24 1.8902290692357369 182.87 96.74488821290774 0.5
18 27 22 23 2.8123724420027054 192.62 68.49021741332179 0.27
18 25 21 22 5.723577310940223 211.5 36.95241428743041 0.27
18 23 20 21 15.418094219467124 281.39 18.250634351728934 0.5
18 21 19 20 70.25934057160923 445.05 6.334389084486202 0.04
19 54 36 37 0.18893810553950646 171.56 908.0222304024704 0.22
19 52 35 36 0.24351350791029386 213.48 876.6659469200465 0.44
19 50 34 35 0.1911067456113958 151.1 790.6575956625459 0.24
19 48 33 34 0.16474776148124004 106.32 645.350195013768 0.5
19 46 32 33 0.2115145222910566 107.58 508.61755890200055 0.21
19 44 31 32 0.230038927377929 112.19 487.70006571837297 0.5
19 42 30 31 0.25432250001623585 109.5 430.5556920563834 0.15
19 40 29 30 0.6163026999869782 203.64 330.4220474846251 0.5
19 38 28 29 0.6633733088951209 186.9 281.74181489347325 0.5
19 36 27 28 0.9350907206283341 218.72 233.90243874201974 0.5
19 34 26 27 1.2962809903458772 234.26 180.716990949234 0.31
19 32 25 26 1.6685498893973614 217.32 130.24483198311233 0.5
19 30 24 25 1.8069281457916788 162.49 89.92609937392248 0.25
19 28 23 24 2.952087623384799 189.73 64.26977251524117 0.5
19 26 22 23 5.2559892777741055 215.85 41.06743537563147 0.17
19 24 21 22 12.405125919146911 223.76 18.037704853493963 0.46
19 22 20 21 57.14164073440173 358.91 6.281058705826077 0.5
20 55 37 38 0.2434460026872075 221.13 908.3328440768021 0.5
20 53 36 37 0.19755233439801706 159.74 808.595861379016 0.5
20 51 35 36 0.3080864280495164 237.88 772.1209970397246 0.25
20 49 34 35 0.25985010706026745 180.5 694.6312319899731 0.5
20 47 33 34 0.1947804232495661 109.48 562.068806369348 0.43
20 45 32 33 0.24688825407764672 108.1 437.8499106968547 0.5
20 43 31 32 0.27500695931677444 113.47 412.60774011648346 0.5
20 41 30 31 0.31376038917267457 112.29 357.8845637465169 0.5
20 39 29 30 0.7606072766579074 206.05 270.90195732202227 0.5
20 37 28 29 0.853553632164113 191.35 224.18040623276158 0.5
20 35 27 28 1.2282586113451743 224.36 182.6651146001603 0.25
20 33 26 27 1.735623740777958 234.48 135.09840554203245 0.38
20 31 25 26 2.3988378783528574 222.93 92.93249952892735 0.43
20 29 24 25 3.058701222389046 181.17 59.231022197877294 0.5
20 27 23 24 5.223238719201639 202.08 38.68863953261694 0.15
20 25 22 23 11.880017917132863 242.32 20.397275634621415 0.42
20 23 21 22 48.89821117460387 297.25 6.07895448237546 0.5
21 56 38 39 0.21374022559107167 205.96 963.5996192595173 0.5
21 54 37 38 0.2667235284911902 215.41 807.6152907039656 0.5
21 52 36 37 0.22649675773606254 161.55 713.2552430982469 0.2
21 50 35 36 0.404891232484424 272.58 673.2178376089831 0.47
21 48 34 35 0.2736861903492002 165.81 605.8398481430158 0.16
21 46 33 34 0.22674535014771127 109.49 482.87649527839795 0.5
21 44 32 33 0.29113545018223697 107.94 370.7552616228449 0.31
21 42 31 32 0.3321834115637464 114.27 343.9967079092733 0.44
21 40 30 31 0.39394990114618833 115.09 292.14374636254064 0.17
21 38 29 30 0.9734034529042638 210.9 216.66247368524841 0.5
21 36 28 29 1.1144143555527815 192.93 173.12232118932207 0.5
21 34 27 28 1.6432847682872682 226.41 137.7789196184045 0.5
21 32 26 27 2.5369107804639777 239.3 94.32732197079247 0.5
21 30 25 26 3.6639495911533797 226.9 61.927707888735945 0.5
21 28 24 25 5.083670613275383 178.54 35.12029271404104 0.36
21 26 23 24 11.49515025032793 220.2 19.15590446446911 0.47
21 24 22 23 42.79017769481236 278.15 6.500323555181715 0.5
22 57 39 40 0.2007731247452944 195.91 975.7780093751896 0.24
22 55 38 39 0.23769312179100974 203.94 857.9970613508666 0.5
22 53 37 38 0.2951644047308687 210.67 713.7378241529129 0.5
22 51 36 37 0.30103846569802223 187.45 622.6779011956395 0.5
22 49 35 36 0.5538697313472909 324.46 585.8056175244482 0.24
22 47 34 35 0.3402170582745653 177.55 521.8727153202057 0.5
22 45 33 34 0.2691929901574793 110.48 410.4118756412217 0.17
22 43 32 33 0.3682869887190051 113.75 308.86239124453226 0.5
22 41 31 32 0.4081399464827752 114.54 280.6390332214981 0.5
22 39 30 31 0.48868849068372894 114.47 234.2391977348267 0.44
22 37 29 30 1.2550062756252602 210.22 167.50513848647148 0.5
22 35 28 29 1.487005370835738 193.97 130.4433755279468 0.5
22 33 27 28 2.1814713076845713 213.85 98.03016855948559 0.5
22 31 26 27 3.693953559146276 231.84 62.76202347643522 0.35
22 29 25 26 6.378577798429852 232.98 36.52538345732026 0.39
22 27 24 25 10.395451452383302 182.33 17.539401808105055 0.42
22 25 23 24 45.508070660974816 285.87 6.281742905113887 0.5
23 58 40 41 0.25848970718076747 246.52 953.6936796775556 0.5
23 56 39 40 0.2238579732263842 194.87 870.5073006398164 0.5
23 54 38 39 0.26176725930281075 199.52 762.2038009314086 0.5
23 52 37 38 0.3321508186462766 208.83 628.7204133685822 0.5
23 50 36 37 0.3604888743391352 195.27 541.6810722882308 0.5
23 48 35 36 0.5890959798272482 300.29 509.74715544326034 0.5
23 46 34 35 0.3833770857097515 171.25 446.6881469531817 0.05
23 44 33 34 0.32701353835206515 113.06 345.7349214645627 0.5
23 42 32 33 0.43704352991833006 111.76 255.71823479662197 0.27
23 40 31 32 0.5161161428581338 117.07 226.8287896435344 0.41
23 38 30 31 0.6243398000020808 115.39 184.8192282465661 0.21
23 36 29 30 1.6226670143136603 205.61 126.71114787340821 0.5
23 34 28 29 1.9353890210947067 185.13 95.6551876559089 0.5
23 32 27 28 3.1979255248670464 208.16 65.09219754536161 0.5
23 30 26 27 5.875430129849879 227.29 38.68482731932469 0.35
23 28 25 26 12.224403977512422 228.21 18.668394828885482 0.5
23 26 24 25 45.96101374525082 279.66 6.084722185417363 0.1
24 59 41 42 0.19899908244656303 186.89 939.1500588963033 0.37
24 57 40 41 0.31145803157677504 263.87 847.2088475745584 0.5
24 55 39 40 0.25846010916139883 199.32 771.1828360930234 0.07
24 53 38 39 0.3013149813890272 201.77 669.6314901763718 0.5
24 51 37 38 0.5188503777116448 282.73 544.916245887614 0.5
24 49 36 37 0.6085526367994918 284.58 467.63415815050433 0.5
24 47 35 36 0.7540568647362337 328.0 434.9804574947185 0.31
24 45 34 35 0.4683756242482773 175.79 375.31842158125835 0.5
24 43 33 34 0.41543630220927125 117.92 283.8461621502667 0.16
24 41 32 33 0.553408562697405 113.34 204.80348089946796 0.05
24 39 31 32 0.6623385135740778 117.75 177.7791832828856 0.12
24 37 30 31 0.8442559987709204 116.9 138.4651103103616 0.5
24 35 29 30 2.2201964496904196 203.4 91.61351466369644 0.5
24 33 28 29 2.7295586454450778 174.58 63.959058103158384 0.5
24 31 27 28 5.092386313007706 200.25 39.32341100840928 0.5
24 29 26 27 13.103692756390776 250.89 19.146511190720563 0.16
24 27 25 26 54.251393125796746 346.13 6.380112658073178 0.5
25 60 42 43 0.2708329194789369 266.33 983.3738103639683 0.5
25 58 41 42 0.22017136049504965 183.8 834.8043069122634 0.5
25 56 40 41 0.29590698049621833 220.18 744.0851839006004 0.5
25 54 39 40 0.2696418419968001 181.63 673.5972379322177 0.5
25 52 38 39 0.33179298093827214 192.08 578.9152002457074 0.5
25 50 37 38 0.5001650913779774 232.14 464.12675334946675 0.5
25 48 36 37 0.5184831924754262 206.23 397.75638437840854 0.5
25 46 35 36 0.9005190057562323 326.53 362.60200830052287 0.5
25 44 34 35 0.48332440825047596 148.2 306.6263517219214 0.28
25 42 33 34 0.5020827865932307 113.84 226.7355166115843 0.5
25 40 32 33 0.7153702213426787 113.41 158.5332973283969 0.44
25 38 31 32 0.8814601025411068 117.28 133.05196646098983 0.5
25 36 30 31 1.136317805039704 111.13 97.79834436028837 0.25
25 34 29 30 3.0857340641622373 189.53 61.421365567825276 0.5
25 32 28 29 4.462071286304031 165.05 36.98954799458443 0.5
25 30 27 28 9.96451101599019 195.07 19.576474920542356 0.5
25 28 26 27 52.140178911661785 325.07 6.234539404836874 0.5
26 61 43 44 0.25516593279129623 244.74 959.1405769679147 0.5
26 59 42 43 0.34030883536005013 298.41 876.8799660587105 0.5
26 57 41 42 0.22747399387244946 166.99 734.105895611239 0.5
26 55 40 41 0.34467671020965923 224.74 652.0312900262267 0.5
26 53 39 40 0.29287342411878586 171.21 584.587012342094 0.06
26 51 38 39 0.37716417631850513 186.57 494.6652193246651 0.5
26 49 37 38 0.6066917993027487 239.33 394.48365755900153 0.5
26 47 36 37 0.6298370298447981 209.96 333.3560747479987 0.5
26 45 35 36 1.0081082398535575 300.68 298.2616232198223 0.41
26 43 34 35 0.7656248679526128 187.79 245.2767769967772 0.32
26 41 33 34 0.6757462845690877 118.82 175.8352250146215 0.13
26 39 32 33 0.9828403666062396 117.36 119.40901491993617 0.18
26 37 31 32 1.291509089946885 121.98 94.4476511621119 0.05
26 35 30 31 1.8071311865025246 118.83 65.75615588261776 0.5
26 33 29 30 5.116611324881923 187.85 36.7137521442153 0.5
26 31 28 29 9.697789467181906 179.49 18.50834157695509 0.5
26 29 27 28 48.284617999812006 308.03 6.379464366917002 0.5
27 62 44 45 0.24573459875063808 242.63 987.3660495248839 0.31
27 60 43 44 0.24377249004452672 208.59 855.6748957271577 0.5
27 58 42 43 0.29151969962840324 226.25 776.1053551042974 0.5
27 56 41 42 0.2693123660906146 172.71 641.299924348401 0.5
27 54 40 41 0.384073633524334 217.41 566.0633301093953 0.21
27 52 39 40 0.34181755245859946 171.49 501.70039182165954 0.5
27 50 38 39 0.5480835915410843 228.8 417.4545699437331 0.5
27 48 37 38 0.8639448710585523 287.0 332.1971223098436 0.5
27 46 36 37 0.7993510897941848 219.29 274.33502349569864 0.5
27 44 35 36 1.2495266191847039 299.51 239.69877504124358 0.5
27 42 34 35 0.9631860128019091 184.74 191.80095801286728 0.14
27 40 33 34 0.9653359100237724 127.67 132.25448123737155 0.18
27 38 32 33 1.4625560714280685 125.66 85.91807347071699 0.25
27 36 31 32 2.0232152091777995 127.15 62.84551412188702 0.5
27 34 30 31 3.2699420247678455 131.8 40.30652500921858 0.35
27 32 29 30 11.844084135706662 211.1 17.823243872744154 0.5
27 30 28 29 36.308624210902856 228.33 6.288588591892624 0.5
28 61 44 45 0.2687432954218847 237.44 883.5197158212136 0.5
28 59 43 44 0.20700961355291153 157.09 758.8536459918945 0.5
28 57 42 43 0.27617937678373305 187.22 677.892760061537 0.5
28 55 41 42 0.32050356135734337 178.78 557.8097143222393 0.5
28 53 40 41 0.44883901685592026 218.59 487.0120283463872 0.5
28 51 39 40 0.46810426355140894 198.53 424.11491511270265 0.08
28 49 38 39 0.7380361429093838 258.71 350.538388242274 0.5
28 47 37 38 1.0646873737009659 292.12 274.37162045470683 0.5
28 45 36 37 0.9957220267933138 220.66 221.60803322853812 0.5
28 43 35 36 1.6488350924725839 308.73 187.2412841098804 0.5
28 41 34 35 1.3093783314649126 188.67 144.09128016416682 0.45
28 39 33 34 1.3779130910997914 131.6 95.50674919197007 0.24
28 37 32 33 2.353881377736412 134.71 57.22888216633186 0.42
28 35 31 32 3.6386767381248246 139.91 38.45079133688088 0.41
28 33 30 31 7.161425221182999 145.96 20.3814178731156 0.27
28 31 29 30 35.378524927316654 214.98 6.076567647793832 0.5
29 62 45 46 0.1953533724337599 177.22 907.1765580094681 0.5
29 60 44 45 0.25715804542841747 200.78 780.7649947934027 0.5
29 58 43 44 0.2918977287243858 193.98 664.5478224435203 0.5
29 56 42 43 0.27731398159254694 162.22 584.9687025097325 0.5
29 54 41 42 0.36895911432640305 176.25 477.69520566465485 0.5
29 52 40 41 0.5175289032861501 212.93 411.43595777542026 0.37
29 50 39 40 0.6190516417303535 217.47 351.2954095269576 0.34
29 48 38 39 0.9234387561128494 267.01 289.1474916257141 0.5
29 46 37 38 1.2862753922610857 283.12 220.10838557854714 0.5
29 44 36 37 1.2775218077940882 220.46 172.5684827100297 0.5
29 42 35 36 2.0558541368008965 289.26 140.70064350485288 0.37
29 40 34 35 1.9127624317010674 196.57 102.76759765988575 0.29
29 38 33 34 2.1698418009211036 138.55 63.85258129933028 0.18
29 36 32 33 4.099622021870203 139.25 33.966546002813125 0.41
29 34 31 32 8.0272677401892 157.68 19.64304731117434 0.5
29 32 30 31 30.71427737134367 199.55 6.4969785089646805 0.38
30 63 46 47 0.2288572468577295 204.81 894.9246869482852 0.5
30 61 45 46 0.217070045468037 174.0 801.5845743470904 0.5
30 59 44 45 0.31333453015664503 213.94 682.7846260450299 0.5
30 57 43 44 0.3910978962248752 223.4 571.2124819805947 0.42
30 55 42 43 0.32306627891117207 161.53 499.99028231731086 0.5
30 53 41 42 0.4114957907987322 165.8 402.92028182882405 0.5
30 51 40 41 0.7440684012858492 252.87 339.84778759991286 0.5
30 49 39 40 0.8788254070097576 252.58 287.40634713715735 0.23
30 47 38 39 1.1645444781098035 269.67 231.56693889245605 0.5
30 45 37 38 1.6303564882802526 279.27 171.29382561882653 0.5
30 43 36 37 1.7690220880961012 227.46 128.5795138062987 0.33
30 41 35 36 2.840738340283778 282.32 99.38261331446577 0.41
30 39 34 35 2.9214658792603774 199.61 68.32528882744813 0.42
30 37 33 34 3.9490669684468656 148.15 37.51519059659455 0.16
30 35 32 33 9.619155633470633 163.17 16.96302734017908 0.43
30 33 31 32 28.070409263223347 181.17 6.454127487102983 0.5
31 64 47 48 0.25887246480505893 237.03 915.6246114413631 0.4
31 62 46 47 0.25988308768223395 205.89 792.2408565952827 0.11
31 60 45 46 0.2576102966848226 181.4 704.1644000043085 0.5
31 58 44 45 0.3413082373652737 202.67 593.8034240383691 0.3
31 56 43 44 0.4524952775362823 221.14 488.71228270944414 0.5
31 54 42 43 0.3533214611652332 149.8 423.9765099633872 0.5
31 52 41 42 0.47135106403669963 158.54 336.35226924544713 0.5
31 50 40 41 0.9409830127680947 260.92 277.28449553244354 0.34
31 48 39 40 1.0433205814880973 243.13 233.03479708338693 0.44
31 46 38 39 1.415338560448774 257.06 181.6243881029368 0.5
31 44 37 38 2.06615466027436 267.53 129.48207854124303 0.5
31 42 36 37 2.2786893291171553 211.41 92.7770176033201 0.42
31 40 35 36 4.326082463339971 288.86 66.77172764223832 0.4
31 38 34 35 4.930580065768176 205.29 41.6360747136587 0.37
31 36 33 34 8.266076394603596 155.38 18.797309942772593 0.13
31 34 32 33 37.86758536723465 227.02 5.995101028977453 0.5
32 67 49 50 0.37143901442124916 370.4 997.202732128535 0.3
32 65 48 49 0.262223033467509 247.76 944.8445345313227 0.5
32 63 47 48 0.29847440500083816 241.4 808.7795668754985 0.22
32 61 46 47 0.2883488449957921 200.54 695.4770358207139 0.5
32 59 45 46 0.2855999195609404 174.53 611.0996118917301 0.41
32 57 44 45 0.3774246761264302 190.81 505.5578293351498 0.46
32 55 43 44 0.5101349542025523 210.8 413.22398762014757 0.5
32 53 42 43 0.39460237151915045 139.29 352.9882485595759 0.5
32 51 41 42 0.6554477067948858 179.13 273.2941135394902 0.5
32 49 40 41 1.396393034265041 310.72 222.5161486597792 0.5
32 47 39 40 1.322226920957641 240.8 182.11699987593454 0.15
32 45 38 39 1.7999468432833527 246.42 136.9040429830115 0.5
32 43 37 38 2.9403851361421953 271.28 92.26002290159892 0.5
32 41 36 37 3.3812088988697546 207.52 61.37449835452883 0.5
32 39 35 36 7.20717278476809 289.62 40.184966927960126 0.32
32 37 34 35 11.307306001441399 231.43 20.46729786657392 0.37
32 35 33 34 36.831354218503094 234.63 6.370387540139051 0.5
33 70 51 52 0.3179016070803157 316.94 996.9751424374751 0.5
33 68 50 51 0.31235750569369447 279.49 894.7760015540489 0.08
33 66 49 50 0.4328570878432629 382.71 884.1486272221536 0.5
33 64 48 49 0.26897245916541973 223.76 831.9067338503464 0.5
33 62 47 48 0.3276120774378896 230.17 702.5687264036742 0.24
33 60 46 47 0.32947120777896544 197.15 598.3830918914874 0.5
33 58 45 46 0.322829693368634 167.66 519.3450399513026 0.5
33 56 44 45 0.42911322374135574 180.83 421.4039325644127 0.04
33 54 43 44 0.5779490001010593 196.68 340.3068436239337 0.5
33 52 42 43 0.47015805330921645 133.95 284.90419138243055 0.5
33 50 41 42 0.9158812925723978 196.25 214.27449342130438 0.5
33 48 40 41 1.69736567975289 292.52 172.33764267142854 0.38
33 46 39 40 1.7331120397542519 233.77 134.88452831540403 0.11
33 44 38 39 2.600512261429308 250.11 96.17720466448912 0.5
33 42 37 38 4.2366972045328035 255.67 60.346535911620265 0.5
33 40 36 37 6.682899953217849 238.84 35.7389758446103 0.5
33 38 35 36 16.102557738456024 313.81 19.488208339136147 0.5
33 36 34 35 43.36125620408543 277.04 6.389113790801517 0.31
34 69 51 52 0.3439373231619645 308.0 895.5119995946437 0.3
34 67 50 51 0.3338446078935888 266.21 797.4069183853736 0.15
34 65 49 50 0.4839478483526515 378.63 782.3776906723498 0.4
34 63 48 49 0.2962435792362672 215.79 728.4208506942797 0.5
34 61 47 48 0.3609263636347572 220.44 610.761701583751 0.16
34 59 46 47 0.3606893595376642 185.2 513.4612239113222 0.5
34 57 45 46 0.3626593343975212 158.18 436.16690650684984 0.34
34 55 44 45 0.4991395199529881 175.11 350.8237536801191 0.5
34 53 43 44 0.645097859782885 179.41 278.1128433140089 0.5
34 51 42 43 0.7269262761134758 164.41 226.17149139115037 0.5
34 49 41 42 1.3822570085945105 231.16 167.23373335255883 0.5
34 47 40 41 2.302371733445095 299.23 129.96598058136115 0.5
34 45 39 40 2.419049935644224 234.5 96.93888354460513 0.15
34 43 38 39 4.388527372775288 280.71 63.964509311578034 0.15
34 41 37 38 7.3952642987598525 265.2 35.86078729390005 0.5
34 39 36 37 15.032749740219787 269.36 17.918212213653323 0.5
34 37 35 36 58.06448280210194 368.23 6.341742528819529 0.5
35 70 52 53 0.09936668831276564 92.33 929.1846348887362 0.27
35 68 51 52 0.3756530009651166 301.17 801.7239293343669 0.5
35 66 50 51 0.3696347426952508 262.24 709.4571199877888 0.33
35 64 49 50 0.545495435514247 377.03 691.1698530429828 0.5
35 62 48 49 0.3105950171581074 197.05 634.4274348087572 0.23
35 60 47 48 0.4229497351395661 222.72 526.5873967896121 0.5
35 58 46 47 0.4137287763414386 180.75 436.88041619525194 0.27
35 56 45 46 0.4394687128630234 159.67 363.32506803451787 0.5
35 54 44 45 0.5974109717192578 172.23 288.29400220814205 0.17
35 52 43 44 0.8627720699937005 192.73 223.38460724789945 0.5
35 50 42 43 1.0560342658822097 185.49 175.64770954192656 0.5
35 48 41 42 1.9450392127191738 248.72 127.87402864350909 0.5
35 46 40 41 3.3089028566731615 311.44 94.1218323686686 0.25
35 44 39 40 4.072929033960656 266.87 65.52287009540318 0.05
35 42 38 39 7.8411385634538435 306.33 39.06703057483894 0.5
35 40 37 38 18.496857284759564 336.77 18.206876704264822 0.5
35 38 36 37 57.96107212490293 358.34 6.182425322081637 0.5
36 71 53 54 0.07595329541242513 71.8 945.3177720614649 0.5
36 69 52 53 0.11664345258612199 96.96 831.2511148314218 0.5
36 67 51 52 0.43329131642536617 308.12 711.115105056746 0.5
36 65 50 51 0.4324184687784793 269.99 624.3720365660685 0.28
36 63 49 50 0.6775922817315075 407.38 601.2170017034259 0.5
36 61 48 49 0.35960446313442795 196.81 547.295765699182 0.5
36 59 47 48 0.5399174567520882 241.68 447.62397840188976 0.26
36 57 46 47 0.5062247256235112 183.48 362.44772472148566 0.5
36 55 45 46 0.5856430960903818 174.59 298.1167218832128 0.2
36 53 44 45 0.797407738326385 184.47 231.33710789811153 0.5
36 51 43 44 1.5429092961040405 266.97 173.03026216389966 0.5
36 49 42 43 1.9046828502848951 253.22 132.94601773839898 0.5
36 47 41 42 3.0579184855071326 282.79 92.47793927152425 0.5
36 45 40 41 5.6122868610258125 357.33 63.66923303251953 0.5
36 43 39 40 8.61794050982139 340.86 39.55237328588434 0.26
36 41 38 39 19.086036572617946 373.07 19.546750766224047 0.38
36 39 37 38 63.22630552128493 395.25 6.2513537164834085 0.5
37 70 53 54 0.08150717678148248 68.24 837.2268884119093 0.5
37 68 52 53 0.1335642635620969 98.0 733.729198113219 0.5
37 66 51 52 0.5014415378977429 312.36 622.9240627123683 0.5
37 64 50 51 0.4936690281023244 267.64 542.1446045112747 0.13
37 62 49 50 0.8470018479597695 434.89 513.4463414071042 0.5
37 60 48 49 0.39774696562809697 183.57 461.5245768377335 0.5
37 58 47 48 0.6335677267749162 235.28 371.35729939663815 0.22
37 56 46 47 0.6507431255261035 190.74 293.1110487656604 0.14
37 54 45 46 0.7434985515519462 175.98 236.69178592569827 0.5
37 52 44 45 1.1169791220745031 199.11 178.25758428698657 0.22
37 50 43 44 2.4637149547292028 314.17 127.51881032216723 0.5
37 48 42 43 2.6980529271352185 257.24 95.34282942074691 0.5
37 46 41 42 4.755476080841419 291.41 61.27882782840932 0.5
37 44 40 41 10.514444738333188 397.31 37.78706435647537 0.5
37 42 39 40 18.737290538254925 366.86 19.57913814972349 0.4
38 71 54 55 0.2087187190664596 172.12 824.6505189848068 0.5
38 69 53 54 0.10005282717001718 74.02 739.8091797468124 0.5
38 67 52 53 0.1557664214868568 99.99 641.9226881220798 0.5
38 65 51 52 0.6093818997264131 329.01 539.9077329794529 0.5
38 63 50 51 0.5603341003469101 259.69 463.45564162385 0.17
38 61 49 50 0.9369474275230821 406.99 434.3786940916422 0.35
38 59 48 49 0.5567424171737541 213.55 383.57055868684256 0.5
38 57 47 48 0.7937796638746745 238.07 299.9195001266593 0.05
38 55 46 47 0.8632390431827516 201.28 233.1683229454997 0.5
38 53 45 46 0.9837294086313807 179.96 182.93648479043685 0.2
38 51 44 45 2.0164485478334075 265.44 131.6373781444632 0.41
38 49 43 44 4.354788867018314 395.82 90.89304030278154 0.5
38 47 42 43 4.359444133788634 276.85 63.505802919740546 0.5
38 45 41 42 8.442911736472967 310.06 36.72429721852426 0.5
38 41 39 40 61.05322059153372 387.24 6.342662946329464 0.5
39 70 54 55 0.23836150330955647 173.34 727.2147456415644 0.38
39 68 53 54 0.12316957647914462 80.05 649.9169867126584 0.5
39 66 52 53 0.18326103705472804 102.48 559.2023358974878 0.45
39 64 51 52 0.6839821884028952 318.59 465.7869830556708 0.5
39 62 50 51 0.6873654355976565 269.81 392.5277385607894 0.28
39 60 49 50 1.152944807136371 418.06 362.60191937405693 0.5
39 58 48 49 0.7084504227586567 222.56 314.15042302235753 0.5
39 56 47 48 1.0306591360824071 245.76 238.4493489614301 0.18
39 54 46 47 1.1401485241044425 206.52 181.13429578152216 0.22
39 52 45 46 1.462394964597375 200.15 136.86453033917897 0.5
39 50 44 45 3.3963191690721763 315.72 92.95946119405792 0.35
39 48 43 44 6.932123042900951 426.17 61.47755851454948 0.5
39 46 42 43 7.910048612893542 302.87 38.28927163687916 0.5
39 44 41 42 20.06010384969219 369.65 18.427122948601884 0.5
40 71 55 56 0.36720392689098874 270.45 736.5117314779917 0.18
40 69 54 55 0.2749248894049676 175.9 639.8111148856269 0.5
40 67 53 54 0.1305349322122454 73.83 565.5957278926296 0.5
40 65 52 53 0.2107892510276133 101.52 481.618486260957 0.5
40 63 51 52 0.8041175608666987 317.68 395.06661147605865 0.26
40 61 50 51 0.8320460695428243 273.7 328.94813162255195 0.19
40 59 49 50 1.4035942356917455 417.87 297.7142463071299 0.06
40 57 48 49 0.8925507868787084 222.71 249.52081525671747 0.5
40 55 47 48 1.350615897455861 250.84 185.72267694501767 0.31
40 53 46 47 1.5262312033509706 207.63 136.04098746253558 0.5
40 51 45 46 2.68463007633336 260.19 96.91838078315982 0.28
40 49 44 45 6.432322275756595 401.6 62.434682651649666 0.28
40 47 43 44 11.976846034922279 446.58 37.286945051965674 0.5
40 45 42 43 17.22395480752485 335.68 19.489136133435924 0.5
41 70 55 56 0.40492219383332406 260.22 642.6419790344042 0.5
41 68 54 55 0.30514406721911486 169.53 555.5736395106301 0.25
41 66 53 54 0.16899805790109956 82.18 486.2777775120534 0.5
41 64 52 53 0.2529684415158892 103.54 409.30006675752304 0.39
41 62 51 52 0.9971571320424676 327.7 328.63426381835643 0.5
41 60 50 51 1.065217006839577 286.33 268.7996888535611 0.5
41 58 49 50 1.8524631270203056 440.18 237.6187647567546 0.5
41 56 48 49 1.1721626823970037 225.08 192.02112759614957 0.5
41 54 47 48 1.8758279804225724 259.78 138.48817839974788 0.24
41 52 46 47 2.4070882835391356 231.98 96.37369829199633 0.5
41 50 45 46 4.950853868839503 313.19 63.259794834827716 0.5
41 48 44 45 11.138098282859431 420.41 37.745222687339236 0.5
42 71 56 57 0.42727325066531935 257.31 602.2141559279344 0.5
42 69 55 56 0.48963910050470155 273.22 558.0028223203072 0.16
42 67 54 55 0.35541103446645456 169.27 476.2654605085891 0.5
42 65 53 54 0.1930882298784978 79.49 411.6770869463129 0.03
42 63 52 53 0.30973146156457615 105.38 340.23020931643146 0.5
42 61 51 52 1.2036490442215604 323.87 269.07344923740413 0.5
42 59 50 51 1.3231480655178898 283.89 214.55648645707944 0.22
42 57 49 50 2.3239378354701024 423.23 182.11760811337973 0.29
42 55 48 49 1.6593978357621633 237.52 143.13625996198002 0.5
42 53 47 48 2.578586600919511 253.2 98.19332804634529 0.31
42 51 46 47 4.802787726204771 302.03 62.88639374005151 0.5
42 49 45 46 10.472609167682029 395.2 37.73653668080809 0.46
42 47 44 45 23.073173467350735 433.45 18.785885721933543 0.5
43 70 56 57 0.44700920968494434 233.03 521.3091698138421 0.4
43 68 55 56 0.535210614478647 257.05 480.2782176702427 0.5
43 66 54 55 0.41257280276140007 167.2 405.2618080515972 0.25
43 64 53 54 0.2286072957874045 79.01 345.6145164915301 0.5
43 62 52 53 0.35925633109616856 100.12 278.6868075352 0.34
43 60 51 52 1.4815348379606992 319.64 215.7492296569803 0.5
43 58 50 51 1.6276754278580732 272.05 167.1402021212559 0.17
43 56 49 50 3.089935466457996 419.03 135.61124643173716 0.5
43 54 48 49 2.115138400917177 215.88 102.06424312772582 0.26
43 52 47 48 4.0025686651562555 260.81 65.16065602332853 0.47
43 50 46 47 9.06237377765842 334.67 36.929617803347064 0.48
43 48 45 46 19.907251054536673 381.59 19.168392409108602 0.37
44 71 57 58 0.3436841177077701 177.14 515.4151468547631 0.5
44 69 56 57 0.552066637299766 247.5 448.3154446908014 0.5
44 67 55 56 0.622251306482127 253.27 407.02204617592827 0.11
44 65 54 55 0.4973781028696889 168.33 338.43468184223985 0.5
44 63 53 54 0.28509237614323807 80.54 282.5049238059405 0.5
44 61 52 53 0.4801000180943705 107.35 223.59924172904078 0.5
44 59 51 52 1.9661847969526955 329.98 167.82756153512207 0.5
44 57 50 51 2.305665188475735 285.04 123.62592861474337 0.25
44 55 49 50 4.628376257183542 446.29 96.42474492157564 0.5
44 53 48 49 3.559216502178798 240.49 67.56824145223604 0.5
44 51 47 48 9.810450891403368 373.9 38.112417475901985 0.37
45 70 57 58 0.3976413191055858 175.45 441.2267829576652 0.5
45 68 56 57 0.6209964302371064 236.67 381.113301906801 0.24
45 66 55 56 0.7594968592187732 259.26 341.3575669907018 0.2
45 64 54 55 0.5971317739941403 166.76 279.2683411980626 0.13
45 62 53 54 0.3587975330762893 81.24 226.4229614497554 0.5
45 60 52 53 0.6367425702215019 111.11 174.4975209704425 0.29
45 58 51 52 2.640098471225311 333.31 126.2490788251946 0.5
45 56 50 51 3.3010819529411957 289.42 87.67428501498813 0.42
45 54 49 50 7.064003404470691 453.29 64.16899512153692 0.5
45 52 48 49 6.510607194706966 262.34 40.294244784615294 0.42
45 50 47 48 22.698544343635984 419.68 18.489291368046082 0.5
45 48 46 47 73.03946868380163 451.97 6.188024203142047 0.5
46 71 58 59 0.47668592516777375 229.78 482.03646860168345 0.5
46 69 57 58 0.4632380246084212 174.32 376.30762316490336 0.41
46 67 56 57 0.7191897512000903 229.92 319.693098540878 0.5
46 65 55 56 0.8841488122968827 248.89 281.5023857278302 0.18
46 63 54 55 0.7389176217193518 165.95 224.58525161960398 0.3
46 61 53 54 0.46273811799286946 82.36 177.98404064319837 0.16
46 59 52 53 0.8447896809158117 111.54 132.03286275831726 0.5
46 57 51 52 3.6291656886510846 325.29 89.6321711122829 0.5
46 55 50 51 4.930341154109442 289.78 58.77483746910053 0.38
46 53 49 50 11.480772575353837 443.82 38.657677180433254 0.5
46 51 48 49 16.452303257414005 326.21 19.827618959855844 0.5
47 70 58 59 0.5364190854802422 218.67 407.64768800914374 0.05
47 68 57 58 0.531147121006777 167.59 315.52463220046656 0.5
47 66 56 57 0.8734948382380688 230.41 263.779463728442 0.23
47 64 55 56 1.0618572186363384 241.83 227.7424834108711 0.15
47 62 54 55 0.9462857408623381 165.99 175.41213275467456 0.08
47 60 53 54 0.6685715400432688 89.82 134.34613144643728 0.5
47 58 52 53 1.219182371571688 115.75 94.94067721040197 0.08
47 56 51 52 5.535676648486204 329.07 59.44530739344901 0.5
47 54 50 51 8.201399384766408 289.38 35.284222414226704 0.31
47 50 48 49 51.93327721020769 330.28 6.359698785484736 0.5
48 71 59 60 0.5055101845535629 210.97 417.3407508818371 0.19
48 69 58 59 0.6543618788173576 224.34 342.83781996202856 0.5
48 67 57 58 0.6180014577736915 160.82 260.22592338105994 0.36
48 65 56 57 1.0521883081596315 224.24 213.11774542735148 0.5
48 63 55 56 1.3477592141875152 240.5 178.44433743677524 0.12
48 61 54 55 1.270747675568942 169.56 133.43325607429045 0.19
48 59 53 54 0.9707068235658519 94.37 97.21781871619658 0.38
48 57 52 53 1.948887511201294 122.84 63.030831330168176 0.5
48 55 51 52 9.525920968318216 343.41 36.05005764189417 0.5
48 53 50 51 16.28424715177715 290.45 17.836255940656258 0.5
49 70 59 60 0.5638402173014024 196.81 349.0527882916068 0.5
49 68 58 59 0.7398578103252953 209.96 283.78425836673443 0.15
49 66 57 58 0.7535298707273689 159.26 211.35193996525865 0.5
49 64 56 57 1.2574916120946433 212.59 169.05878174875627 0.13
49 62 55 56 1.717796367219344 232.98 135.62725154503192 0.18
49 60 54 55 1.8352791401331947 178.05 97.01521480110002 0.1
49 58 53 54 1.5831953770892404 104.76 66.16997593348516 0.48
49 56 52 53 3.1423018838818364 119.97 38.17901794075727 0.26
49 54 51 52 16.458875058367937 304.08 18.475138727382294 0.5
49 52 50 51 44.0314964156676 271.39 6.163542511433522 0.41
50 71 60 61 0.7022547965883137 244.14 347.6515948144152 0.5
50 69 59 60 0.7424448731566532 213.71 287.84628694568136 0.5
50 67 58 59 0.930920569537347 212.71 228.4942528509318 0.5
50 65 57 58 0.9621750016321085 159.54 165.81183228557913 0.43
50 63 56 57 1.7238183700105818 219.87 127.54824047886804 0.5
50 61 55 56 2.465382451368437 242.25 98.26061667046285 0.2
50 59 54 55 2.9757344009381637 195.0 65.53004190781344 0.15
50 57 53 54 3.0662476686954836 120.76 39.38364184761912 0.4
50 55 52 53 8.037762872537195 155.54 19.35115559721686 0.5
50 53 51 52 56.8714877455931 359.18 6.315642762973655 0.5
51 70 60 61 0.8505147569332218 239.45 281.5353855392311 0.3
51 68 59 60 0.8819611861266423 202.53 229.6359558513705 0.5
51 66 58 59 1.1882137108172734 211.06 177.62797893893125 0.33
51 64 57 58 1.2256465334769333 152.84 124.7015316613519 0.5
51 62 56 57 2.3268862545827913 210.45 90.44275352330598 0.28
51 60 55 56 3.776685986461879 245.92 65.11528914014526 0.2
51 58 54 55 5.494050245249355 214.44 39.031313953749134 0.5
51 56 53 54 7.120956439944921 136.51 19.170177651171795 0.5
51 54 52 53 22.935462435415424 145.53 6.345195803651301 0.5
52 71 61 62 0.5801423517771211 169.48 292.1351966131077 0.24
52 69 60 61 1.0667030428315813 240.17 225.1516967294521 0.5
52 67 59 60 1.0761232775579128 191.68 178.12085659459638 0.35
52 65 58 59 1.5232154792708874 202.66 133.04749246443228 0.41
52 63 57 58 1.6381150903430892 145.04 88.54078743003497 0.5
52 61 56 57 3.389007723450793 204.69 60.39820994906978 0.5
52 59 55 56 6.366209754517248 248.23 38.991803533313416 0.35
52 57 54 55 11.162265220590077 211.02 18.904764922692344 0.07
52 55 53 54 35.2473801398764 223.2 6.332385530903253 0.5
53 70 61 62 0.682703955473618 158.5 232.16505299144262 0.45
53 68 60 61 1.2258812465012383 215.14 175.49823901297657 0.46
53 66 59 60 1.3925488064615201 187.08 134.3435857557999 0.5
53 64 58 59 1.9107879791256486 183.55 96.05984651629956 0.4
53 62 57 58 2.256558826226622 133.24 59.04565768524706 0.5
53 60 56 57 5.441884619571403 197.96 36.3771034924278 0.45
53 58 55 56 13.404595503819646 263.49 19.65669161183703 0.4
53 56 54 55 35.18896256629382 218.15 6.199387083066713 0.38
54 71 62 63 0.6417508196515593 142.18 221.5501650269759 0.49
54 69 61 62 0.8601730930528667 156.16 181.54485563570438 0.22
54 67 60 61 1.5519259751331291 204.97 132.0745984565514 0.5
54 65 59 60 1.845568668348363 178.16 96.53393182028768 0.5
54 63 58 59 2.9780128372980177 191.0 64.13672822622763 0.5
54 61 57 58 3.9547522615495136 141.94 35.89099660679792 0.5
54 59 56 57 13.316434772128291 245.75 18.454639263833766 0.43
54 57 55 56 55.461471098608314 358.03 6.455472473195612 0.5
55 70 62 63 0.8945100992229535 152.91 170.94273181804257 0.08
55 68 61 62 1.2082174858560384 164.81 136.4075606663066 0.36
55 66 60 61 2.4471439154738226 232.17 94.87386439838647 0.5
55 64 59 60 3.1956696314067536 208.09 65.11624291663638 0.5
55 62 58 59 6.541739286063701 251.51 38.44696173322106 0.5
55 60 57 58 11.478341352666845 206.97 18.031350840765263 0.5
55 58 56 57 61.72996969838705 386.72 6.264704192947379 0.5
56 71 63 64 1.052663686403645 183.92 174.71867071652332 0.09
56 69 62 63 1.3693941853740825 176.49 128.88180911312077 0.23
56 67 61 62 1.8535013167622696 181.13 97.72315690414574 0.28
56 65 60 61 4.04412669200612 257.21 63.6008759340843 0.34
56 63 59 60 6.436910928613744 251.48 39.06842937380195 0.2
56 61 58 59 16.78413595741113 328.51 19.572648889020975 0.5
56 59 57 58 48.44818043569418 299.82 6.1884677051588035 0.5
57 70 63 64 1.5664638049452528 201.64 128.72305083809275 0.21
57 68 62 63 2.0179702548283807 184.23 91.29470543938614 0.05
57 66 61 62 3.0811681164438975 199.5 64.74817097297863 0.48
57 64 60 61 7.207995806004525 274.59 38.095194196874594 0.37
57 62 59 60 16.27166920492878 311.61 19.150463057939476 0.5
57 60 58 59 70.82559936186927 455.29 6.428325409203904 0.5
58 71 64 65 1.395166558791508 190.07 136.23463005351738 0.5
58 69 63 64 2.3252628282893784 212.19 91.25420035037563 0.05
58 67 62 63 2.967375861150308 178.22 60.05979974876278 0.1
58 65 61 62 4.869387425836856 186.42 38.28407635236823 0.5
58 63 60 61 14.891709623529072 275.91 18.527758529756653 0.5
58 61 59 60 55.47057594852093 349.69 6.304062902186689 0.5
59 70 64 65 2.146377908564661 206.74 96.32040992177954 0.18
59 68 63 64 3.7038548860562295 225.6 60.909513720234635 0.17
59 66 62 63 5.877922722296177 212.87 36.21517499584335 0.15
59 64 61 62 11.321811815510488 220.2 19.44918389284069 0.29
59 62 60 61 66.67973755353252 409.54 6.14189579962292 0.5
60 71 65 66 1.9433553467809548 183.58 94.46548224136603 0.4
60 69 64 65 3.605575931963374 232.9 64.59439612277893 0.5
60 67 63 64 6.894859681130035 252.09 36.56202035407973 0.25
60 65 62 63 13.563410891415463 246.2 18.1517762730188 0.25
60 63 61 62 42.81879007654147 276.11 6.4483372721750145 0.22
61 70 65 66 3.3137628963010473 205.73 62.083500370422975 0.5
61 68 64 65 6.373622603646557 246.43 38.6640401110366 0.16
61 66 63 64 17.42510600986195 319.14 18.31495313826951 0.5
61 64 62 63 51.92376879449984 319.84 6.159799402578802 0.5
62 71 66 67 3.487298390608228 223.74 64.15854766043607 0.5
62 69 65 66 5.695449598160352 214.49 37.659889057622586 0.5
62 67 64 65 12.641110281346482 246.18 19.474555202897722 0.43
62 65 63 64 47.491142281239036 294.25 6.195892241493651 0.5
63 70 66 67 6.251268119381312 234.52 37.51558812089641 0.5
63 68 65 66 11.315920362206361 209.97 18.555273745233425 0.3
63 66 64 65 51.57151675082742 331.56 6.429130281390849 0.5
64 71 67 68 5.4842611477705665 204.2 37.233821384127616 0.09
64 69 66 67 16.608854687141434 312.21 18.797804296626953 0.5
64 67 65 66 49.82107724740359 305.44 6.130738572416514 0.5
65 70 67 68 14.0370727568961 258.35 18.40483443195651 0.5
65 68 66 67 53.35841272139455 338.3 6.340143620208468 0.29
66 71 68 69 12.858297536311301 244.53 19.01729208781002 0.5
66 69 67 68 45.457902901255196 281.93 6.202001896401061 0.5
67 70 68 69 45.80335523323765 285.15 6.225526460844906 0.5
68 71 69 70 58.29969224859346 380.84 6.532453008089218 0.5
