72
# x y z
0.0 -8.727 0.0
0.953939201 -8.427 0.0
1.9538787 -8.438 0.0
2.948350921 -8.333 0.0
3.941245176 -8.214 0.0
4.924543706 -8.032 0.0
5.918475293 -7.922 0.0
6.916961648 -7.867 0.0
7.914911546 -7.803 0.0
8.908953296 -7.694 0.0
9.882143925 -7.4639999999999995 0.0
10.87954856 -7.3919999999999995 0.0
11.87853554 -7.3469999999999995 0.0
12.87352298 -7.247 0.0
13.85569201 -7.059 0.0
14.848465899999999 -6.939 0.0
15.84722511 -6.8892 0.0
16.84598432 -6.8393999999999995 0.0
17.84474353 -6.7896 0.0
18.843502739999998 -6.7398 0.0
19.84226195 -6.6899999999999995 0.0
20.83744837 -6.592 0.0
21.82973058 -6.468 0.0
22.82274418 -6.586 0.0
23.82022049 -6.515 0.0
24.81982842 -6.487 0.0
25.81723305 -6.415 0.0
26.81722505 -6.411 0.0
27.81711254 -6.426 0.0
28.81674798 -6.399 0.0
29.80940048 -6.278 0.0
30.80438792 -6.378 0.0
31.80005403 -6.285 0.0
32.78105556 -6.091 0.0
33.77573692 -5.9879999999999995 0.0
34.77497613 -5.949 0.0
35.77471159 -5.926 0.0
36.761005159999996 -5.761 0.0
37.7521212 -5.628 0.0
38.74489509 -5.508 0.0
39.74144463 -5.425 0.0
40.72872322 -5.266 0.0
41.71238983 -5.086 0.0
42.70643158 -4.977 0.0
43.67467741 -4.727 0.0
44.66792663 -4.611 0.0
45.64751787 -4.41 0.0
46.638633909999996 -4.277 0.0
47.62302407 -4.101 0.0
48.62289606 -4.117 0.0
49.61492631 -3.991 0.0
50.60464899 -3.848 0.0
51.58037385 -3.629 0.0
52.57066623 -3.4899999999999998 0.0
53.55245032 -3.3 0.0
54.54052117 -3.146 0.0
55.53216577 -3.017 0.0
56.498043089999996 -2.758 0.0
57.457457489999996 -2.476 0.0
58.43621946 -2.271 0.0
59.40674458 -2.03 0.0
60.38040571 -1.802 0.0
61.37055722 -1.662 0.0
62.32481033 -1.363 0.0
63.30810886 -1.181 0.0
64.29177547 -1.001 0.0
65.27470171 -0.817 0.0
66.26759597 -0.698 0.0
67.24899089 -0.506 0.0
68.24417731 -0.408 0.0
69.24011906999999 -0.318 0.0
70.18820978 0.0 0.0
877
# a b m n r rhoa k err
0 25 12 13 0.1753906460865674 165.3 942.4675927039634 0.05
0 23 11 12 0.20943351225878137 179.46 856.8829222433832 0.05
0 21 10 11 0.22302261533076553 151.57 679.6171759317147 0.05
0 19 9 10 0.30202994724393045 153.9 509.5521202594679 0.05
0 17 8 9 0.314494024217885 134.51 427.7028803154935 0.05
0 15 7 8 0.4527384887852264 163.63 361.422772866179 0.05
0 13 6 7 0.7157372789427604 196.66 274.7656239039178 0.05
0 11 5 6 1.2803236505193176 244.6 191.04544378352045 0.05
0 9 4 5 1.8661202613605372 222.02 118.97411147453664 0.05
0 7 3 4 3.1884846983221666 229.34 71.92758369537809 0.05
0 5 2 3 4.4632785610257315 182.68 40.92955380271342 0.05
0 3 1 2 17.732344212227808 211.59 11.932432478616816 0.05
1 36 18 19 0.17452291124351196 172.31 987.3202250194859 0.05
1 34 17 18 0.16052807221872079 142.88 890.0623923604144 0.05
1 32 16 17 0.15318766044791465 122.72 801.1089120440353 0.05
1 30 15 16 0.15573056335309307 110.62 710.3294152297364 0.05
1 28 14 15 0.19680768634092521 111.93 568.7277874203875 0.05
1 26 13 14 0.32549962928285164 150.4 462.05889798204925 0.05
1 24 12 13 0.36896799456745205 149.91 406.29540287293 0.05
1 22 11 12 0.47663804810722266 176.27 369.8194063608346 0.05
1 20 10 11 0.5279226004881928 149.87 283.88631185974754 0.05
1 18 9 10 0.7577783009072789 158.38 209.0057208161985 0.05
1 16 8 9 0.8093831847624172 137.46 169.83303160708658 0.05
1 14 7 8 1.224900453712363 165.59 135.186495766361 0.05
1 12 6 7 2.0332710915071845 201.23 98.96860327209788 0.05
1 10 5 6 3.8725290169993327 246.49 63.65091105011144 0.05
1 8 4 5 6.142205440861667 218.79 35.62075578659036 0.05
1 6 3 4 13.206260282286731 237.25 17.96496471587935 0.05
1 4 2 3 31.21141345994895 206.37 6.6120042997994215 0.05
2 37 19 20 0.21417529787335007 210.01 980.5519221184267 0.05
2 35 18 19 0.19167546303760843 167.81 875.4902549371914 0.05
2 33 17 18 0.18045922118034613 140.89 780.7304003556476 0.05
2 31 16 17 0.17519949238381424 122.19 697.4335275602002 0.05
2 29 15 16 0.2094612891456206 127.91 610.6617624752374 0.05
2 27 14 15 0.20825094374078043 101.39 486.86454034131447 0.05
2 25 13 14 0.39316511779499824 153.12 389.4546923662717 0.05
2 23 12 13 0.4436541433390447 150.37 338.93518691898214 0.05
2 21 11 12 0.5743616892331275 173.19 301.5347354229679 0.05
2 19 10 11 0.671986070841337 152.32 226.671365091382 0.05
2 17 9 10 1.0191108968857507 165.87 162.75951960367976 0.05
2 15 8 9 1.1313018393084457 145.38 128.50681838267798 0.05
2 13 7 8 1.8282149499870248 175.18 95.82024258211175 0.05
2 11 6 7 3.185553635810326 213.51 67.02445615726961 0.05
2 9 5 6 6.203599598804748 233.74 37.67812481724882 0.05
2 7 4 5 12.42464512323607 223.56 17.99327045421258 0.05
2 5 3 4 44.97916901670654 272.39 6.055914458953802 0.05
3 38 20 21 0.23915816999895448 231.98 969.9856793561104 0.05
3 36 19 20 0.23710337062907993 206.02 868.9037167771597 0.05
3 34 18 19 0.20303075395220116 157.39 775.2027559187106 0.05
3 32 17 18 0.2128759224378203 144.16 677.2019979953732 0.05
3 30 16 17 0.20103279354726178 121.78 605.7718138974682 0.05
3 28 15 16 0.23594090386934533 123.47 523.309006514499 0.05
3 26 14 15 0.26027620549119584 107.49 412.98435174719026 0.05
3 24 13 14 0.4775916108799029 154.68 323.87503565027333 0.05
3 22 12 13 0.5359151425470061 150.41 280.660104667237 0.05
3 20 11 12 0.7382934170742153 178.49 241.7602485301013 0.05
3 18 10 11 0.89649888651859 159.03 177.3900697384774 0.05
3 16 9 10 1.4372614683423786 177.95 123.81184907519518 0.05
3 14 8 9 1.620965114297929 150.0 92.53746343885251 0.05
3 12 7 8 2.8617517139639914 184.62 64.51293419311743 0.05
3 10 6 7 5.285088819399889 215.61 40.79590852069769 0.05
3 8 5 6 11.835002375515646 224.02 18.92859780606842 0.05
3 6 4 5 41.49149156332379 261.59 6.304666092824468 0.05
4 39 21 22 0.21656100439729595 211.1 974.7830667275749 0.05
4 37 20 21 0.26453784740271624 225.94 854.0932884210052 0.05
4 35 19 20 0.2621009118380651 200.03 763.1793365281588 0.05
4 33 18 19 0.23727999817649953 159.59 672.5809222288083 0.05
4 31 17 18 0.2458427944427566 143.17 582.3640278923712 0.05
4 29 16 17 0.25733168664675554 132.11 513.3841141815936 0.05
4 27 15 16 0.2794320710148913 123.19 440.85848683215403 0.05
4 25 14 15 0.3803136027837388 129.89 341.53393160081237 0.05
4 23 13 14 0.6156817937577551 162.72 264.2923692884501 0.05
4 21 12 13 0.706713614951694 157.37 222.6786022945896 0.05
4 19 11 12 1.0210112139078449 190.59 186.66788121800434 0.05
4 17 10 11 1.3467685228150728 178.33 132.41325215059754 0.05
4 15 9 10 2.3212977534875794 205.88 88.69176721972889 0.05
4 13 8 9 2.8216548889801873 170.79 60.528309350307374 0.05
4 11 7 8 5.262309314697062 204.93 38.942978784552366 0.05
4 9 6 7 11.385842453209374 224.67 19.732400208705798 0.05
4 7 5 6 41.92619326162461 261.82 6.244783502432738 0.05
5 38 21 22 0.22218858748783749 191.57 862.1954987246429 0.05
5 36 20 21 0.30030058575740654 224.33 747.018189905303 0.05
5 34 19 20 0.2973263188905713 198.11 666.3049565851346 0.05
5 32 18 19 0.2731556590127273 156.77 573.9218457586321 0.05
5 30 17 18 0.3023532899354059 150.26 496.9682983509166 0.05
5 28 16 17 0.30350647980552786 130.86 431.1604815944909 0.05
5 26 15 16 0.3762064535853565 137.48 365.4376438516027 0.05
5 24 14 15 0.4555171130574956 125.89 276.3672239556675 0.05
5 22 13 14 0.8099304840053189 171.84 212.16635673497075 0.05
5 20 12 13 0.9695925791155211 166.52 171.74223853064387 0.05
5 18 11 12 1.5314721093487116 213.24 139.23857881465727 0.05
5 16 10 11 2.0792242025411114 196.99 94.74206762274595 0.05
5 14 9 10 3.7732630164621312 221.18 58.617700127191696 0.05
5 12 8 9 5.15006187535386 184.97 35.916073335971475 0.05
5 10 7 8 11.163585675244613 215.0 19.25904510024634 0.05
5 8 6 7 41.32995851688738 263.13 6.366568209655602 0.05
6 39 22 23 0.237467549095961 226.6 954.235645513108 0.05
6 37 21 22 0.27046427435476594 204.6 756.4769893846598 0.05
6 35 20 21 0.38139660491729555 249.22 653.4405308983871 0.05
6 33 19 20 0.3359217012506809 193.17 575.0447181018748 0.05
6 31 18 19 0.3248980806993836 159.31 490.33838444679446 0.05
6 29 17 18 0.3825509260883645 159.77 417.643741275626 0.05
6 27 16 17 0.3907805520743451 140.52 359.58800726927274 0.05
6 25 15 16 0.5135436331083645 153.18 298.2803994138449 0.05
6 23 14 15 0.6138164321290185 136.2 221.89044292540547 0.05
6 21 13 14 1.11523106818969 183.67 164.69232721264137 0.05
6 19 12 13 1.4287470158785958 184.0 128.7841709939466 0.05
6 17 11 12 2.4089729435295957 240.42 99.80186811386089 0.05
6 15 10 11 3.5011486117405948 224.2 64.03612781479134 0.05
6 13 9 10 7.071557684418444 245.81 34.76037543208065 0.05
6 11 8 9 11.436674412529928 210.35 18.392584453531548 0.05
6 9 7 8 33.904565704064076 212.46 6.266412667086097 0.05
7 42 24 25 0.16889099912866845 158.29 937.2317104916161 0.05
7 40 23 24 0.2813181018857455 253.73 901.9327170885358 0.05
7 38 22 23 0.27513745535718176 231.98 843.1422021361831 0.05
7 36 21 22 0.3040634970861267 200.79 660.3554912845252 0.05
7 34 20 21 0.39865001428118313 226.9 569.170931572973 0.05
7 32 19 20 0.38376695776954767 187.5 488.5777584650575 0.05
7 30 18 19 0.37839743131480963 157.55 416.3611773276693 0.05
7 28 17 18 0.4625606017555441 161.1 348.278689081131 0.05
7 26 16 17 0.5115528202838985 151.05 295.27742592870703 0.05
7 24 15 16 0.6566610480197651 156.37 238.12894105954854 0.05
7 22 14 15 0.7864240319961185 137.8 175.2235364046964 0.05
7 20 13 14 1.5207611202853253 188.45 123.91821272011674 0.05
7 18 12 13 2.077158881607818 192.64 92.74206306784178 0.05
7 16 11 12 3.66511721352797 248.48 67.7959218010433 0.05
7 14 10 11 5.545098353711124 215.2 38.80905013271312 0.05
7 12 9 10 13.885382525665278 244.25 17.590440850191662 0.05
7 10 8 9 41.75001684173093 263.75 6.317362721070104 0.05
8 43 25 26 0.37414656760027265 363.25 970.8762058939581 0.05
8 41 24 25 0.24538076465549122 203.83 830.6682077797439 0.05
8 39 23 24 0.3107578228531975 247.3 795.7965393419072 0.05
8 37 22 23 0.31295259208184817 229.8 734.2965222665392 0.05
8 35 21 22 0.32020131929482576 183.44 572.8895821041181 0.05
8 33 20 21 0.4365739405389102 212.32 486.3322802499631 0.05
8 31 19 20 0.43402463225940857 179.06 412.557229915419 0.05
8 29 18 19 0.47135370698252227 162.56 344.87901037347245 0.05
8 27 17 18 0.5803157962662601 165.74 285.6031165554475 0.05
8 25 16 17 0.6721568526492961 158.58 235.92707472215648 0.05
8 23 15 16 0.8394265944601952 156.32 186.2223582522111 0.05
8 21 14 15 1.0301856618753629 135.26 131.29672155771513 0.05
8 19 13 14 2.184709075011754 193.58 88.60676335084045 0.05
8 17 12 13 3.1979500966806786 198.73 62.142933439227946 0.05
8 15 11 12 5.985204980633937 248.03 41.440518879894626 0.05
8 13 10 11 11.422496416036328 219.05 19.17706883168466 0.05
8 11 9 10 56.06855274774452 344.02 6.135703226508534 0.05
9 44 26 27 0.31117796399329 306.63 985.3846849085107 0.05
9 42 25 26 0.34268942538651764 294.82 860.3125108616177 0.05
9 40 24 25 0.2742613502291584 199.98 729.1585191748936 0.05
9 38 23 24 0.3478353520511358 241.22 693.4890274308227 0.05
9 36 22 23 0.34858663904740034 219.98 631.0626264998281 0.05
9 34 21 22 0.3715292532896327 182.26 490.56702368982974 0.05
9 32 20 21 0.4866458688360476 197.01 404.83236911309984 0.05
9 30 19 20 0.5049487890553634 172.96 342.5297847006746 0.05
9 28 18 19 0.5832724700432672 163.36 280.07493648359906 0.05
9 26 17 18 0.7583416372144102 172.37 227.29860994203182 0.05
9 24 16 17 0.851002700739827 154.21 181.20976568691984 0.05
9 22 15 16 1.1058001422513057 155.28 140.42320494177585 0.05
9 20 14 15 1.4535479435359515 134.95 92.84179486485729 0.05
9 18 13 14 3.4724549879492557 203.59 58.62998964897602 0.05
9 16 12 13 5.388034333480267 201.23 37.3475719613725 0.05
9 14 11 12 11.782651409011072 241.48 20.494538250985023 0.05
9 12 10 11 44.561692548123425 280.41 6.292624538378504 0.05
10 45 27 28 0.2642160655308989 263.07 995.6623927140992 0.05
10 43 26 27 0.3398177110109493 295.75 870.3195578598627 0.05
10 41 25 26 0.36782267923694595 276.87 752.7268317831061 0.05
10 39 24 25 0.3156345125008535 200.22 634.3412778710585 0.05
10 37 23 24 0.3960523238592153 235.41 594.3911594965952 0.05
10 35 22 23 0.418358544282188 225.05 537.9357086781548 0.05
10 33 21 22 0.42033532919177125 172.66 410.76728033304727 0.05
10 31 20 21 0.5692249997186422 190.15 334.0506831112263 0.05
10 29 19 20 0.6569333379341873 181.36 276.0706292822803 0.05
10 27 18 19 0.7868118137637048 175.07 222.50555588706118 0.05
10 25 17 18 1.0784034912631792 188.37 174.67487960313846 0.05
10 23 16 17 1.2120156342154271 163.75 135.10551793005553 0.05
10 21 15 16 1.733323519465177 171.2 98.7697899886712 0.05
10 19 14 15 2.659039206169993 161.9 60.88665395543239 0.05
10 17 13 14 7.165971954172474 247.77 34.57590981161082 0.05
10 15 12 13 12.952577456485592 240.21 18.5453436435327 0.05
10 13 11 12 59.957999644163415 387.92 6.469862275296269 0.05
11 46 28 29 0.2240948068547762 212.07 946.3405376342843 0.05
11 44 27 28 0.3047993818052159 270.0 885.8285682893719 0.05
11 42 26 27 0.3592559032719307 276.05 768.3937758179304 0.05
11 40 25 26 0.4241697002049981 279.01 657.7791857012807 0.05
11 38 24 25 0.3912792358781807 215.13 549.8119508365062 0.05
11 36 23 24 0.4525797187767141 229.6 507.31393934440985 0.05
11 34 22 23 0.4546051835589326 207.73 456.94595555149664 0.05
11 32 21 22 0.4989241886999096 168.7 338.1275228198423 0.05
11 30 20 21 0.6720170343836227 183.99 273.78770267149036 0.05
11 28 19 20 0.836255158360096 184.34 220.43511260545458 0.05
11 26 18 19 1.0903116530770056 188.9 173.25321569011842 0.05
11 24 17 18 1.449568655847034 188.67 130.15596000849885 0.05
11 22 16 17 1.7520184164091428 171.53 97.90422200672987 0.05
11 20 15 16 2.8888584050068786 189.76 65.68684698118604 0.05
11 18 14 15 5.167713669616856 188.99 36.571298659821466 0.05
11 16 13 14 15.27225891918913 268.19 17.560598037205054 0.05
11 14 12 13 40.19683081731874 249.45 6.205713110410805 0.05
12 47 29 30 0.2660204634429433 242.27 910.7194118243564 0.05
12 45 28 29 0.2641212266453306 223.57 846.4673696984456 0.05
12 43 27 28 0.33481480128541685 262.47 783.9259166331011 0.05
12 41 26 27 0.4131862751215752 278.18 673.2556639693533 0.05
12 39 25 26 0.4725941683626085 270.73 572.8593751759466 0.05
12 37 24 25 0.45318712289912455 213.55 471.2181551714883 0.05
12 35 23 24 0.5196348988719584 224.54 432.1110850857772 0.05
12 33 22 23 0.5131192101951566 195.81 381.60722909892 0.05
12 31 21 22 0.5852608589995466 162.52 277.6881411099557 0.05
12 29 20 21 0.8855177717123788 193.81 218.8663019435714 0.05
12 27 19 20 1.1260930752964513 194.97 173.1384414637954 0.05
12 25 18 19 1.5778508456098295 206.28 130.73479066411633 0.05
12 23 17 18 2.1101183635679464 199.22 94.4117654438796 0.05
12 21 16 17 2.877901779310146 189.23 65.75276521263342 0.05
12 19 15 16 5.901605337860456 234.88 39.799340442706125 0.05
12 17 14 15 11.967508891287322 222.46 18.58866385818665 0.05
12 15 13 14 50.19381139646854 310.01 6.176259410772922 0.05
13 48 30 31 0.12584211224537903 123.3 979.7991928137525 0.05
13 46 29 30 0.30599082875661404 248.0 810.4818076010372 0.05
13 44 28 29 0.27483648949575507 205.23 746.7349054579227 0.05
13 42 27 28 0.35962720148678035 246.53 685.515442048847 0.05
13 40 26 27 0.46030234394778824 267.84 581.8784186560233 0.05
13 38 25 26 0.5388341834720902 264.21 490.33637453642575 0.05
13 36 24 25 0.5024041678701572 199.07 396.2347701929261 0.05
13 34 23 24 0.5883132126728399 212.33 360.9131928812832 0.05
13 32 22 23 0.5963260567659207 183.3 307.38217443339363 0.05
13 30 21 22 0.6974426216271293 154.83 221.9967567206928 0.05
13 28 20 21 1.134266329518115 192.08 169.34294442258886 0.05
13 26 19 20 1.5981348265342932 207.0 129.52599277803057 0.05
13 24 18 19 2.2234693183036196 205.04 92.21624886482977 0.05
13 22 17 18 3.288842658155655 209.14 63.59075873738614 0.05
13 20 16 17 5.719932986947918 223.03 38.991715551375 0.05
13 18 15 16 14.238682136050794 280.74 19.716712355646795 0.05
13 16 14 15 40.99659767781545 257.01 6.269056813440794 0.05
14 51 32 33 0.1095451751315639 102.21 933.0397242712484 0.05
14 49 31 32 0.1372967652512231 127.76 930.5390390387355 0.05
14 47 30 31 0.13613980644580198 118.57 870.9429159296137 0.05
14 45 29 30 0.33039121965975193 236.06 714.4862997361207 0.05
14 43 28 29 0.3261565401363833 212.06 650.1785918851314 0.05
14 41 27 28 0.41397096312217224 244.18 589.8481336912921 0.05
14 39 26 27 0.5211532743531256 258.87 496.7252682453523 0.05
14 37 25 26 0.6221319080500893 255.51 410.70068371967875 0.05
14 35 24 25 0.695208387406985 228.69 328.95172748559145 0.05
14 33 23 24 0.6771943697412331 198.04 292.4418879555574 0.05
14 31 22 23 0.7171303908336094 174.78 243.72136815570119 0.05
14 29 21 22 0.9413675478659453 160.03 169.9973622022383 0.05
14 27 20 21 1.5851686833741914 200.17 126.27678183366451 0.05
14 25 19 20 2.441999003075549 223.03 91.33091361589717 0.05
14 23 18 19 3.5360933652795468 216.07 61.104155823928174 0.05
14 21 17 18 6.390873815600971 238.47 37.31414621547731 0.05
14 19 16 17 16.600617838772543 315.2 18.987245117095355 0.05
14 17 15 16 57.88989861521864 368.46 6.364840996683586 0.05
15 50 32 33 0.1283463212074898 106.91 832.9806339144308 0.05
15 48 31 32 0.1384636955550762 115.19 831.9148173694475 0.05
15 46 30 31 0.1570783890901869 121.0 770.316023106957 0.05
15 44 29 30 0.3550940436359151 222.23 625.8342092267162 0.05
15 42 28 29 0.34010325027201715 191.78 563.8875836870507 0.05
15 40 27 28 0.4645095379685971 234.5 504.83355202031015 0.05
15 38 26 27 0.5887696687279449 247.48 420.3341529713788 0.05
15 36 25 26 0.7089373634191876 241.42 340.53784220884796 0.05
15 34 24 25 0.6730276937922466 181.92 270.3009128420144 0.05
15 32 23 24 0.7968451879419629 183.64 230.458817821681 0.05
15 30 22 23 0.8607221577899707 163.37 189.80573292022157 0.05
15 28 21 22 1.2388760119853373 157.38 127.03450424211027 0.05
15 26 20 21 2.3171560713567216 208.85 90.13203839899998 0.05
15 24 19 20 3.644052210301707 218.97 60.08969887450392 0.05
15 22 18 19 6.270262304903391 232.96 37.153150645360334 0.05
15 20 17 18 16.196894744370777 298.1 18.40476243778793 0.05
15 18 16 17 65.16316681579791 406.87 6.243864745710303 0.05
16 51 33 34 0.10043972928749008 93.23 928.2183520541602 0.05
16 49 32 33 0.14994318060123787 111.84 745.8825373154496 0.05
16 47 31 32 0.15542764991910943 115.04 740.151447055085 0.05
16 45 30 31 0.17065146625931474 115.94 679.3964478677404 0.05
16 43 29 30 0.3986672534021651 217.17 544.7400009574516 0.05
16 41 28 29 0.40364221026243646 195.6 484.5875753995761 0.05
16 39 27 28 0.5210973101791809 224.1 430.054033330056 0.05
16 37 26 27 0.6895445395819229 241.78 350.6372483880351 0.05
16 35 25 26 0.7441866062791354 209.25 281.1794760002881 0.05
16 33 24 25 0.78875331433344 171.24 217.10209882884814 0.05
16 31 23 24 0.9592587037158441 173.01 180.3580195100839 0.05
16 29 22 23 1.2068862556619424 171.85 142.39121474272255 0.05
16 27 21 22 1.7919950232453306 164.79 91.95896074619826 0.05
16 25 20 21 3.7284063313340976 225.78 60.55670437594484 0.05
16 23 19 20 6.6434479995803155 244.45 36.79565189874935 0.05
16 21 18 19 15.536418154689025 291.15 18.739840618420043 0.05
17 50 33 34 0.11377627618238 93.94 825.6554279331217 0.05
17 48 32 33 0.15458554616936523 102.71 664.4217557537368 0.05
17 46 31 32 0.17263837807945298 112.5 651.6511638462241 0.05
17 44 30 31 0.18847897271835534 111.54 591.7901524573489 0.05
17 42 29 30 0.4376994662547727 205.4 469.2717625578332 0.05
17 40 28 29 0.46077820545609166 189.5 411.2607709221563 0.05
17 38 27 28 0.6086860127407271 219.24 360.18570397704605 0.05
17 36 26 27 0.811943459038706 232.9 286.8426334461024 0.05
17 34 25 26 0.9668937074976969 219.86 227.3879727369347 0.05
17 32 24 25 0.9726163440913578 162.56 167.1368170888261 0.05
17 30 23 24 1.2320004192540368 168.09 136.43664188180773 0.05
17 28 22 23 1.7191129457356795 175.47 102.0700823847901 0.05
17 26 21 22 2.9847514983643593 184.33 61.75723510014574 0.05
17 24 20 21 6.601058057496429 237.96 36.04876641400889 0.05
17 22 19 20 17.291366493992186 328.46 18.99560686045964 0.05
17 20 18 19 68.94369650688706 432.63 6.275120452190765 0.05
18 53 35 36 0.22143815349056906 218.16 985.196076471489 0.05
18 51 34 35 0.16187448129977702 145.33 897.794382617121 0.05
18 49 33 34 0.14373861399125132 105.23 732.0927694934143 0.05
18 47 32 33 0.1858013284293979 108.64 584.7105664870518 0.05
18 45 31 32 0.19584668055423016 111.18 567.6889681528921 0.05
18 43 30 31 0.22440786257091677 113.95 507.780782253072 0.05
18 41 29 30 0.5142205951049742 203.96 396.63911158276954 0.05
18 39 28 29 0.5395683042107927 185.5 343.7933595290113 0.05
18 37 27 28 0.7444324215091807 218.61 293.6599665511801 0.05
18 35 26 27 1.0238020841006097 236.13 230.64028064314365 0.05
18 33 25 26 1.2164632260660457 214.87 176.63501484946164 0.05
18 31 24 25 1.286171406888092 161.35 125.44984217180534 0.05
18 29 23 24 1.8902290692357222 182.87 96.74488821290849 0.05
18 27 22 23 2.812372442002692 192.62 68.49021741332211 0.05
18 25 21 22 5.723577310940203 211.5 36.952414287430535 0.05
18 23 20 21 15.418094219467045 281.39 18.250634351729026 0.05
18 21 19 20 70.25934057160923 445.05 6.334389084486202 0.05
19 54 36 37 0.18893810553950469 171.56 908.022230402479 0.05
19 52 35 36 0.24351350791029236 213.48 876.6659469200519 0.05
19 50 34 35 0.19110674561139318 151.1 790.6575956625567 0.05
19 48 33 34 0.16474776148123765 106.32 645.3501950137774 0.05
19 46 32 33 0.2115145222910538 107.58 508.6175589020073 0.05
19 44 31 32 0.23003892737792472 112.19 487.700065718382 0.05
19 42 30 31 0.25432250001623125 109.5 430.55569205639114 0.05
19 40 29 30 0.6163026999869644 203.64 330.4220474846325 0.05
19 38 28 29 0.6633733088951077 186.9 281.7418148934789 0.05
19 36 27 28 0.9350907206283189 218.72 233.90243874202352 0.05
19 34 26 27 1.2962809903458634 234.26 180.71699094923594 0.05
19 32 25 26 1.6685498893973438 217.32 130.2448319831137 0.05
19 30 24 25 1.8069281457916646 162.49 89.9260993739232 0.05
19 28 23 24 2.952087623384775 189.73 64.2697725152417 0.05
19 26 22 23 5.255989277774077 215.85 41.06743537563169 0.05
19 24 21 22 12.40512591914688 223.76 18.03770485349401 0.05
19 22 20 21 57.14164073440165 358.91 6.281058705826087 0.05
20 55 37 38 0.24344600268720595 221.13 908.3328440768079 0.05
20 53 36 37 0.19755233439801456 159.74 808.5958613790261 0.05
20 51 35 36 0.3080864280495127 237.88 772.1209970397339 0.05
20 49 34 35 0.25985010706026307 180.5 694.6312319899848 0.05
20 47 33 34 0.19478042324956327 109.48 562.0688063693561 0.05
20 45 32 33 0.2468882540776426 108.1 437.849910696862 0.05
20 43 31 32 0.2750069593167687 113.47 412.60774011649204 0.05
20 41 30 31 0.313760389172667 112.29 357.88456374652554 0.05
20 39 29 30 0.760607276657891 206.05 270.9019573220281 0.05
20 37 28 29 0.8535536321640971 191.35 224.18040623276576 0.05
20 35 27 28 1.2282586113451566 224.36 182.66511460016295 0.05
20 33 26 27 1.7356237407779347 234.48 135.09840554203427 0.05
20 31 25 26 2.398837878352831 222.93 92.93249952892837 0.05
20 29 24 25 3.0587012223890193 181.17 59.231022197877806 0.05
20 27 23 24 5.2232387192016025 202.08 38.68863953261721 0.05
20 25 22 23 11.880017917132818 242.32 20.39727563462149 0.05
20 23 21 22 48.89821117460379 297.25 6.078954482375471 0.05
21 56 38 39 0.21374022559107025 205.96 963.5996192595237 0.05
21 54 37 38 0.266723528491189 215.41 807.615290703969 0.05
21 52 36 37 0.22649675773606 161.55 713.2552430982548 0.05
21 50 35 36 0.40489123248441833 272.58 673.2178376089926 0.05
21 48 34 35 0.2736861903491971 165.81 605.8398481430228 0.05
21 46 33 34 0.2267453501477069 109.49 482.8764952784073 0.05
21 44 32 33 0.2911354501822314 107.94 370.755261622852 0.05
21 42 31 32 0.3321834115637391 114.27 343.9967079092809 0.05
21 40 30 31 0.3939499011461801 115.09 292.1437463625467 0.05
21 38 29 30 0.9734034529042462 210.9 216.66247368525234 0.05
21 36 28 29 1.1144143555527635 192.93 173.12232118932488 0.05
21 34 27 28 1.6432847682872422 226.41 137.7789196184067 0.05
21 32 26 27 2.5369107804639492 239.3 94.32732197079352 0.05
21 30 25 26 3.6639495911533393 226.9 61.927707888736634 0.05
21 28 24 25 5.0836706132753555 178.54 35.120292714041234 0.05
21 26 23 24 11.495150250327868 220.2 19.155904464469213 0.05
21 24 22 23 42.79017769481235 278.15 6.5003235551817165 0.05
22 57 39 40 0.20077312474529338 195.91 975.7780093751945 0.05
22 55 38 39 0.23769312179100938 203.94 857.997061350868 0.05
22 53 37 38 0.29516440473086686 210.67 713.7378241529174 0.05
22 51 36 37 0.301038465698018 187.45 622.6779011956482 0.05
22 49 35 36 0.5538697313472847 324.46 585.8056175244548 0.05
22 47 34 35 0.34021705827456067 177.55 521.8727153202127 0.05
22 45 33 34 0.2691929901574737 110.48 410.41187564123015 0.05
22 43 32 33 0.36828698871899884 113.75 308.86239124453755 0.05
22 41 31 32 0.40813994648276614 114.54 280.63903322150435 0.05
22 39 30 31 0.48868849068371745 114.47 234.2391977348322 0.05
22 37 29 30 1.2550062756252403 210.22 167.50513848647412 0.05
22 35 28 29 1.4870053708357154 193.97 130.4433755279488 0.05
22 33 27 28 2.181471307684542 213.85 98.03016855948692 0.05
22 31 26 27 3.6939535591462405 231.84 62.76202347643582 0.05
22 29 25 26 6.378577798429803 232.98 36.52538345732054 0.05
22 27 24 25 10.395451452383266 182.33 17.539401808105115 0.05
22 25 23 24 45.5080706609747 285.87 6.281742905113903 0.05
23 58 40 41 0.2584897071807658 246.52 953.6936796775618 0.05
23 56 39 40 0.22385797322638148 194.87 870.507300639827 0.05
23 54 38 39 0.2617672593028115 199.52 762.2038009314066 0.05
23 52 37 38 0.33215081864627233 208.83 628.7204133685904 0.05
23 50 36 37 0.36048887433913074 195.27 541.6810722882374 0.05
23 48 35 36 0.5890959798272404 300.29 509.74715544326705 0.05
23 46 34 35 0.3833770857097473 171.25 446.6881469531865 0.05
23 44 33 34 0.3270135383520608 113.06 345.73492146456726 0.05
23 42 32 33 0.43704352991832074 111.76 255.71823479662743 0.05
23 40 31 32 0.5161161428581241 117.07 226.82878964353867 0.05
23 38 30 31 0.6243398000020705 115.39 184.81922824656917 0.05
23 36 29 30 1.622667014313636 205.61 126.71114787341011 0.05
23 34 28 29 1.9353890210946854 185.13 95.65518765590996 0.05
23 32 27 28 3.197925524867016 208.16 65.09219754536223 0.05
23 30 26 27 5.875430129849847 227.29 38.684827319324896 0.05
23 28 25 26 12.22440397751237 228.21 18.66839482888556 0.05
23 26 24 25 45.961013745250824 279.66 6.0847221854173625 0.05
24 59 41 42 0.1989990824465614 186.89 939.1500588963111 0.05
24 57 40 41 0.31145803157677504 263.87 847.2088475745584 0.05
24 55 39 40 0.2584601091613975 199.32 771.1828360930275 0.05
24 53 38 39 0.30131498138902824 201.77 669.6314901763694 0.05
24 51 37 38 0.5188503777116409 282.73 544.9162458876181 0.05
24 49 36 37 0.6085526367994865 284.58 467.6341581505085 0.05
24 47 35 36 0.7540568647362246 328.0 434.98045749472374 0.05
24 45 34 35 0.46837562424827306 175.79 375.31842158126176 0.05
24 43 33 34 0.41543630220926525 117.92 283.8461621502708 0.05
24 41 32 33 0.5534085626973971 113.34 204.80348089947086 0.05
24 39 31 32 0.6623385135740673 117.75 177.77918328288845 0.05
24 37 30 31 0.8442559987709118 116.9 138.465110310363 0.05
24 35 29 30 2.220196449690398 203.4 91.61351466369733 0.05
24 33 28 29 2.729558645445057 174.58 63.95905810315887 0.05
24 31 27 28 5.092386313007686 200.25 39.323411008409444 0.05
24 29 26 27 13.103692756390732 250.89 19.146511190720627 0.05
24 27 25 26 54.25139312579671 346.13 6.380112658073182 0.05
25 60 42 43 0.27083291947893734 266.33 983.3738103639666 0.05
25 58 41 42 0.22017136049504932 183.8 834.8043069122647 0.05
25 56 40 41 0.29590698049621755 220.18 744.0851839006024 0.05
25 54 39 40 0.2696418419968004 181.63 673.5972379322169 0.05
25 52 38 39 0.33179298093827087 192.08 578.9152002457097 0.05
25 50 37 38 0.5001650913779754 232.14 464.1267533494686 0.05
25 48 36 37 0.5184831924754252 206.23 397.75638437840934 0.05
25 46 35 36 0.9005190057562239 326.53 362.6020083005263 0.05
25 44 34 35 0.48332440825047185 148.2 306.62635172192404 0.05
25 42 33 34 0.5020827865932256 113.84 226.7355166115866 0.05
25 40 32 33 0.7153702213426685 113.41 158.5332973283992 0.05
25 38 31 32 0.8814601025410982 117.28 133.05196646099114 0.05
25 36 30 31 1.1363178050396952 111.13 97.79834436028914 0.05
25 34 29 30 3.085734064162224 189.53 61.421365567825546 0.05
25 32 28 29 4.462071286304013 165.05 36.98954799458457 0.05
25 30 27 28 9.964511015990167 195.07 19.576474920542402 0.05
25 28 26 27 52.14017891166174 325.07 6.234539404836879 0.05
26 61 43 44 0.2551659327912936 244.74 959.1405769679244 0.05
26 59 42 43 0.3403088353600496 298.41 876.8799660587118 0.05
26 57 41 42 0.22747399387244946 166.99 734.105895611239 0.05
26 55 40 41 0.34467671020965884 224.74 652.0312900262275 0.05
26 53 39 40 0.2928734241187856 171.21 584.5870123420946 0.05
26 51 38 39 0.37716417631850485 186.57 494.6652193246655 0.05
26 49 37 38 0.6066917993027479 239.33 394.4836575590021 0.05
26 47 36 37 0.6298370298447971 209.96 333.3560747479993 0.05
26 45 35 36 1.008108239853549 300.68 298.2616232198248 0.05
26 43 34 35 0.7656248679526083 187.79 245.27677699677864 0.05
26 41 33 34 0.6757462845690807 118.82 175.83522501462332 0.05
26 39 32 33 0.9828403666062266 117.36 119.40901491993775 0.05
26 37 31 32 1.2915090899468746 121.98 94.44765116211266 0.05
26 35 30 31 1.8071311865025117 118.83 65.75615588261823 0.05
26 33 29 30 5.116611324881908 187.85 36.71375214421541 0.05
26 31 28 29 9.697789467181885 179.49 18.50834157695513 0.05
26 29 27 28 48.28461799981196 308.03 6.379464366917008 0.05
27 62 44 45 0.24573459875063638 242.63 987.3660495248907 0.05
27 60 43 44 0.2437724900445242 208.59 855.6748957271666 0.05
27 58 42 43 0.29151969962840324 226.25 776.1053551042974 0.05
27 56 41 42 0.26931236609061343 172.71 641.2999243484038 0.05
27 54 40 41 0.38407363352433554 217.41 566.0633301093931 0.05
27 52 39 40 0.34181755245859885 171.49 501.70039182166045 0.05
27 50 38 39 0.5480835915410828 228.8 417.45456994373427 0.05
27 48 37 38 0.8639448710585483 287.0 332.19712230984516 0.05
27 46 36 37 0.799351089794181 219.29 274.33502349569994 0.05
27 44 35 36 1.2495266191846968 299.51 239.69877504124497 0.05
27 42 34 35 0.9631860128019001 184.74 191.80095801286907 0.05
27 40 33 34 0.9653359100237627 127.67 132.2544812373729 0.05
27 38 32 33 1.4625560714280572 125.66 85.91807347071766 0.05
27 36 31 32 2.0232152091777937 127.15 62.8455141218872 0.05
27 34 30 31 3.269942024767836 131.8 40.306525009218696 0.05
27 32 29 30 11.844084135706623 211.1 17.82324387274421 0.05
27 30 28 29 36.30862421090282 228.33 6.28858859189263 0.05
28 61 44 45 0.2687432954218847 237.44 883.5197158212136 0.05
28 59 43 44 0.20700961355291095 157.09 758.8536459918965 0.05
28 57 42 43 0.27617937678373244 187.22 677.8927600615386 0.05
28 55 41 42 0.3205035613573446 178.78 557.8097143222371 0.05
28 53 40 41 0.44883901685592065 218.59 487.0120283463868 0.05
28 51 39 40 0.46810426355141 198.53 424.11491511270174 0.05
28 49 38 39 0.7380361429093856 258.71 350.53838824227313 0.05
28 47 37 38 1.0646873737009628 292.12 274.3716204547076 0.05
28 45 36 37 0.9957220267933115 220.66 221.60803322853863 0.05
28 43 35 36 1.6488350924725774 308.73 187.24128410988115 0.05
28 41 34 35 1.3093783314649026 188.67 144.0912801641679 0.05
28 39 33 34 1.3779130910997819 131.6 95.50674919197074 0.05
28 37 32 33 2.3538813777364034 134.71 57.22888216633207 0.05
28 35 31 32 3.6386767381248153 139.91 38.45079133688098 0.05
28 33 30 31 7.161425221182988 145.96 20.38141787311563 0.05
28 31 29 30 35.378524927316626 214.98 6.076567647793836 0.05
29 62 45 46 0.1953533724337605 177.22 907.1765580094652 0.05
29 60 44 45 0.25715804542841575 200.78 780.764994793408 0.05
29 58 43 44 0.2918977287243848 193.98 664.5478224435226 0.05
29 56 42 43 0.2773139815925464 162.22 584.9687025097336 0.05
29 54 41 42 0.36895911432640427 176.25 477.69520566465326 0.05
29 52 40 41 0.5175289032861494 212.93 411.43595777542083 0.05
29 50 39 40 0.619051641730352 217.47 351.2954095269585 0.05
29 48 38 39 0.9234387561128489 267.01 289.1474916257143 0.05
29 46 37 38 1.2862753922610806 283.12 220.108385578548 0.05
29 44 36 37 1.2775218077940873 220.46 172.56848271002983 0.05
29 42 35 36 2.0558541368008885 289.26 140.70064350485345 0.05
29 40 34 35 1.9127624317010545 196.57 102.76759765988645 0.05
29 38 33 34 2.169841800921092 138.55 63.85258129933062 0.05
29 36 32 33 4.099622021870186 139.25 33.96654600281327 0.05
29 34 31 32 8.027267740189194 157.68 19.643047311174357 0.05
29 32 30 31 30.714277371343634 199.55 6.496978508964688 0.05
30 63 46 47 0.2288572468577295 204.81 894.9246869482852 0.05
30 61 45 46 0.217070045468037 174.0 801.5845743470904 0.05
30 59 44 45 0.3133345301566432 213.94 682.7846260450339 0.05
30 57 43 44 0.39109789622487245 223.4 571.2124819805987 0.05
30 55 42 43 0.32306627891117207 161.53 499.99028231731086 0.05
30 53 41 42 0.4114957907987331 165.8 402.9202818288232 0.05
30 51 40 41 0.7440684012858452 252.87 339.8477875999147 0.05
30 49 39 40 0.8788254070097572 252.58 287.4063471371575 0.05
30 47 38 39 1.1645444781098018 269.67 231.56693889245642 0.05
30 45 37 38 1.6303564882802477 279.27 171.29382561882704 0.05
30 43 36 37 1.7690220880960905 227.46 128.57951380629947 0.05
30 41 35 36 2.8407383402837585 282.32 99.38261331446645 0.05
30 39 34 35 2.9214658792603556 199.61 68.32528882744865 0.05
30 37 33 34 3.9490669684468545 148.15 37.51519059659466 0.05
30 35 32 33 9.619155633470616 163.17 16.963027340179114 0.05
30 33 31 32 28.070409263223333 181.17 6.454127487102986 0.05
31 64 47 48 0.25887246480505893 237.03 915.6246114413631 0.05
31 62 46 47 0.2598830876822332 205.89 792.240856595285 0.05
31 60 45 46 0.25761029668482294 181.4 704.1644000043076 0.05
31 58 44 45 0.3413082373652713 202.67 593.8034240383734 0.05
31 56 43 44 0.45249527753628 221.14 488.71228270944664 0.05
31 54 42 43 0.3533214611652335 149.8 423.97650996338683 0.05
31 52 41 42 0.4713510640366974 158.54 336.3522692454487 0.05
31 50 40 41 0.9409830127680919 260.92 277.28449553244434 0.05
31 48 39 40 1.0433205814880964 243.13 233.03479708338713 0.05
31 46 38 39 1.4153385604487705 257.06 181.62438810293725 0.05
31 44 37 38 2.0661546602743495 267.53 129.48207854124368 0.05
31 42 36 37 2.2786893291171433 211.41 92.7770176033206 0.05
31 40 35 36 4.326082463339946 288.86 66.7717276422387 0.05
31 38 34 35 4.930580065768166 205.29 41.63607471365878 0.05
31 36 33 34 8.266076394603584 155.38 18.79730994277262 0.05
31 34 32 33 37.86758536723462 227.02 5.995101028977459 0.05
32 67 49 50 0.37143901442125044 370.4 997.2027321285316 0.05
32 65 48 49 0.2622230334675086 247.76 944.8445345313243 0.05
32 63 47 48 0.2984744050008377 241.4 808.7795668754997 0.05
32 61 46 47 0.2883488449957904 200.54 695.4770358207181 0.05
32 59 45 46 0.28559991956094005 174.53 611.0996118917308 0.05
32 57 44 45 0.3774246761264286 190.81 505.557829335152 0.05
32 55 43 44 0.5101349542025497 210.8 413.2239876201496 0.05
32 53 42 43 0.39460237151914995 139.29 352.98824855957633 0.05
32 51 41 42 0.6554477067948843 179.13 273.2941135394908 0.05
32 49 40 41 1.3963930342650357 310.72 222.51614865978007 0.05
32 47 39 40 1.3222269209576385 240.8 182.11699987593488 0.05
32 45 38 39 1.7999468432833468 246.42 136.90404298301195 0.05
32 43 37 38 2.940385136142182 271.28 92.26002290159933 0.05
32 41 36 37 3.3812088988697444 207.52 61.37449835452902 0.05
32 39 35 36 7.207172784768066 289.62 40.18496692796026 0.05
32 37 34 35 11.307306001441374 231.43 20.467297866573965 0.05
32 35 33 34 36.83135421850308 234.63 6.3703875401390535 0.05
33 70 51 52 0.3179016070803157 316.94 996.9751424374751 0.05
33 68 50 51 0.3123575056936926 279.49 894.7760015540543 0.05
33 66 49 50 0.43285708784326216 382.71 884.1486272221549 0.05
33 64 48 49 0.2689724591654205 223.76 831.906733850344 0.05
33 62 47 48 0.3276120774378876 230.17 702.5687264036785 0.05
33 60 46 47 0.32947120777896505 197.15 598.3830918914881 0.05
33 58 45 46 0.32282969336863343 167.66 519.3450399513035 0.05
33 56 44 45 0.42911322374135324 180.83 421.40393256441513 0.05
33 54 43 44 0.5779490001010575 196.68 340.3068436239347 0.05
33 52 42 43 0.47015805330921223 133.95 284.9041913824331 0.05
33 50 41 42 0.9158812925723958 196.25 214.27449342130484 0.05
33 48 40 41 1.697365679752885 292.52 172.33764267142905 0.05
33 46 39 40 1.7331120397542463 233.77 134.88452831540445 0.05
33 44 38 39 2.6005122614293064 250.11 96.17720466448918 0.05
33 42 37 38 4.23669720453278 255.67 60.346535911620585 0.05
33 40 36 37 6.682899953217819 238.84 35.73897584461046 0.05
33 38 35 36 16.102557738456024 313.81 19.488208339136147 0.05
33 36 34 35 43.361256204085436 277.04 6.389113790801515 0.05
34 69 51 52 0.3439373231619639 308.0 895.5119995946452 0.05
34 67 50 51 0.33384460789358966 266.21 797.4069183853715 0.05
34 65 49 50 0.4839478483526554 378.63 782.3776906723434 0.05
34 63 48 49 0.2962435792362668 215.79 728.4208506942806 0.05
34 61 47 48 0.36092636363475533 220.44 610.7617015837542 0.05
34 59 46 47 0.3606893595376619 185.2 513.4612239113254 0.05
34 57 45 46 0.3626593343975206 158.18 436.16690650685047 0.05
34 55 44 45 0.4991395199529866 175.11 350.8237536801202 0.05
34 53 43 44 0.6450978597828816 179.41 278.1128433140104 0.05
34 51 42 43 0.7269262761134736 164.41 226.17149139115108 0.05
34 49 41 42 1.3822570085945105 231.16 167.23373335255883 0.05
34 47 40 41 2.302371733445088 299.23 129.96598058136152 0.05
34 45 39 40 2.4190499356442206 234.5 96.93888354460529 0.05
34 43 38 39 4.388527372775272 280.71 63.96450931157826 0.05
34 41 37 38 7.395264298759821 265.2 35.8607872939002 0.05
34 39 36 37 15.032749740219751 269.36 17.918212213653366 0.05
34 37 35 36 58.06448280210198 368.23 6.341742528819525 0.05
35 70 52 53 0.09936668831276613 92.33 929.1846348887317 0.05
35 68 51 52 0.3756530009651192 301.17 801.7239293343613 0.05
35 66 50 51 0.36963474269524943 262.24 709.4571199877915 0.05
35 64 49 50 0.5454954355142495 377.03 691.1698530429795 0.05
35 62 48 49 0.3105950171581088 197.05 634.4274348087544 0.05
35 60 47 48 0.42294973513956485 222.72 526.5873967896135 0.05
35 58 46 47 0.41372877634143707 180.75 436.8804161952536 0.05
35 56 45 46 0.43946871286302236 159.67 363.3250680345188 0.05
35 54 44 45 0.5974109717192568 172.23 288.2940022081425 0.05
35 52 43 44 0.8627720699936944 192.73 223.38460724790102 0.05
35 50 42 43 1.056034265882204 185.49 175.64770954192753 0.05
35 48 41 42 1.945039212719173 248.72 127.87402864350915 0.05
35 46 40 41 3.3089028566731478 311.44 94.121832368669 0.05
35 44 39 40 4.0729290339606505 266.87 65.52287009540326 0.05
35 42 38 39 7.841138563453821 306.33 39.06703057483905 0.05
35 40 37 38 18.4968572847595 336.77 18.206876704264886 0.05
35 38 36 37 57.96107212490294 358.34 6.182425322081635 0.05
36 71 53 54 0.07595329541242488 71.8 945.317772061468 0.05
36 69 52 53 0.11664345258612233 96.96 831.2511148314194 0.05
36 67 51 52 0.43329131642536617 308.12 711.115105056746 0.05
36 65 50 51 0.4324184687784802 269.99 624.3720365660671 0.05
36 63 49 50 0.6775922817315095 407.38 601.2170017034241 0.05
36 61 48 49 0.3596044631344249 196.81 547.2957656991866 0.05
36 59 47 48 0.539917456752087 241.68 447.6239784018908 0.05
36 57 46 47 0.5062247256235112 183.48 362.44772472148566 0.05
36 55 45 46 0.5856430960903823 174.59 298.1167218832125 0.05
36 53 44 45 0.7974077383263837 184.47 231.3371078981119 0.05
36 51 43 44 1.5429092961040294 266.97 173.03026216390091 0.05
36 49 42 43 1.9046828502848936 253.22 132.9460177383991 0.05
36 47 41 42 3.0579184855071273 282.79 92.4779392715244 0.05
36 45 40 41 5.612286861025791 357.33 63.66923303251977 0.05
36 43 39 40 8.61794050982137 340.86 39.552373285884435 0.05
36 41 38 39 19.086036572617903 373.07 19.54675076622409 0.05
36 39 37 38 63.226305521284814 395.25 6.25135371648342 0.05
37 70 53 54 0.08150717678148202 68.24 837.226888411914 0.05
37 68 52 53 0.13356426356209725 98.0 733.7291981132172 0.05
37 66 51 52 0.5014415378977457 312.36 622.9240627123648 0.05
37 64 50 51 0.49366902810232527 267.64 542.1446045112737 0.05
37 62 49 50 0.8470018479597647 434.89 513.4463414071071 0.05
37 60 48 49 0.39774696562809764 183.57 461.52457683773275 0.05
37 58 47 48 0.6335677267749146 235.28 371.3572993966391 0.05
37 56 46 47 0.6507431255261005 190.74 293.1110487656618 0.05
37 54 45 46 0.7434985515519492 175.98 236.6917859256973 0.05
37 52 44 45 1.1169791220744962 199.11 178.25758428698768 0.05
37 50 43 44 2.463714954729192 314.17 127.51881032216778 0.05
37 48 42 43 2.6980529271352087 257.24 95.34282942074725 0.05
37 46 41 42 4.75547608084141 291.41 61.27882782840944 0.05
37 44 40 41 10.51444473833315 397.31 37.787064356475504 0.05
37 42 39 40 18.737290538254893 366.86 19.579138149723526 0.05
38 71 54 55 0.20871871906645872 172.12 824.6505189848103 0.05
38 69 53 54 0.10005282717001679 74.02 739.8091797468153 0.05
38 67 52 53 0.15576642148685696 99.99 641.9226881220791 0.05
38 65 51 52 0.6093818997264131 329.01 539.9077329794529 0.05
38 63 50 51 0.560334100346911 259.69 463.45564162384926 0.05
38 61 49 50 0.9369474275230778 406.99 434.3786940916442 0.05
38 59 48 49 0.5567424171737541 213.55 383.57055868684256 0.05
38 57 47 48 0.7937796638746724 238.07 299.91950012666007 0.05
38 55 46 47 0.8632390431827502 201.28 233.16832294550008 0.05
38 53 45 46 0.9837294086313813 179.96 182.93648479043674 0.05
38 51 44 45 2.0164485478333978 265.44 131.63737814446387 0.05
38 49 43 44 4.354788867018288 395.82 90.89304030278208 0.05
38 47 42 43 4.359444133788622 276.85 63.50580291974072 0.05
38 45 41 42 8.442911736472942 310.06 36.72429721852437 0.05
38 41 39 40 61.05322059153368 387.24 6.342662946329469 0.05
39 70 54 55 0.23836150330955402 173.34 727.2147456415718 0.05
39 68 53 54 0.12316957647914366 80.05 649.9169867126635 0.05
39 66 52 53 0.1832610370547275 102.48 559.2023358974895 0.05
39 64 51 52 0.6839821884028957 318.59 465.7869830556704 0.05
39 62 50 51 0.6873654355976551 269.81 392.52773856079017 0.05
39 60 49 50 1.1529448071363673 418.06 362.60191937405807 0.05
39 58 48 49 0.7084504227586551 222.56 314.1504230223582 0.05
39 56 47 48 1.0306591360824047 245.76 238.4493489614307 0.05
39 54 46 47 1.140148524104441 206.52 181.13429578152238 0.05
39 52 45 46 1.4623949645973697 200.15 136.86453033917948 0.05
39 50 44 45 3.396319169072159 315.72 92.95946119405839 0.05
39 48 43 44 6.932123042900918 426.17 61.47755851454977 0.05
39 46 42 43 7.910048612893513 302.87 38.2892716368793 0.05
39 44 41 42 20.060103849692144 369.65 18.427122948601927 0.05
40 71 55 56 0.3672039268909873 270.45 736.5117314779945 0.05
40 69 54 55 0.2749248894049664 175.9 639.8111148856298 0.05
40 67 53 54 0.1305349322122454 73.83 565.5957278926296 0.05
40 65 52 53 0.21078925102761453 101.52 481.6184862609542 0.05
40 63 51 52 0.8041175608666997 317.68 395.06661147605814 0.05
40 61 50 51 0.8320460695428243 273.7 328.94813162255195 0.05
40 59 49 50 1.403594235691747 417.87 297.71424630712954 0.05
40 57 48 49 0.8925507868787093 222.71 249.52081525671724 0.05
40 55 47 48 1.3506158974558637 250.84 185.7226769450173 0.05
40 53 46 47 1.5262312033509722 207.63 136.04098746253544 0.05
40 51 45 46 2.6846300763333555 260.19 96.91838078315999 0.05
40 49 44 45 6.432322275756595 401.6 62.434682651649666 0.05
40 47 43 44 11.97684603492222 446.58 37.28694505196586 0.05
40 45 42 43 17.22395480752484 335.68 19.489136133435938 0.05
41 70 55 56 0.40492219383332406 260.22 642.6419790344042 0.05
41 68 54 55 0.30514406721911486 169.53 555.5736395106301 0.05
41 66 53 54 0.1689980579010997 82.18 486.277777512053 0.05
41 64 52 53 0.25296844151589043 103.54 409.30006675752105 0.05
41 62 51 52 0.9971571320424671 327.7 328.6342638183566 0.05
41 60 50 51 1.065217006839579 286.33 268.7996888535606 0.05
41 58 49 50 1.8524631270203025 440.18 237.61876475675498 0.05
41 56 48 49 1.1721626823970062 225.08 192.0211275961492 0.05
41 54 47 48 1.8758279804225777 259.78 138.48817839974748 0.05
41 52 46 47 2.40708828353913 231.98 96.37369829199656 0.05
41 50 45 46 4.9508538688395065 313.19 63.259794834827666 0.05
41 48 44 45 11.138098282859408 420.41 37.745222687339314 0.05
42 71 56 57 0.427273250665322 257.31 602.2141559279306 0.05
42 69 55 56 0.48963910050470205 273.22 558.0028223203067 0.05
42 67 54 55 0.35541103446645456 169.27 476.2654605085891 0.05
42 65 53 54 0.1930882298784992 79.49 411.67708694630994 0.05
42 63 52 53 0.30973146156457654 105.38 340.23020931643106 0.05
42 61 51 52 1.203649044221563 323.87 269.0734492374035 0.05
42 59 50 51 1.3231480655178907 283.89 214.5564864570793 0.05
42 57 49 50 2.323937835470108 423.23 182.11760811337928 0.05
42 55 48 49 1.6593978357621666 237.52 143.13625996197973 0.05
42 53 47 48 2.5785866009195155 253.2 98.19332804634512 0.05
42 51 46 47 4.802787726204767 302.03 62.88639374005157 0.05
42 49 45 46 10.472609167682046 395.2 37.73653668080803 0.05
42 47 44 45 23.073173467350728 433.45 18.785885721933546 0.05
43 70 56 57 0.4470092096849464 233.03 521.3091698138397 0.05
43 68 55 56 0.5352106144786488 257.05 480.27821767024113 0.05
43 66 54 55 0.4125728027613995 167.2 405.26180805159777 0.05
43 64 53 54 0.2286072957874049 79.01 345.61451649152946 0.05
43 62 52 53 0.35925633109616956 100.12 278.6868075351992 0.05
43 60 51 52 1.4815348379607036 319.64 215.74922965697965 0.05
43 58 50 51 1.6276754278580825 272.05 167.14020212125493 0.05
43 56 49 50 3.089935466458013 419.03 135.6112464317364 0.05
43 54 48 49 2.115138400917186 215.88 102.06424312772539 0.05
43 52 47 48 4.002568665156264 260.81 65.16065602332839 0.05
43 50 46 47 9.06237377765843 334.67 36.92961780334703 0.05
43 48 45 46 19.907251054536705 381.59 19.16839240910857 0.05
44 71 57 58 0.3436841177077728 177.14 515.415146854759 0.05
44 69 56 57 0.5520666372997695 247.5 448.31544469079864 0.05
44 67 55 56 0.6222513064821314 253.27 407.0220461759254 0.05
44 65 54 55 0.4973781028696903 168.33 338.4346818422389 0.05
44 63 53 54 0.2850923761432383 80.54 282.5049238059403 0.05
44 61 52 53 0.4801000180943708 107.35 223.5992417290406 0.05
44 59 51 52 1.9661847969527002 329.98 167.82756153512167 0.05
44 57 50 51 2.3056651884757446 285.04 123.62592861474285 0.05
44 55 49 50 4.628376257183568 446.29 96.4247449215751 0.05
44 53 48 49 3.55921650217881 240.49 67.56824145223581 0.05
44 51 47 48 9.810450891403372 373.9 38.11241747590198 0.05
45 70 57 58 0.39764131910558825 175.45 441.22678295766246 0.05
45 68 56 57 0.6209964302371088 236.67 381.11330190679945 0.05
45 66 55 56 0.7594968592187786 259.26 341.35756699069935 0.05
45 64 54 55 0.5971317739941403 166.76 279.2683411980626 0.05
45 62 53 54 0.35879753307628875 81.24 226.42296144975575 0.05
45 60 52 53 0.6367425702215039 111.11 174.49752097044197 0.05
45 58 51 52 2.640098471225319 333.31 126.24907882519422 0.05
45 56 50 51 3.3010819529412014 289.42 87.67428501498797 0.05
45 54 49 50 7.064003404470721 453.29 64.16899512153665 0.05
45 52 48 49 6.510607194706963 262.34 40.294244784615316 0.05
45 50 47 48 22.698544343636005 419.68 18.489291368046064 0.05
45 48 46 47 73.03946868380156 451.97 6.188024203142053 0.05
46 71 58 59 0.4766859251677785 229.78 482.0364686016786 0.05
46 69 57 58 0.4632380246084233 174.32 376.30762316490166 0.05
46 67 56 57 0.7191897512000954 229.92 319.6930985408757 0.05
46 65 55 56 0.8841488122968869 248.89 281.5023857278288 0.05
46 63 54 55 0.738917621719353 165.95 224.5852516196036 0.05
46 61 53 54 0.46273811799286946 82.36 177.98404064319837 0.05
46 59 52 53 0.8447896809158157 111.54 132.03286275831664 0.05
46 57 51 52 3.629165688651097 325.29 89.63217111228259 0.05
46 55 50 51 4.930341154109463 289.78 58.77483746910028 0.05
46 53 49 50 11.480772575353875 443.82 38.65767718043313 0.05
46 51 48 49 16.452303257414012 326.21 19.827618959855833 0.05
47 70 58 59 0.5364190854802472 218.67 407.64768800914 0.05
47 68 57 58 0.5311471210067814 167.59 315.52463220046394 0.05
47 66 56 57 0.8734948382380784 230.41 263.7794637284391 0.05
47 64 55 56 1.0618572186363433 241.83 227.74248341087002 0.05
47 62 54 55 0.9462857408623391 165.99 175.41213275467436 0.05
47 60 53 54 0.668571540043269 89.82 134.34613144643723 0.05
47 58 52 53 1.219182371571692 115.75 94.94067721040166 0.05
47 56 51 52 5.535676648486234 329.07 59.445307393448694 0.05
47 54 50 51 8.201399384766445 289.38 35.28422241422655 0.05
47 50 48 49 51.93327721020775 330.28 6.359698785484729 0.05
48 71 59 60 0.5055101845535688 210.97 417.34075088183226 0.05
48 69 58 59 0.6543618788173612 224.34 342.8378199620267 0.05
48 67 57 58 0.6180014577736948 160.82 260.2259233810586 0.05
48 65 56 57 1.0521883081596386 224.24 213.11774542735006 0.05
48 63 55 56 1.34775921418752 240.5 178.4443374367746 0.05
48 61 54 55 1.2707476755689406 169.56 133.4332560742906 0.05
48 59 53 54 0.9707068235658506 94.37 97.2178187161967 0.05
48 57 52 53 1.9488875112013018 122.84 63.03083133016793 0.05
48 55 51 52 9.52592096831826 343.41 36.050057641894 0.05
48 53 50 51 16.2842471517772 290.45 17.836255940656205 0.05
49 70 59 60 0.5638402173014061 196.81 349.05278829160454 0.05
49 68 58 59 0.7398578103253008 209.96 283.78425836673233 0.05
49 66 57 58 0.7535298707273766 159.26 211.3519399652565 0.05
49 64 56 57 1.25749161209465 212.59 169.0587817487554 0.05
49 62 55 56 1.7177963672193473 232.98 135.62725154503167 0.05
49 60 54 55 1.8352791401331965 178.05 97.01521480109992 0.05
49 58 53 54 1.5831953770892397 104.76 66.16997593348519 0.05
49 56 52 53 3.142301883881844 119.97 38.17901794075718 0.05
49 54 51 52 16.458875058368005 304.08 18.47513872738222 0.05
49 52 50 51 44.03149641566759 271.39 6.163542511433523 0.05
50 71 60 61 0.7022547965883205 244.14 347.65159481441185 0.05
50 69 59 60 0.7424448731566573 213.71 287.84628694567976 0.05
50 67 58 59 0.9309205695373551 212.71 228.4942528509298 0.05
50 65 57 58 0.9621750016321162 159.54 165.8118322855778 0.05
50 63 56 57 1.7238183700105856 219.87 127.54824047886775 0.05
50 61 55 56 2.4653824513684395 242.25 98.26061667046275 0.05
50 59 54 55 2.975734400938162 195.0 65.53004190781348 0.05
50 57 53 54 3.06624766869548 120.76 39.38364184761916 0.05
50 55 52 53 8.037762872537215 155.54 19.35115559721681 0.05
50 53 51 52 56.871487745593164 359.18 6.315642762973648 0.05
51 70 60 61 0.8505147569332305 239.45 281.5353855392282 0.05
51 68 59 60 0.8819611861266513 202.53 229.63595585136815 0.05
51 66 58 59 1.1882137108172794 211.06 177.62797893893037 0.05
51 64 57 58 1.2256465334769375 152.84 124.70153166135147 0.05
51 62 56 57 2.326886254582793 210.45 90.4427535233059 0.05
51 60 55 56 3.77668598646188 245.92 65.11528914014525 0.05
51 58 54 55 5.494050245249351 214.44 39.03131395374916 0.05
51 56 53 54 7.120956439944908 136.51 19.17017765117183 0.05
51 54 52 53 22.935462435415452 145.53 6.345195803651293 0.05
52 71 61 62 0.5801423517771246 169.48 292.13519661310596 0.05
52 69 60 61 1.0667030428315913 240.17 225.15169672945 0.05
52 67 59 60 1.0761232775579213 191.68 178.12085659459495 0.05
52 65 58 59 1.5232154792708943 202.66 133.04749246443168 0.05
52 63 57 58 1.638115090343092 145.04 88.54078743003481 0.05
52 61 56 57 3.389007723450798 204.69 60.39820994906969 0.05
52 59 55 56 6.366209754517255 248.23 38.99180353331337 0.05
52 57 54 55 11.162265220590042 211.02 18.904764922692404 0.05
52 55 53 54 35.24738013987638 223.2 6.332385530903257 0.05
53 70 61 62 0.6827039554736263 158.5 232.1650529914398 0.05
53 68 60 61 1.2258812465012496 215.14 175.49823901297498 0.05
53 66 59 60 1.3925488064615346 187.08 134.3435857557985 0.05
53 64 58 59 1.9107879791256608 183.55 96.05984651629895 0.05
53 62 57 58 2.256558826226624 133.24 59.045657685246994 0.05
53 60 56 57 5.4418846195714154 197.96 36.377103492427715 0.05
53 58 55 56 13.40459550381968 263.49 19.65669161183698 0.05
53 56 54 55 35.18896256629382 218.15 6.199387083066713 0.05
54 71 62 63 0.6417508196515652 142.18 221.55016502697384 0.05
54 69 61 62 0.8601730930528754 156.16 181.54485563570256 0.05
54 67 60 61 1.5519259751331431 204.97 132.0745984565502 0.05
54 65 59 60 1.8455686683483772 178.16 96.53393182028694 0.05
54 63 58 59 2.9780128372980283 191.0 64.1367282262274 0.05
54 61 57 58 3.9547522615495168 141.94 35.89099660679789 0.05
54 59 56 57 13.316434772128304 245.75 18.454639263833748 0.05
54 57 55 56 55.46147109860829 358.03 6.455472473195615 0.05
55 70 62 63 0.8945100992229589 152.91 170.94273181804155 0.05
55 68 61 62 1.2082174858560453 164.81 136.40756066630584 0.05
55 66 60 61 2.447143915473846 232.17 94.87386439838556 0.05
55 64 59 60 3.195669631406761 208.09 65.11624291663622 0.05
55 62 58 59 6.541739286063701 251.51 38.44696173322106 0.05
55 60 57 58 11.478341352666813 206.97 18.031350840765313 0.05
55 58 56 57 61.72996969838693 386.72 6.2647041929473914 0.05
56 71 63 64 1.0526636864036463 183.92 174.7186707165231 0.05
56 69 62 63 1.3693941853740872 176.49 128.8818091131203 0.05
56 67 61 62 1.853501316762281 181.13 97.72315690414514 0.05
56 65 60 61 4.044126692006138 257.21 63.600875934084016 0.05
56 63 59 60 6.436910928613741 251.48 39.06842937380197 0.05
56 61 58 59 16.784135957411085 328.51 19.57264888902103 0.05
56 59 57 58 48.44818043569407 299.82 6.188467705158818 0.05
57 70 63 64 1.5664638049452535 201.64 128.7230508380927 0.05
57 68 62 63 2.017970254828391 184.23 91.29470543938567 0.05
57 66 61 62 3.0811681164439126 199.5 64.74817097297831 0.05
57 64 60 61 7.207995806004538 274.59 38.09519419687452 0.05
57 62 59 60 16.271669204928752 311.61 19.150463057939508 0.05
57 60 58 59 70.8255993618692 455.29 6.428325409203911 0.05
58 71 64 65 1.3951665587915059 190.07 136.23463005351758 0.05
58 69 63 64 2.3252628282893832 212.19 91.25420035037543 0.05
58 67 62 63 2.9673758611503214 178.22 60.05979974876251 0.05
58 65 61 62 4.869387425836878 186.42 38.284076352368054 0.05
58 63 60 61 14.891709623529085 275.91 18.52775852975664 0.05
58 61 59 60 55.470575948520924 349.69 6.30406290218669 0.05
59 70 64 65 2.1463779085646575 206.74 96.3204099217797 0.05
59 68 63 64 3.7038548860562264 225.6 60.909513720234685 0.05
59 66 62 63 5.8779227222962005 212.87 36.215174995843206 0.05
59 64 61 62 11.321811815510504 220.2 19.44918389284066 0.05
59 62 60 61 66.67973755353253 409.54 6.141895799622918 0.05
60 71 65 66 1.9433553467809477 183.58 94.46548224136637 0.05
60 69 64 65 3.605575931963366 232.9 64.59439612277907 0.05
60 67 63 64 6.894859681130047 252.09 36.562020354079664 0.05
60 65 62 63 13.563410891415488 246.2 18.15177627301877 0.05
60 63 61 62 42.81879007654145 276.11 6.448337272175018 0.05
61 70 65 66 3.313762896301042 205.73 62.08350037042308 0.05
61 68 64 65 6.3736226036465515 246.43 38.664040111036634 0.05
61 66 63 64 17.425106009861988 319.14 18.31495313826947 0.05
61 64 62 63 51.923768794499864 319.84 6.159799402578799 0.05
62 71 66 67 3.487298390608231 223.74 64.15854766043601 0.05
62 69 65 66 5.695449598160348 214.49 37.659889057622614 0.05
62 67 64 65 12.641110281346473 246.18 19.474555202897736 0.05
62 65 63 64 47.4911422812391 294.25 6.195892241493642 0.05
63 70 66 67 6.25126811938132 234.52 37.51558812089636 0.05
63 68 65 66 11.315920362206374 209.97 18.555273745233404 0.05
63 66 64 65 51.57151675082746 331.56 6.429130281390844 0.05
64 71 67 68 5.4842611477705825 204.2 37.23382138412751 0.05
64 69 66 67 16.60885468714147 312.21 18.797804296626914 0.05
64 67 65 66 49.821077247403636 305.44 6.130738572416509 0.05
65 70 67 68 14.037072756896094 258.35 18.404834431956516 0.05
65 68 66 67 53.358412721394664 338.3 6.340143620208455 0.05
66 71 68 69 12.858297536311325 244.53 19.017292087809988 0.05
66 69 67 68 45.457902901255146 281.93 6.202001896401067 0.05
67 70 68 69 45.80335523323766 285.15 6.225526460844904 0.05
68 71 69 70 58.299692248593416 380.84 6.532453008089222 0.05
