72
# x y z
15.13128706574	1614.4322151815	0
15.971914125263	1614.2223597935	0
17.092750204309	1614.0017802685	0
17.933377262895	1613.8896490494	0
19.054213341941	1613.6670607182	0
19.894840401464	1613.4890675174	0
21.01567648051	1613.2017060473	0
22.136512559555	1613.0209612165	0
22.977139618163	1612.7762637796	0
24.097975697208	1612.4799979074	0
24.938602756711	1612.3119116761	0
26.059438835756	1612.055852216	0
26.900065894364	1611.8402833868	0
28.020901973409	1611.4934130982	0
28.861529032912	1611.2661169525	0
29.982365111957	1610.938700817	0
31.103201191003	1610.6332943565	0
31.94382824961	1610.4235491072	0
33.064664328656	1610.025215627	0
33.905291388159	1609.6969226656	0
35.026127467204	1609.2666673397	0
35.866754526728	1608.9762645137	0
36.987590604857	1608.6083213405	0
38.108426683902	1608.2751712656	0
38.949053743405	1607.9811684363	0
40.069889822451	1607.5638687784	0
40.910516881974	1607.2027089205	0
42.031352960103	1606.7101178852	0
42.871980019606	1606.3922779973	0
43.992816098652	1605.8915568952	0
45.113652177718	1605.5176081071	0
45.954279237221	1605.2111308544	0
47.07511531535	1605.2233758221	0
47.915742374874	1605.5083182198	0
49.036578453919	1606.2518439042	0
49.877205513422	1606.6963135379	0
50.998041592467	1607.2384204533	0
52.118877670596	1608.0306414839	0
52.95950473012	1608.5066496196	0
54.080340809166	1609.1449644619	0
54.920967868668	1609.556053831	0
56.041803947714	1610.221126547	0
56.882431006321	1610.673374109	0
58.003267085367	1611.3347461671	0
59.124103164412	1612.0321219308	0
59.964730223915	1612.5118527521	0
61.08556630296	1613.134070834	0
61.926193361568	1613.5942860079	0
63.047029440613	1614.1662248883	0
63.887656500116	1614.5491071429	0
65.008492579161	1615.2045999399	0
66.129328658207	1615.7979721032	0
66.969955716814	1616.2599283853	0
68.09079179586	1616.7639206046	0
68.931418855383	1617.1658761161	0
70.052254934429	1617.656704016	0
70.892881993015	1617.9844444484	0
72.013718072061	1618.4954093607	0
73.134554151106	1618.9334193637	0
73.97518121063	1619.3646598186	0
75.096017289675	1619.7860661175	0
75.936644348262	1620.0922625165	0
77.057480427307	1620.5469704534	0
77.898107486831	1620.8283593505	0
79.018943565876	1621.1782520266	0
80.139779644922	1621.5498573094	0
80.980406703508	1621.9020610607	0
82.101242782554	1622.2538517925	0
82.941869842078	1622.5782048505	0
84.062705921123	1622.9506321957	0
84.903332980626	1623.1735509429	0
86.024169058755	1623.4939937733	0
1704
# g s err t valid 
2	1	1.00726304102322e-04	1.90109471052473e-03	1
3	1	2.20278446491258e-04	4.20037059228372e-03	1
4	1	3.09060956228278e-04	5.90733238717972e-03	1
5	1	4.28609709370384e-04	8.03105250962066e-03	1
6	1	5.18519746394298e-04	1.06538822023788e-02	1
7	1	6.39575382866085e-04	1.17154712985122e-02	1
8	1	7.43297859458526e-04	1.47626924074862e-02	1
9	1	7.71168869888924e-04	1.51228607000261e-02	1
10	1	8.25453550031590e-04	1.66961881468502e-02	1
11	1	8.63938605693806e-04	1.91432909327646e-02	1
12	1	9.15492673772163e-04	1.92278328491020e-02	1
13	1	9.45060353407055e-04	1.89858902949608e-02	1
14	1	9.74194411881746e-04	1.86744175140041e-02	1
15	1	1.00208745931331e-03	1.96958551679154e-02	1
16	1	1.02900505796595e-03	2.08055130176291e-02	1
17	1	1.06073805559110e-03	2.08983333986202e-02	1
18	1	1.09136838510753e-03	2.21046411436536e-02	1
19	1	1.11773432650496e-03	2.13675953766385e-02	1
20	1	1.14045540698988e-03	2.28283964883237e-02	1
21	1	1.17517248816461e-03	2.40050626749433e-02	1
22	1	1.19689335841690e-03	2.20430620598049e-02	1
23	1	1.22464203678014e-03	2.39876337683114e-02	1
24	1	1.26141564833985e-03	2.58377762099821e-02	1
25	1	1.28357826334244e-03	2.40880128740904e-02	1
26	1	1.31619917826487e-03	2.78039269981540e-02	1
27	1	1.33284545552965e-03	2.77613084301828e-02	1
28	1	1.35997810276688e-03	2.68432470656599e-02	1
29	1	1.37892394694338e-03	2.70663121927482e-02	1
30	1	1.40569512340656e-03	2.94546623350613e-02	1
31	1	1.43085168495087e-03	3.00288372585284e-02	1
32	1	1.43976185850215e-03	2.62263376896216e-02	1
33	1	1.47334841214512e-03	2.75284398446629e-02	1
34	1	1.50085565378174e-03	3.38754236675543e-02	1
35	1	1.55332341324400e-03	2.95234497448396e-02	1
36	1	1.58346969927165e-03	3.25033426636184e-02	1
37	1	1.62477731472330e-03	3.17768973470188e-02	1
38	1	1.66829780463662e-03	3.42637936999907e-02	1
39	1	1.69867353076185e-03	3.23721792145776e-02	1
40	1	1.73919697666651e-03	3.52753615350227e-02	1
41	1	1.76319211990476e-03	3.40778678858713e-02	1
42	1	1.80463627055244e-03	3.28631188838062e-02	1
43	1	1.83216188224043e-03	4.02886604538847e-02	1
44	1	1.87921928436057e-03	3.64037035932821e-02	1
45	1	1.92075371382464e-03	4.16203195729860e-02	1
46	1	1.94657096787455e-03	4.30531547310097e-02	1
47	1	1.99061859652602e-03	3.85794315355523e-02	1
48	1	2.02109429157033e-03	3.91867305963536e-02	1
49	1	2.05318048973995e-03	4.48141442885008e-02	1
50	1	2.07266790469049e-03	4.14213230184948e-02	1
51	1	2.10907667209472e-03	4.68147915816015e-02	1
52	1	2.15004233033867e-03	3.96117079571638e-02	1
53	1	2.17954822065856e-03	4.54315591054420e-02	1
54	1	2.21306109285489e-03	4.23101339373645e-02	1
55	1	2.24241541000460e-03	4.70715187551694e-02	1
56	1	2.27233892446279e-03	4.60010515834518e-02	1
57	1	2.29543301688527e-03	4.66018579167692e-02	1
58	1	2.32975525068407e-03	4.93766854070641e-02	1
59	1	2.36254545970794e-03	4.25814593423486e-02	1
60	1	2.39178731439709e-03	4.92927342811459e-02	1
61	1	2.42128875680341e-03	4.95125752912522e-02	1
62	1	2.44669730672214e-03	4.98604212162545e-02	1
63	1	2.46801219403065e-03	4.72261082268148e-02	1
64	1	2.49294512195103e-03	4.89388130540829e-02	1
65	1	2.51234921120340e-03	4.65089867706635e-02	1
66	1	2.52195565156286e-03	5.07444763213105e-02	1
67	1	2.54505292227696e-03	4.93459196322905e-02	1
68	1	2.56213377547628e-03	5.34324026084081e-02	1
69	1	2.57896789829425e-03	5.06315598222781e-02	1
70	1	2.59814508458529e-03	4.99495077595337e-02	1
71	1	2.61175141030168e-03	5.62048906306594e-02	1
72	1	2.62180082936718e-03	5.09207080556352e-02	1
1	4	3.09060956228278e-04	5.70504893665356e-03	1
2	4	2.18334652125956e-04	4.33386930511787e-03	1
3	4	9.87825097370198e-05	1.70113056525093e-03	1
5	4	1.29548753142106e-04	2.43924896540096e-03	1
6	4	2.19458790166020e-04	3.80062391954822e-03	1
7	4	3.40514426637807e-04	6.30225659060769e-03	1
8	4	4.59322921849874e-04	9.04478381844492e-03	1
9	4	5.51082690689088e-04	1.11175167922662e-02	1
10	4	6.57859042133695e-04	1.20279280172931e-02	1
11	4	7.12059763925995e-04	1.46063461807058e-02	1
12	4	7.66543925795662e-04	1.55522333118276e-02	1
13	4	7.99007362283700e-04	1.50314194532117e-02	1
14	4	8.40137892604635e-04	1.68035703134734e-02	1
15	4	8.72580917958271e-04	1.65810260310642e-02	1
16	4	8.99498516610913e-04	1.74689579075946e-02	1
17	4	9.31231514236061e-04	1.86057011003758e-02	1
18	4	9.61861843752492e-04	2.03379288843293e-02	1
19	4	9.88227785149922e-04	2.01065381149164e-02	1
20	4	1.01182507910144e-03	1.97452476699295e-02	1
21	4	1.04786961582283e-03	1.93993789964375e-02	1
22	4	1.07178158479511e-03	2.06221650357344e-02	1
23	4	1.09987949906827e-03	2.23953163635373e-02	1
24	4	1.13665311062798e-03	2.30764596889258e-02	1
25	4	1.15989106216347e-03	2.33133557771371e-02	1
26	4	1.19613399479632e-03	2.38994494987777e-02	1
27	4	1.21295441767461e-03	2.39493320750588e-02	1
28	4	1.24146390582467e-03	2.48923712393877e-02	1
29	4	1.26375977506606e-03	2.61647163423365e-02	1
30	4	1.29232686925257e-03	2.38897681579603e-02	1
31	4	1.32516201458780e-03	2.46300571372002e-02	1
32	4	1.34748492194542e-03	2.90480987093251e-02	1
33	4	1.39432286083283e-03	2.76159075485362e-02	1
34	4	1.42304329975222e-03	2.94290550083347e-02	1
35	4	1.47689175750095e-03	3.21570134406087e-02	1
36	4	1.50703804352860e-03	2.84005056048670e-02	1
37	4	1.54835154510022e-03	2.97614892381623e-02	1
38	4	1.59187203501353e-03	3.21658791527022e-02	1
39	4	1.62224776113877e-03	3.15497606471009e-02	1
40	4	1.66277120704343e-03	3.38450380658973e-02	1
41	4	1.68676635028167e-03	3.60597057327341e-02	1
42	4	1.72821050092936e-03	3.23363647363397e-02	1
43	4	1.75573611261735e-03	3.52067091312370e-02	1
44	4	1.80279351473749e-03	4.12242785553017e-02	1
45	4	1.84432794420156e-03	3.46640981804996e-02	1
46	4	1.87014519825147e-03	3.64092686599641e-02	1
47	4	1.91419282690294e-03	3.96030901154719e-02	1
48	4	1.94466852194725e-03	4.01213026814705e-02	1
49	4	1.97675472011687e-03	3.85137077117584e-02	1
50	4	1.99624213506740e-03	4.03537865014618e-02	1
51	4	2.03265090247164e-03	4.02490630838799e-02	1
52	4	2.07361656071558e-03	3.68962170469212e-02	1
53	4	2.10312245103547e-03	3.95236335315639e-02	1
54	4	2.13663532323181e-03	3.94912582629785e-02	1
55	4	2.16598964038151e-03	4.98470238716409e-02	1
56	4	2.19591315483971e-03	4.46560197690781e-02	1
57	4	2.21900724726219e-03	4.54537534407415e-02	1
58	4	2.25332948106098e-03	4.15297889497358e-02	1
59	4	2.28625872670267e-03	4.58282654106680e-02	1
60	4	2.31550058139182e-03	4.65467967435885e-02	1
61	4	2.34500202379814e-03	4.30228271436378e-02	1
62	4	2.37041057371687e-03	4.47472860045052e-02	1
63	4	2.39172546102538e-03	4.66470034005445e-02	1
64	4	2.41665838894576e-03	4.40858261995097e-02	1
65	4	2.43678981850303e-03	4.94462232318752e-02	1
66	4	2.44650527692648e-03	5.14423316068619e-02	1
67	4	2.46960254764058e-03	4.74042028407270e-02	1
68	4	2.48680362179851e-03	5.16087681221643e-02	1
69	4	2.50363774461648e-03	5.05030652791791e-02	1
70	4	2.52281493090752e-03	5.06679446844074e-02	1
71	4	2.53642125662390e-03	5.10461145046334e-02	1
72	4	2.54880982450871e-03	4.93324184034809e-02	1
1	7	6.39575382866085e-04	1.28027443128464e-02	1
2	7	5.48849078763763e-04	1.16743196201284e-02	1
3	7	4.29296936374827e-04	8.26715451580892e-03	1
4	7	3.40514426637807e-04	6.34324365274870e-03	1
5	7	2.20965673495701e-04	4.34961007113996e-03	1
6	7	1.31055636471787e-04	2.52633065290782e-03	1
8	7	1.28808495212067e-04	2.51945027320208e-03	1
9	7	2.20568264051281e-04	4.38738107114484e-03	1
10	7	3.41763057116419e-04	6.53412126956183e-03	1
11	7	4.31322118146188e-04	8.05764530714814e-03	1
12	7	5.51227422259306e-04	1.16239326039444e-02	1
13	7	6.14831079378780e-04	1.29331986397027e-02	1
14	7	6.64130278944392e-04	1.30390388193134e-02	1
15	7	7.04847777451448e-04	1.43492462531058e-02	1
16	7	7.44115102965075e-04	1.48334533702403e-02	1
17	7	7.86469702825361e-04	1.56482744759236e-02	1
18	7	8.17100032341793e-04	1.74779213156461e-02	1
19	7	8.43465973739222e-04	1.70848922049076e-02	1
20	7	8.67063267690739e-04	1.62869398729523e-02	1
21	7	9.03130813592473e-04	1.69456913268026e-02	1
22	7	9.28569427251505e-04	1.74318260555296e-02	1
23	7	9.61877059765244e-04	1.78395702013015e-02	1
24	7	9.98650671324955e-04	2.05335183782006e-02	1
25	7	1.02188862286045e-03	1.92082079681559e-02	1
26	7	1.05813155549329e-03	2.18369755533336e-02	1
27	7	1.07787031595406e-03	2.17415354790644e-02	1
28	7	1.11083307351744e-03	1.93886435541969e-02	1
29	7	1.13312894275883e-03	2.06154711963968e-02	1
30	7	1.16568876546361e-03	2.41517558752583e-02	1
31	7	1.20021056977614e-03	2.20811825495997e-02	1
32	7	1.22269297055144e-03	2.52759234522774e-02	1
33	7	1.27364238045584e-03	2.43170953719481e-02	1
34	7	1.31260480755415e-03	2.38957126447030e-02	1
35	7	1.37681108477535e-03	2.60242062683575e-02	1
36	7	1.41500925643201e-03	2.62281974454127e-02	1
37	7	1.45856596279533e-03	2.88113014204622e-02	1
38	7	1.50208645270865e-03	3.31958842899356e-02	1
39	7	1.53246217883388e-03	3.00089830326511e-02	1
40	7	1.57298562473854e-03	3.21004605799493e-02	1
41	7	1.59698076797678e-03	3.17965754136800e-02	1
42	7	1.63842491862447e-03	3.43845503928317e-02	1
43	7	1.66595053031246e-03	3.37821982473050e-02	1
44	7	1.71300793243260e-03	3.41170525676823e-02	1
45	7	1.75454236189667e-03	3.27057432916130e-02	1
46	7	1.78035961594658e-03	3.36667590531746e-02	1
47	7	1.82440724459805e-03	3.30931327954690e-02	1
48	7	1.85488293964236e-03	3.64117695408069e-02	1
49	7	1.88696913781198e-03	3.60529696377460e-02	1
50	7	1.90645655276251e-03	4.05122095476422e-02	1
51	7	1.94286532016675e-03	3.82441580736919e-02	1
52	7	1.98383097841070e-03	4.21730687134104e-02	1
53	7	2.01333686873058e-03	3.84163798602459e-02	1
54	7	2.04684974092692e-03	3.94009538045859e-02	1
55	7	2.07620405807662e-03	4.55030052471465e-02	1
56	7	2.10612757253482e-03	4.45915166875622e-02	1
57	7	2.12922166495730e-03	4.21915873261560e-02	1
58	7	2.16354389875609e-03	4.40080559789665e-02	1
59	7	2.19647314439778e-03	4.19284353936577e-02	1
60	7	2.22571499908693e-03	4.78510523250251e-02	1
61	7	2.25521644149325e-03	4.87655533075226e-02	1
62	7	2.28062499141198e-03	4.54736306895650e-02	1
63	7	2.30193987872049e-03	4.23027947594382e-02	1
64	7	2.32687280664087e-03	4.59465104440281e-02	1
65	7	2.34700423619814e-03	4.81154269506699e-02	1
66	7	2.35671969462160e-03	4.47193054322131e-02	1
67	7	2.37981696533569e-03	4.60783207547926e-02	1
68	7	2.39763658313655e-03	4.72413683602653e-02	1
69	7	2.41470347027878e-03	4.64037253245096e-02	1
70	7	2.43403801492424e-03	5.04462165369473e-02	1
71	7	2.44764434064063e-03	4.95499926580866e-02	1
72	7	2.46145723869774e-03	5.12071033343145e-02	1
1	10	8.25453550031591e-04	1.58971477954425e-02	1
2	10	7.79846782612298e-04	1.52220974858853e-02	1
3	10	7.12464023135076e-04	1.37578670789732e-02	1
4	10	6.57859042133695e-04	1.26550619096991e-02	1
5	10	5.52728730612121e-04	1.04126602645199e-02	1
6	10	4.62818693588207e-04	9.12870680119869e-03	1
7	10	3.41763057116420e-04	6.22307988536590e-03	1
8	10	2.22954561904352e-04	4.21034655160146e-03	1
9	10	1.31194793065139e-04	2.41137804340327e-03	1
11	10	9.95590610297681e-05	1.75878231371517e-03	1
12	10	2.19464365142886e-04	4.38174151300571e-03	1
13	10	3.10046642509348e-04	5.83686464540314e-03	1
14	10	4.32395504337095e-04	8.60018864454702e-03	1
15	10	5.19501048389444e-04	9.68697435292545e-03	1
16	10	5.65052837895985e-04	1.14338946810303e-02	1
17	10	6.17361409587496e-04	1.20874407154141e-02	1
18	10	6.60523033563372e-04	1.27783469317157e-02	1
19	10	6.95060778974243e-04	1.41419432997573e-02	1
20	10	7.18658072925760e-04	1.35235843908383e-02	1
21	10	7.54725618827494e-04	1.48228578079740e-02	1
22	10	7.80164232486526e-04	1.55007976468762e-02	1
23	10	8.15678827045513e-04	1.49868813823989e-02	1
24	10	8.54923263127271e-04	1.61200067854970e-02	1
25	10	8.80182512184629e-04	1.72748397873943e-02	1
26	10	9.17607894755919e-04	1.90335418440283e-02	1
27	10	9.37515305330104e-04	1.69531656616955e-02	1
28	10	9.71435749440711e-04	1.83527098868065e-02	1
29	10	9.93762535365512e-04	1.94415101574408e-02	1
30	10	1.02688707892778e-03	2.05996914110817e-02	1
31	10	1.06333181582601e-03	2.07575154890551e-02	1
32	10	1.08977920578695e-03	2.14905040916732e-02	1
33	10	1.14134639994781e-03	2.35823676515193e-02	1
34	10	1.18108705952521e-03	2.25876157223804e-02	1
35	10	1.24559566271817e-03	2.38883935184045e-02	1
36	10	1.28442419123971e-03	2.62524139150705e-02	1
37	10	1.33977083942911e-03	2.64650563097923e-02	1
38	10	1.39625626827256e-03	2.54974223420995e-02	1
39	10	1.43739496334886e-03	2.98072437830578e-02	1
40	10	1.48167308936855e-03	2.94573194714235e-02	1
41	10	1.50869278289673e-03	2.85794130078445e-02	1
42	10	1.55033230516287e-03	3.08147227164308e-02	1
43	10	1.57785791685086e-03	3.05121730327866e-02	1
44	10	1.62491531897100e-03	3.18272309457791e-02	1
45	10	1.66644974843507e-03	3.23753573296964e-02	1
46	10	1.69226700248498e-03	3.44167867459007e-02	1
47	10	1.73631463113645e-03	3.48828317068185e-02	1
48	10	1.76679032618076e-03	3.44527050788322e-02	1
49	10	1.79887652435038e-03	3.43518547268812e-02	1
50	10	1.81836393930091e-03	3.56202359286932e-02	1
51	10	1.85477270670515e-03	3.66044299585219e-02	1
52	10	1.89573836494910e-03	3.67413358761061e-02	1
53	10	1.92524425526898e-03	3.84697350483350e-02	1
54	10	1.95875712746532e-03	3.90417223040162e-02	1
55	10	1.98811144461503e-03	3.92615307977942e-02	1
56	10	2.01803495907322e-03	3.80794296420740e-02	1
57	10	2.04112905149570e-03	3.72050816246742e-02	1
58	10	2.07545128529450e-03	4.23300043034268e-02	1
59	10	2.10838053093618e-03	3.65311096597468e-02	1
60	10	2.13762238562534e-03	4.12512077615463e-02	1
61	10	2.16712382803165e-03	4.36609351834506e-02	1
62	10	2.19253237795038e-03	4.29475174156157e-02	1
63	10	2.21384726525889e-03	4.26977461861992e-02	1
64	10	2.23878019317927e-03	4.31930300606549e-02	1
65	10	2.25891162273654e-03	4.54905099549983e-02	1
66	10	2.26862708116000e-03	4.07352320835761e-02	1
67	10	2.29172435187409e-03	4.43665654738813e-02	1
68	10	2.30954396967495e-03	4.86093225828860e-02	1
69	10	2.32661085681718e-03	4.97070802560760e-02	1
70	10	2.34594540146264e-03	4.92902320679844e-02	1
71	10	2.35955172717903e-03	4.96456982261634e-02	1
72	10	2.37358773229083e-03	4.79491441236281e-02	1
1	13	9.45060353407055e-04	1.87781039078280e-02	1
2	13	9.02763699176913e-04	1.74261452043626e-02	1
3	13	8.38098502412618e-04	1.67838550526110e-02	1
4	13	7.99007362283700e-04	1.62045367216463e-02	1
5	13	7.35309862698556e-04	1.44610738788485e-02	1
6	13	6.83426111386978e-04	1.26751132420961e-02	1
7	13	6.14831079378780e-04	1.25700218034087e-02	1
8	13	5.23001204413700e-04	9.74403306381305e-03	1
9	13	4.31241435574486e-04	8.98555907193588e-03	1
10	13	3.10046642509348e-04	6.33877788171107e-03	1
11	13	2.20487581479579e-04	4.70440890380998e-03	1
12	13	1.00582277366461e-04	1.68836115990785e-03	1
14	13	1.32348861827748e-04	2.49649466069657e-03	1
15	13	2.23007747281640e-04	4.37236515794250e-03	1
16	13	3.44581142752917e-04	6.73708246474541e-03	1
17	13	4.65488581592055e-04	9.02761803248129e-03	1
18	13	5.18758049377236e-04	1.07221064900534e-02	1
19	13	5.57157683265549e-04	1.12340321100438e-02	1
20	13	5.92591967481997e-04	1.19536215581362e-02	1
21	13	6.34921399903947e-04	1.22478477995795e-02	1
22	13	6.60360013562979e-04	1.34638733171358e-02	1
23	13	6.95874608121966e-04	1.28150001644622e-02	1
24	13	7.35119044203724e-04	1.44976171483212e-02	1
25	13	7.60578458708748e-04	1.54349956077731e-02	1
26	13	7.98031448230936e-04	1.56030280150111e-02	1
27	13	8.20452163662862e-04	1.72238118669294e-02	1
28	13	8.55527078081233e-04	1.66479450642735e-02	1
29	13	8.81025973492360e-04	1.88080817592890e-02	1
30	13	9.14529695408092e-04	1.75286394298009e-02	1
31	13	9.50974432306323e-04	1.85492220637971e-02	1
32	13	9.77421822267261e-04	1.96746459250156e-02	1
33	13	1.03164265335998e-03	1.96565620634535e-02	1
34	13	1.07139744495206e-03	2.11164950039125e-02	1
35	13	1.13678793409303e-03	2.42761260234217e-02	1
36	13	1.17561646261457e-03	2.49620408211307e-02	1
37	13	1.23096311080396e-03	2.44621895608971e-02	1
38	13	1.28744853964742e-03	2.68537286080731e-02	1
39	13	1.32858723472372e-03	2.88638559527502e-02	1
40	13	1.38475915545317e-03	2.75556871294855e-02	1
41	13	1.42410956648857e-03	2.60340168518218e-02	1
42	13	1.46810450968651e-03	2.83909268153404e-02	1
43	13	1.49812833179078e-03	3.14180658199791e-02	1
44	13	1.54518573391092e-03	3.18493742835387e-02	1
45	13	1.58954777303617e-03	3.10972179733496e-02	1
46	13	1.61536502708608e-03	3.06308220016906e-02	1
47	13	1.66244279830849e-03	3.30811700125618e-02	1
48	13	1.69684313587925e-03	3.41481117952916e-02	1
49	13	1.72971380460943e-03	3.52732767012636e-02	1
50	13	1.74920121955996e-03	3.45885302458566e-02	1
51	13	1.78612701503111e-03	3.28130686737386e-02	1
52	13	1.82709267327506e-03	3.58376209270224e-02	1
53	13	1.85659856359494e-03	3.63322435057088e-02	1
54	13	1.89011143579128e-03	3.70453859750719e-02	1
55	13	1.91946575294099e-03	3.73425525209669e-02	1
56	13	1.94938926739918e-03	3.91900621328567e-02	1
57	13	1.97248335982166e-03	4.18154880334543e-02	1
58	13	2.00680559362045e-03	3.80329968120713e-02	1
59	13	2.04029049925008e-03	3.73254434996700e-02	1
60	13	2.06953235393923e-03	4.09780151748990e-02	1
61	13	2.09903379634555e-03	4.16398737186735e-02	1
62	13	2.12444234626427e-03	4.40460661822178e-02	1
63	13	2.14575723357278e-03	4.28198083575822e-02	1
64	13	2.17069016149316e-03	4.27132340155088e-02	1
65	13	2.19082159105044e-03	4.65043421834992e-02	1
66	13	2.20061729170169e-03	3.91986531909602e-02	1
67	13	2.22371456241579e-03	4.39196905850395e-02	1
68	13	2.24153418021665e-03	4.63831366760382e-02	1
69	13	2.25860106735888e-03	4.74643922586059e-02	1
70	13	2.27793561200434e-03	4.68466886843778e-02	1
71	13	2.29154193772073e-03	4.81704277811815e-02	1
72	13	2.30557794283252e-03	5.02336632115629e-02	1
1	16	1.02900505796595e-03	1.93251952626397e-02	1
2	16	9.86708403735810e-04	2.07955726658604e-02	1
3	16	9.31854286745578e-04	1.88708989463978e-02	1
4	16	8.99498516610914e-04	1.66854085277069e-02	1
5	16	8.44223502644048e-04	1.69757806384732e-02	1
6	16	8.04700728543669e-04	1.63941407772842e-02	1
7	16	7.44115102965075e-04	1.43277928558340e-02	1
8	16	6.90079505984069e-04	1.32942422678325e-02	1
9	16	6.39931907923989e-04	1.29622735470475e-02	1
10	16	5.65052837895985e-04	1.13449110614352e-02	1
11	16	5.25813868021944e-04	1.01677985311829e-02	1
12	16	4.35163420119378e-04	6.98980553032140e-03	1
13	16	3.44581142752917e-04	6.55092317146900e-03	1
14	16	2.22232280925170e-04	4.48997383979988e-03	1
15	16	1.31573395471278e-04	2.33822604438466e-03	1
17	16	1.30907438839138e-04	2.33571783041635e-03	1
18	16	2.20925166873869e-04	4.36327048935045e-03	1
19	16	3.44239394692278e-04	6.77909397578664e-03	1
20	16	4.15019552824245e-04	8.17762140405692e-03	1
21	16	4.68536647138377e-04	9.17806210797513e-03	1
22	16	5.02950974818620e-04	1.00653609255005e-02	1
23	16	5.44054209412665e-04	1.07152900475644e-02	1
24	16	5.83298645494424e-04	1.09883704121940e-02	1
25	16	6.08758059999448e-04	1.20944493510044e-02	1
26	16	6.46211049521636e-04	1.29324338973534e-02	1
27	16	6.68631764953562e-04	1.31514277199810e-02	1
28	16	7.04059644657690e-04	1.31835326869921e-02	1
29	16	7.32063742524168e-04	1.58761627280340e-02	1
30	16	7.71886198581975e-04	1.45435844180646e-02	1
31	16	8.09237339496325e-04	1.58237267567883e-02	1
32	16	8.35816029162416e-04	1.65996436307410e-02	1
33	16	8.90170383367203e-04	1.85376555536969e-02	1
34	16	9.29925174959284e-04	1.99073510318726e-02	1
35	16	9.95315664100248e-04	2.01735674243728e-02	1
36	16	1.03414419262178e-03	2.20115311068689e-02	1
37	16	1.08949084081118e-03	1.99399910907334e-02	1
38	16	1.14597626965464e-03	2.25916603337320e-02	1
39	16	1.18711496473094e-03	2.32096306871062e-02	1
40	16	1.24328688546039e-03	2.36475956709865e-02	1
41	16	1.28325563172066e-03	2.52935584958422e-02	1
42	16	1.34259398982283e-03	2.62690153872170e-02	1
43	16	1.38060792922403e-03	2.74169884396244e-02	1
44	16	1.43774541063492e-03	2.90578248647177e-02	1
45	16	1.48335524864763e-03	3.03909722532826e-02	1
46	16	1.51022243198833e-03	2.83809152496208e-02	1
47	16	1.55730020321074e-03	3.11914553036740e-02	1
48	16	1.59170054078150e-03	3.09137853212730e-02	1
49	16	1.62950875332554e-03	3.32025796204688e-02	1
50	16	1.64899616827607e-03	3.57938787691918e-02	1
51	16	1.68873686902117e-03	3.40636563180752e-02	1
52	16	1.72988542800333e-03	3.34996069692718e-02	1
53	16	1.75939131832322e-03	3.74036732841209e-02	1
54	16	1.79296141492097e-03	3.41067258486953e-02	1
55	16	1.82231573207068e-03	3.42647779876941e-02	1
56	16	1.85223924652887e-03	3.64481015855474e-02	1
57	16	1.87533333895135e-03	3.45231429767348e-02	1
58	16	1.90965557275014e-03	3.77300071725712e-02	1
59	16	1.94339748374904e-03	3.72873509962418e-02	1
60	16	1.97451729449987e-03	4.33408131286730e-02	1
61	16	2.00401873690619e-03	3.85232713830229e-02	1
62	16	2.02942728682491e-03	4.17040030979948e-02	1
63	16	2.05074217413342e-03	4.01375169858297e-02	1
64	16	2.07567510205380e-03	4.14588749159001e-02	1
65	16	2.09580653161108e-03	3.98183867714448e-02	1
66	16	2.10681248247788e-03	3.99798295463224e-02	1
67	16	2.12990975319198e-03	4.28119685496020e-02	1
68	16	2.14772937099284e-03	4.00225296263774e-02	1
69	16	2.16479625813506e-03	4.52587611259035e-02	1
70	16	2.18517311135767e-03	4.12949901954375e-02	1
71	16	2.19877943707406e-03	4.42549836116071e-02	1
72	16	2.21285093821607e-03	4.72019927798378e-02	1
1	19	1.11773432650496e-03	2.19036790953867e-02	1
2	19	1.07543767227482e-03	2.21920482605166e-02	1
3	19	1.02058355528459e-03	1.99253746349310e-02	1
4	19	9.88227785149923e-04	1.81114453992605e-02	1
5	19	9.32952771183057e-04	2.00501215117850e-02	1
6	19	8.98171777952788e-04	1.48516608040113e-02	1
7	19	8.43465973739223e-04	1.69401714959549e-02	1
8	19	7.95895101514197e-04	1.54245141956495e-02	1
9	19	7.50737046529848e-04	1.51815791107135e-02	1
10	19	6.95060778974244e-04	1.46746432952183e-02	1
11	19	6.61816736632267e-04	1.32210127577609e-02	1
12	19	6.00983670651103e-04	1.06762173238415e-02	1
13	19	5.57157683265549e-04	1.12559546287139e-02	1
14	19	4.97184072970243e-04	9.63991554994283e-03	1
15	19	4.42702708175312e-04	8.26328643017072e-03	1
16	19	3.44239394692278e-04	7.21473823879042e-03	1
17	19	2.23331955853140e-04	4.84200979498574e-03	1
18	19	1.33314227818409e-04	2.73591303412829e-03	1
20	19	1.03067485179184e-04	1.85500872610583e-03	1
21	19	2.27180255227057e-04	4.45805127066669e-03	1
22	19	3.18870083170150e-04	6.36848980827839e-03	1
23	19	3.97296781303169e-04	7.72914593915924e-03	1
24	19	4.46853477514487e-04	8.97437871295445e-03	1
25	19	4.72545095299135e-04	9.07818456047814e-03	1
26	19	5.09998084821323e-04	9.40928580435749e-03	1
27	19	5.32418800253250e-04	9.98239303815400e-03	1
28	19	5.67846679957377e-04	1.06470019053174e-02	1
29	19	5.95850777823855e-04	1.14825571501345e-02	1
30	19	6.35673233881662e-04	1.29449354451628e-02	1
31	19	6.75014012505720e-04	1.32576391202284e-02	1
32	19	7.01627517321806e-04	1.38356739364968e-02	1
33	19	7.57271971225676e-04	1.51482208277093e-02	1
34	19	7.97026762817757e-04	1.57074074268729e-02	1
35	19	8.62417251958722e-04	1.67976787820788e-02	1
36	19	9.01245780480258e-04	1.70728992903316e-02	1
37	19	9.56592428669654e-04	1.79506049025298e-02	1
38	19	1.01307785751311e-03	1.85993866966103e-02	1
39	19	1.05421655258941e-03	2.07158517810280e-02	1
40	19	1.11038847331887e-03	2.22344547014965e-02	1
41	19	1.15035721957913e-03	2.27470681033036e-02	1
42	19	1.21018227779675e-03	2.45393511753485e-02	1
43	19	1.24836794866860e-03	2.46017160641827e-02	1
44	19	1.31175841082182e-03	2.59336238235303e-02	1
45	19	1.36304555721817e-03	2.82816209340518e-02	1
46	19	1.39997521121437e-03	2.97593150701211e-02	1
47	19	1.45079589508153e-03	2.94588609979581e-02	1
48	19	1.48519623265229e-03	2.92426553627252e-02	1
49	19	1.52498715037743e-03	2.99898571455289e-02	1
50	19	1.54447456532796e-03	3.09091965499226e-02	1
51	19	1.58421526607307e-03	3.21725485765598e-02	1
52	19	1.62536382505522e-03	3.18781811239954e-02	1
53	19	1.65486971537511e-03	3.36232951357791e-02	1
54	19	1.68900734856593e-03	3.28550401618554e-02	1
55	19	1.71897773046691e-03	3.45096050839235e-02	1
56	19	1.75019087358195e-03	3.69008165262416e-02	1
57	19	1.77328496600443e-03	3.63079620358127e-02	1
58	19	1.80760719980322e-03	3.52787079584014e-02	1
59	19	1.84134911080212e-03	3.75772060527496e-02	1
60	19	1.87364126712087e-03	3.58841404056362e-02	1
61	19	1.90314270952718e-03	3.70203534041932e-02	1
62	19	1.92855125944591e-03	3.64134890194183e-02	1
63	19	1.94986614675442e-03	3.80480569707955e-02	1
64	19	1.97479907467480e-03	3.85311351004230e-02	1
65	19	1.99493050423208e-03	3.95873893620378e-02	1
66	19	2.00593645509888e-03	4.00597373778478e-02	1
67	19	2.02903372581298e-03	3.68116005861853e-02	1
68	19	2.04685334361384e-03	4.21880429926836e-02	1
69	19	2.06392023075606e-03	4.02052058560785e-02	1
70	19	2.08429708397867e-03	3.86906486728550e-02	1
71	19	2.09790340969506e-03	4.34062405210075e-02	1
72	19	2.11197491083707e-03	4.47607340242725e-02	1
1	22	1.19689335841690e-03	2.48075632917466e-02	1
2	22	1.15464298908994e-03	2.22790434858275e-02	1
3	22	1.10198273484011e-03	2.26411627167448e-02	1
4	22	1.07178158479511e-03	2.12696293939713e-02	1
5	22	1.01805622469534e-03	1.74231931852885e-02	1
6	22	9.83275231465071e-04	2.05082364851222e-02	1
7	22	9.28569427251506e-04	1.81206323352158e-02	1
8	22	8.80998555026479e-04	1.83765780983926e-02	1
9	22	8.35840500042131e-04	1.65789442262378e-02	1
10	22	7.80164232486526e-04	1.47367598837620e-02	1
11	22	7.49933944237351e-04	1.40716818491572e-02	1
12	22	6.99069445999131e-04	1.38568630331831e-02	1
13	22	6.60360013562979e-04	1.25169724375548e-02	1
14	22	6.08206374744927e-04	1.28378184521064e-02	1
15	22	5.60922120953408e-04	9.75121531152309e-03	1
16	22	5.02950974818620e-04	9.63513833064190e-03	1
17	22	4.44739314504926e-04	9.22741170653035e-03	1
18	22	4.02549630949923e-04	7.83192332827672e-03	1
19	22	3.18870083170150e-04	5.78655495829647e-03	1
20	22	2.25802597990966e-04	4.90458944406827e-03	1
21	22	1.01689827943093e-04	1.81520936652675e-03	1
23	22	1.31549530142811e-04	2.44204292860309e-03	1
24	22	2.51821883042218e-04	4.99599915939615e-03	1
25	22	3.15625921137405e-04	6.37795073293826e-03	1
26	22	3.69374187506882e-04	7.17061561544968e-03	1
27	22	3.93886886994508e-04	7.58230357499697e-03	1
28	22	4.29314766698636e-04	7.78073359746323e-03	1
29	22	4.57318864565114e-04	8.68007476697236e-03	1
30	22	4.97141320622921e-04	1.10252306897475e-02	1
31	22	5.37156284127826e-04	1.11131494414500e-02	1
32	22	5.65430462431135e-04	1.21316650807954e-02	1
33	22	6.21878356138184e-04	1.22458467627666e-02	1
34	22	6.61633147730265e-04	1.36222796606369e-02	1
35	22	7.27023636871230e-04	1.49211892908497e-02	1
36	22	7.65852165392765e-04	1.43570153764347e-02	1
37	22	8.21198813582162e-04	1.67510134066717e-02	1
38	22	8.77684242425618e-04	1.67252719598594e-02	1
39	22	9.18822937501920e-04	1.66336223799890e-02	1
40	22	9.74994858231373e-04	2.02765209163308e-02	1
41	22	1.01496360449164e-03	1.94689635090378e-02	1
42	22	1.07478866270926e-03	2.22768604613349e-02	1
43	22	1.11297433358110e-03	2.09865300906935e-02	1
44	22	1.17636479573433e-03	2.46318627553373e-02	1
45	22	1.22909033860488e-03	2.45760235637410e-02	1
46	22	1.26614807438318e-03	2.36310285923549e-02	1
47	22	1.32463626027779e-03	2.67631001703340e-02	1
48	22	1.36400377884211e-03	2.64529668798481e-02	1
49	22	1.41615978633165e-03	2.88379484769834e-02	1
50	22	1.44777585261225e-03	2.78757660624270e-02	1
51	22	1.48792732659982e-03	3.07585222576442e-02	1
52	22	1.52907588558198e-03	2.92112472272528e-02	1
53	22	1.55858177590187e-03	3.40858314312735e-02	1
54	22	1.59271940909269e-03	2.96847129500642e-02	1
55	22	1.62268979099366e-03	3.52866373077679e-02	1
56	22	1.65460730006719e-03	3.41974901407022e-02	1
57	22	1.67794859888595e-03	3.57661098628683e-02	1
58	22	1.71227083268475e-03	3.26435975192724e-02	1
59	22	1.74627901735037e-03	3.47041839841250e-02	1
60	22	1.77882913083580e-03	3.49556329284709e-02	1
61	22	1.80833057324212e-03	3.75074692338102e-02	1
62	22	1.83373912316085e-03	3.61715749795173e-02	1
63	22	1.85505401046936e-03	3.52948066334783e-02	1
64	22	1.87998693838974e-03	3.80835800896203e-02	1
65	22	1.90011836794701e-03	3.78520592969645e-02	1
66	22	1.91112431881381e-03	3.73788937710772e-02	1
67	22	1.93422158952791e-03	3.48644200083849e-02	1
68	22	1.95204120732877e-03	3.57967584040307e-02	1
69	22	1.96910809447100e-03	4.20792340818319e-02	1
70	22	1.98948494769360e-03	3.86014340845231e-02	1
71	22	2.00309127340999e-03	4.26888276084962e-02	1
72	22	2.01716277455201e-03	4.02210449471321e-02	1
1	25	1.28357826334244e-03	2.44965941903773e-02	1
2	25	1.24240323054838e-03	2.35188558865823e-02	1
3	25	1.18974297629856e-03	2.48062853376580e-02	1
4	25	1.15989106216347e-03	2.18147130468896e-02	1
5	25	1.10866986331470e-03	2.26574248129009e-02	1
6	25	1.07390842167557e-03	2.18679259072891e-02	1
7	25	1.02188862286045e-03	2.19274357850364e-02	1
8	25	9.77719664052708e-04	1.98483096311722e-02	1
9	25	9.32812324095935e-04	1.87402032188566e-02	1
10	25	8.80182512184630e-04	1.61389102573526e-02	1
11	25	8.49952223935455e-04	1.53373478305697e-02	1
12	25	7.99287891144900e-04	1.54168666707614e-02	1
13	25	7.60578458708748e-04	1.44976670186233e-02	1
14	25	7.08424819890695e-04	1.45453917125407e-02	1
15	25	6.61140566099177e-04	1.21834988388885e-02	1
16	25	6.08758059999448e-04	1.19207362403672e-02	1
17	25	5.57172227915029e-04	1.11456627497848e-02	1
18	25	5.27261456407092e-04	9.22091496491023e-03	1
19	25	4.72545095299135e-04	9.85806368619467e-03	1
20	25	4.27056601781434e-04	8.27410397049851e-03	1
21	25	3.67921342536035e-04	7.06697823815724e-03	1
22	25	3.15625921137405e-04	6.45787733163148e-03	1
23	25	2.21977562021121e-04	4.00811531488738e-03	1
24	25	1.01705209121714e-04	1.78076574181830e-03	1
26	25	1.33266715271134e-04	2.25589091151429e-03	1
27	25	2.27988318266547e-04	4.32894799534044e-03	1
28	25	2.82800984351479e-04	5.64355576171396e-03	1
29	25	3.14387195125734e-04	6.08589360118266e-03	1
30	25	3.54209651183540e-04	6.41742166614480e-03	1
31	25	3.94224614688446e-04	7.94814938484036e-03	1
32	25	4.22498792991755e-04	7.78648662459976e-03	1
33	25	4.78946686698804e-04	9.59475871023120e-03	1
34	25	5.18701478290885e-04	1.07689649637308e-02	1
35	25	5.84091967431849e-04	1.14978113490374e-02	1
36	25	6.22920495953385e-04	1.23843399516991e-02	1
37	25	6.78267144142782e-04	1.25193891117888e-02	1
38	25	7.34752572986237e-04	1.41412316407377e-02	1
39	25	7.75891268062539e-04	1.37845126375729e-02	1
40	25	8.32063188791993e-04	1.58823643077120e-02	1
41	25	8.72031935052257e-04	1.60175561893125e-02	1
42	25	9.31856993269876e-04	1.90821963003901e-02	1
43	25	9.70042664141723e-04	1.96030838555436e-02	1
44	25	1.03343312629495e-03	2.14301522022514e-02	1
45	25	1.08615866916550e-03	2.34923970143631e-02	1
46	25	1.12367534922663e-03	2.22485721022142e-02	1
47	25	1.18216353512124e-03	2.27024786302939e-02	1
48	25	1.22153105368557e-03	2.37117549967061e-02	1
49	25	1.27368706117511e-03	2.55685383490228e-02	1
50	25	1.30625886027865e-03	2.59011201782827e-02	1
51	25	1.36212905419334e-03	2.65439099364936e-02	1
52	25	1.41459089979083e-03	2.85907427900430e-02	1
53	25	1.45638993242994e-03	2.96449486445173e-02	1
54	25	1.49583768528686e-03	2.86847051589410e-02	1
55	25	1.52580806718783e-03	2.96972896603461e-02	1
56	25	1.55772557626136e-03	3.02423328151552e-02	1
57	25	1.58106687508013e-03	3.18413064126080e-02	1
58	25	1.61538910887892e-03	3.36365423156980e-02	1
59	25	1.64939729354454e-03	3.48326172836236e-02	1
60	25	1.68337363678217e-03	3.03895159230780e-02	1
61	25	1.71348883401025e-03	3.59774376461227e-02	1
62	25	1.73889738392898e-03	3.27005618573769e-02	1
63	25	1.76021227123749e-03	3.35150946992687e-02	1
64	25	1.78514519915787e-03	3.54591145062400e-02	1
65	25	1.80527662871515e-03	3.77662249718760e-02	1
66	25	1.81628257958195e-03	4.02023897247458e-02	1
67	25	1.83937985029605e-03	3.55999958400533e-02	1
68	25	1.85719946809691e-03	3.69478140280386e-02	1
69	25	1.87426635523913e-03	4.01199855136105e-02	1
70	25	1.89464320846174e-03	4.13224236974588e-02	1
71	25	1.90824953417813e-03	3.85081107685223e-02	1
72	25	1.92232103532014e-03	3.95882039794376e-02	1
1	28	1.35997810276688e-03	2.52469473606796e-02	1
2	28	1.32134134755461e-03	2.61913462993151e-02	1
3	28	1.26920770268588e-03	2.48407278408436e-02	1
4	28	1.24146390582467e-03	2.43167976313788e-02	1
5	28	1.19298224085208e-03	2.24217702298190e-02	1
6	28	1.15965479691925e-03	2.32553984764898e-02	1
7	28	1.11083307351744e-03	2.27497615549851e-02	1
8	28	1.06704784535274e-03	2.13828038045017e-02	1
9	28	1.02311850849729e-03	2.14210814024613e-02	1
10	28	9.71435749440711e-04	1.96363223469779e-02	1
11	28	9.41937335534077e-04	1.92993351199150e-02	1
12	28	8.92629501373625e-04	1.85458785996961e-02	1
13	28	8.55527078081233e-04	1.71005347459846e-02	1
14	28	8.03726404548937e-04	1.62584121887979e-02	1
15	28	7.56442150757419e-04	1.44242621068218e-02	1
16	28	7.04059644657690e-04	1.36061582473511e-02	1
17	28	6.52473812573271e-04	1.43105888188648e-02	1
18	28	6.22563041065335e-04	1.06236733760782e-02	1
19	28	5.67846679957377e-04	1.11198371724490e-02	1
20	28	5.22358186439677e-04	1.03560572717397e-02	1
21	28	4.70591049532002e-04	9.79469882189116e-03	1
22	28	4.29314766698636e-04	8.63085214111960e-03	1
23	28	3.72457368703395e-04	6.54911871551858e-03	1
24	28	3.25391531277837e-04	6.41600468926422e-03	1
25	28	2.82800984351479e-04	5.39623109806284e-03	1
26	28	2.17616898482620e-04	4.11090612529519e-03	1
27	28	1.36272528161955e-04	2.54090761775518e-03	1
29	28	1.02437462593999e-04	1.87073673453998e-03	1
30	28	1.87324757334025e-04	3.69941380773322e-03	1
31	28	2.34616049119151e-04	4.52913935480488e-03	1
32	28	2.62890227422460e-04	5.28913858279406e-03	1
33	28	3.19338121129509e-04	6.00890759489339e-03	1
34	28	3.59092912721590e-04	7.03977305113301e-03	1
35	28	4.24483401862554e-04	8.90395129371508e-03	1
36	28	4.63311930384090e-04	9.29725598917808e-03	1
37	28	5.18658578573487e-04	1.04508976024163e-02	1
38	28	5.75144007416943e-04	1.18337402030961e-02	1
39	28	6.16282702493245e-04	1.07530922775078e-02	1
40	28	6.72454623222698e-04	1.30702052395505e-02	1
41	28	7.12423369482962e-04	1.23528437840988e-02	1
42	28	7.72248427700582e-04	1.59988179407352e-02	1
43	28	8.10434098572428e-04	1.72990692019266e-02	1
44	28	8.73824560725656e-04	1.88084583210894e-02	1
45	28	9.26550103596201e-04	1.65653249480285e-02	1
46	28	9.64066783657337e-04	2.00894332393620e-02	1
47	28	1.02255496955195e-03	1.98492736563598e-02	1
48	28	1.06192248811627e-03	2.32798795813051e-02	1
49	28	1.11407849560581e-03	2.00958207828059e-02	1
50	28	1.14665029470936e-03	2.23354523616071e-02	1
51	28	1.20252048862405e-03	2.55050221036761e-02	1
52	28	1.25498233422153e-03	2.43299224770697e-02	1
53	28	1.29678136686064e-03	2.49608744014585e-02	1
54	28	1.33825696008041e-03	2.63405772311269e-02	1
55	28	1.38059177456953e-03	2.75361748210854e-02	1
56	28	1.42216727607400e-03	2.77595502251798e-02	1
57	28	1.45413003660579e-03	2.83164218194666e-02	1
58	28	1.50058112523446e-03	3.08342075129856e-02	1
59	28	1.53458930990008e-03	2.77983650591955e-02	1
60	28	1.56871678270256e-03	3.12931204318482e-02	1
61	28	1.60173636970047e-03	3.15541522327297e-02	1
62	28	1.62723297094102e-03	3.52564638069448e-02	1
63	28	1.64854785824953e-03	3.17926631343158e-02	1
64	28	1.67348078616991e-03	3.13680721752403e-02	1
65	28	1.69361221572718e-03	3.40924427159126e-02	1
66	28	1.70461816659398e-03	3.38657962841868e-02	1
67	28	1.72771543730808e-03	3.57749061625064e-02	1
68	28	1.74553505510894e-03	3.28509106891314e-02	1
69	28	1.76260194225117e-03	3.32003398024719e-02	1
70	28	1.78297879547377e-03	3.76745890066008e-02	1
71	28	1.79658512119016e-03	3.33673125230178e-02	1
72	28	1.81065662233218e-03	3.47620107952819e-02	1
1	31	1.43085168495087e-03	2.62273760592794e-02	1
2	31	1.39997616006587e-03	2.74103172950469e-02	1
3	31	1.35290581144900e-03	2.73431479355462e-02	1
4	31	1.32516201458780e-03	2.84646961486588e-02	1
5	31	1.27700428552001e-03	2.47987207628288e-02	1
6	31	1.24624369432717e-03	2.13174203530359e-02	1
7	31	1.20021056977614e-03	2.34298294391260e-02	1
8	31	1.15642534161144e-03	2.27180046463271e-02	1
9	31	1.11425945586313e-03	2.12771974733233e-02	1
10	31	1.06333181582601e-03	2.22016929536925e-02	1
11	31	1.03401660983276e-03	2.17172094190772e-02	1
12	31	9.86488343351459e-04	1.94204420480323e-02	1
13	31	9.50974432306323e-04	1.93952407671603e-02	1
14	31	9.03222633304762e-04	1.83397143243405e-02	1
15	31	8.58333199064601e-04	1.59445077920105e-02	1
16	31	8.09237339496325e-04	1.49996825151140e-02	1
17	31	7.58424348314961e-04	1.66874641855018e-02	1
18	31	7.29353941017881e-04	1.38843856719698e-02	1
19	31	6.75014012505720e-04	1.22379588640191e-02	1
20	31	6.30003297776881e-04	1.17644819860366e-02	1
21	31	5.78432566961193e-04	1.15441304523780e-02	1
22	31	5.37156284127826e-04	1.13023062963856e-02	1
23	31	4.80298886132586e-04	9.80340064488111e-03	1
24	31	4.33233048707028e-04	8.80215509573630e-03	1
25	31	3.94224614688446e-04	7.55379311094605e-03	1
26	31	3.40663107080082e-04	7.07112387956309e-03	1
27	31	2.91962697249717e-04	5.66360960806549e-03	1
28	31	2.34616049119151e-04	4.11094655842670e-03	1
29	31	2.02894066098147e-04	3.96533000834370e-03	1
30	31	1.28761656152759e-04	2.40460444235959e-03	1
32	31	9.98775110404285e-05	1.70305218046853e-03	1
33	31	1.77255222695419e-04	3.18673897968755e-03	1
34	31	2.17010014287500e-04	4.26353710221428e-03	1
35	31	2.82400503428464e-04	5.02536924343842e-03	1
36	31	3.21229031950000e-04	6.25723308662616e-03	1
37	31	3.76575680139397e-04	7.44116055461593e-03	1
38	31	4.33061108982853e-04	8.21840085992777e-03	1
39	31	4.74199804059155e-04	9.12958010110589e-03	1
40	31	5.30371724788608e-04	9.76032133943340e-03	1
41	31	5.70340471048872e-04	1.06011194783293e-02	1
42	31	6.30165529266492e-04	1.15407070158904e-02	1
43	31	6.68351200138339e-04	1.37903250166784e-02	1
44	31	7.31741662291566e-04	1.58224798493321e-02	1
45	31	7.84467205162111e-04	1.71723964227977e-02	1
46	31	8.21983885223247e-04	1.60146313936642e-02	1
47	31	8.80472071117856e-04	1.72042114544928e-02	1
48	31	9.19839589682182e-04	1.82128779135916e-02	1
49	31	9.71995597171721e-04	1.89646135531364e-02	1
50	31	1.00456739627527e-03	1.96413297262297e-02	1
51	31	1.06043759018996e-03	2.14080187589346e-02	1
52	31	1.11289943578744e-03	1.90032756095658e-02	1
53	31	1.15469846842655e-03	2.26134318643744e-02	1
54	31	1.19617406164632e-03	2.51128347740682e-02	1
55	31	1.23850887613544e-03	2.39046637028496e-02	1
56	31	1.28008437763991e-03	2.72387480860703e-02	1
57	31	1.31204713817170e-03	2.59644818837521e-02	1
58	31	1.35986670745635e-03	2.70283296112519e-02	1
59	31	1.40023520089515e-03	2.84349332395686e-02	1
60	31	1.44495099402514e-03	2.69394740859352e-02	1
61	31	1.48307518785457e-03	2.78210842510701e-02	1
62	31	1.51233660387806e-03	2.96596285137508e-02	1
63	31	1.53816711226230e-03	3.32534279886354e-02	1
64	31	1.56374183150831e-03	3.14330678119895e-02	1
65	31	1.58423220439978e-03	3.16609602081876e-02	1
66	31	1.59647689988444e-03	3.34482155297300e-02	1
67	31	1.61957417059854e-03	3.09064409355335e-02	1
68	31	1.63739378839940e-03	3.23750263903239e-02	1
69	31	1.65446067554163e-03	3.14086075332331e-02	1
70	31	1.67483752876423e-03	3.35052992964587e-02	1
71	31	1.68844385448062e-03	3.30859952029137e-02	1
72	31	1.70251535562264e-03	3.35291291049125e-02	1
1	34	1.50085565378174e-03	3.27475584456895e-02	1
2	34	1.47477203292332e-03	2.97022508398516e-02	1
3	34	1.44071948412318e-03	2.80022304768985e-02	1
4	34	1.42304329975222e-03	2.73258748367860e-02	1
5	34	1.38777583017643e-03	2.67759889968726e-02	1
6	34	1.35701523898359e-03	2.94038930851082e-02	1
7	34	1.31260480755415e-03	2.48677434003812e-02	1
8	34	1.26920876188665e-03	2.35309388759136e-02	1
9	34	1.22996967843197e-03	2.49671679567498e-02	1
10	34	1.18108705952521e-03	2.33025613864707e-02	1
11	34	1.15317270521065e-03	2.25328555905166e-02	1
12	34	1.10662687739615e-03	2.25247306429501e-02	1
13	34	1.07139744495206e-03	2.16657036864105e-02	1
14	34	1.02364564595051e-03	2.08882361003103e-02	1
15	34	9.79021034527559e-04	1.84021185200251e-02	1
16	34	9.29925174959284e-04	1.70415683699749e-02	1
17	34	8.79636845483510e-04	1.52365869143037e-02	1
18	34	8.51366691329918e-04	1.66247308149919e-02	1
19	34	7.97026762817757e-04	1.45319751976533e-02	1
20	34	7.52450271604475e-04	1.46682417006095e-02	1
21	34	7.02909430563631e-04	1.44529783952160e-02	1
22	34	6.61633147730265e-04	1.17600356064203e-02	1
23	34	6.04775749735024e-04	1.21383237785181e-02	1
24	34	5.57709912309466e-04	1.10506156009018e-02	1
25	34	5.18701478290885e-04	1.09174056257339e-02	1
26	34	4.65139970682521e-04	8.74259375797005e-03	1
27	34	4.16439560852156e-04	7.85102308996533e-03	1
28	34	3.59092912721590e-04	6.84174708745951e-03	1
29	34	3.29380925440194e-04	5.94926926142565e-03	1
30	34	2.72137520369341e-04	5.34566702078335e-03	1
31	34	2.17010014287500e-04	3.85534236943658e-03	1
32	34	1.75795692512685e-04	3.29227480056689e-03	1
33	34	1.00020497495003e-04	1.73419448846931e-03	1
35	34	1.41690659178608e-04	2.84747675346385e-03	1
36	34	1.89557195651090e-04	3.85884652635533e-03	1
37	34	2.44903843840487e-04	4.60031547533608e-03	1
38	34	3.01389272683942e-04	5.98816497978029e-03	1
39	34	3.42527967760245e-04	6.77256839436472e-03	1
40	34	3.98699888489698e-04	8.65497083770148e-03	1
41	34	4.38668634749962e-04	8.42731543472276e-03	1
42	34	4.98493692967582e-04	1.00920966832127e-02	1
43	34	5.36679363839428e-04	1.03228577104892e-02	1
44	34	6.00069825992656e-04	1.24137508801095e-02	1
45	34	6.53446612909944e-04	1.26145335056821e-02	1
46	34	6.92048120763279e-04	1.33406121644583e-02	1
47	34	7.53730669659693e-04	1.52846933637457e-02	1
48	34	7.93098188224019e-04	1.60712668586476e-02	1
49	34	8.45254195713557e-04	1.64438462732745e-02	1
50	34	8.77825994817107e-04	1.80614048459602e-02	1
51	34	9.33696188731795e-04	1.83963892877446e-02	1
52	34	9.86158034329281e-04	2.18626669412005e-02	1
53	34	1.02795706696839e-03	2.00390115729879e-02	1
54	34	1.06943266018816e-03	2.14766792536937e-02	1
55	34	1.11176747467728e-03	2.42476670034659e-02	1
56	34	1.15683730550578e-03	2.30839185051116e-02	1
57	34	1.18880006603756e-03	2.25390726792775e-02	1
58	34	1.23661963532221e-03	2.25400697186323e-02	1
59	34	1.27978281155213e-03	2.45105957945789e-02	1
60	34	1.32449860468211e-03	2.69066671532453e-02	1
61	34	1.36671862994040e-03	2.54520535890359e-02	1
62	34	1.39997585514465e-03	2.82094060270759e-02	1
63	34	1.43390920597775e-03	2.86894257533540e-02	1
64	34	1.47211455529871e-03	2.94965091145526e-02	1
65	34	1.50169314557273e-03	2.80839725140216e-02	1
66	34	1.52429474915042e-03	3.28753756420488e-02	1
67	34	1.54739201986452e-03	3.00931529757770e-02	1
68	34	1.56521163766538e-03	3.23982048898616e-02	1
69	34	1.58227852480761e-03	3.32800473765325e-02	1
70	34	1.60265537803021e-03	3.26082510886188e-02	1
71	34	1.61626170374660e-03	3.56933288606743e-02	1
72	34	1.63033320488861e-03	3.36451056873946e-02	1
1	37	1.62477731472330e-03	3.47280968073257e-02	1
2	37	1.59982914328863e-03	3.15170423116284e-02	1
3	37	1.56577659448849e-03	3.36055150169990e-02	1
4	37	1.54835154510022e-03	3.12930986390817e-02	1
5	37	1.51375659862331e-03	2.89063250453262e-02	1
6	37	1.49563295771544e-03	2.79232042878124e-02	1
7	37	1.45856596279533e-03	2.84093247386087e-02	1
8	37	1.42587677526023e-03	2.74692479613421e-02	1
9	37	1.38865345833587e-03	2.68952049098899e-02	1
10	37	1.33977083942911e-03	2.72702357489520e-02	1
11	37	1.31185648511455e-03	2.70903257513975e-02	1
12	37	1.26531065730005e-03	2.57547132753589e-02	1
13	37	1.23096311080396e-03	2.44522511975109e-02	1
14	37	1.18321131180240e-03	2.41851078070154e-02	1
15	37	1.13858670037946e-03	2.34896364181543e-02	1
16	37	1.08949084081118e-03	2.15297521408939e-02	1
17	37	1.03920251133541e-03	1.94681087671216e-02	1
18	37	1.01093235718182e-03	1.90513697056655e-02	1
19	37	9.56592428669654e-04	1.81869904712300e-02	1
20	37	9.12015937456373e-04	1.67752318052524e-02	1
21	37	8.62475096415528e-04	1.73179203381715e-02	1
22	37	8.21198813582162e-04	1.51169264149135e-02	1
23	37	7.64341415586921e-04	1.58672465021322e-02	1
24	37	7.17275578161363e-04	1.33031639862419e-02	1
25	37	6.78267144142782e-04	1.42878688720830e-02	1
26	37	6.24705636534419e-04	1.24909634157382e-02	1
27	37	5.76005226704053e-04	1.17289985078894e-02	1
28	37	5.18658578573487e-04	1.01278416413099e-02	1
29	37	4.88946591292092e-04	9.14402522814098e-03	1
30	37	4.31703186221238e-04	7.94981286139197e-03	1
31	37	3.76575680139397e-04	7.48166740296456e-03	1
32	37	3.35361358364582e-04	5.97201998936295e-03	1
33	37	2.83999018704691e-04	5.81697237384137e-03	1
34	37	2.44903843840487e-04	4.61084393603543e-03	1
35	37	2.01173547297827e-04	3.56421034710640e-03	1
36	37	1.38585339115930e-04	2.71083687193363e-03	1
38	37	1.50903233958302e-04	2.82435195473000e-03	1
39	37	2.11272072664234e-04	3.63707313226701e-03	1
40	37	2.76518779344788e-04	5.57535720385629e-03	1
41	37	3.16487525605053e-04	6.46850977949366e-03	1
42	37	3.76312583822672e-04	7.49446146118934e-03	1
43	37	4.14498254694519e-04	8.25006333721164e-03	1
44	37	4.77888716847746e-04	9.02238535635471e-03	1
45	37	5.31265503765034e-04	9.99444563695684e-03	1
46	37	5.69867011618369e-04	1.20651831822571e-02	1
47	37	6.32890292264495e-04	1.23365002677352e-02	1
48	37	6.74685266495801e-04	1.23122789889783e-02	1
49	37	7.31702849264777e-04	1.34022798912858e-02	1
50	37	7.66099880088299e-04	1.53833971743095e-02	1
51	37	8.24884188695614e-04	1.58152460371010e-02	1
52	37	8.79564765175062e-04	1.71523988098890e-02	1
53	37	9.23364602815177e-04	1.81438128792304e-02	1
54	37	9.66716262103959e-04	1.91392970349944e-02	1
55	37	1.00979200247960e-03	1.90273866200791e-02	1
56	37	1.05900918791223e-03	1.96508889085296e-02	1
57	37	1.09136801983047e-03	2.17864547596422e-02	1
58	37	1.13918758911512e-03	2.18250903684666e-02	1
59	37	1.18235076534503e-03	2.41388906606735e-02	1
60	37	1.22706655847501e-03	2.57725556992756e-02	1
61	37	1.27109974836816e-03	2.49470153579688e-02	1
62	37	1.30603477149937e-03	2.47598862113210e-02	1
63	37	1.34385138790750e-03	2.48266339767682e-02	1
64	37	1.38536048609127e-03	2.73326603226423e-02	1
65	37	1.41558592640212e-03	2.50607404458960e-02	1
66	37	1.44661919109452e-03	2.76453204325616e-02	1
67	37	1.48002856290137e-03	2.74157627928139e-02	1
68	37	1.50965596834231e-03	2.88612819692017e-02	1
69	37	1.53282270149935e-03	3.01534516344521e-02	1
70	37	1.56655555363359e-03	3.07861221685131e-02	1
71	37	1.59132060913766e-03	3.16446149018115e-02	1
72	37	1.61859519019906e-03	3.09714086221601e-02	1
1	40	1.73919697666651e-03	3.82157957881028e-02	1
2	40	1.71424880523184e-03	3.43436245123965e-02	1
3	40	1.68019625643170e-03	3.39734436086761e-02	1
4	40	1.66277120704343e-03	3.22845631748393e-02	1
5	40	1.62817626056651e-03	3.28257837729240e-02	1
6	40	1.61005261965865e-03	3.18390921844043e-02	1
7	40	1.57298562473854e-03	3.19907878284221e-02	1
8	40	1.54382259340252e-03	3.22326356308299e-02	1
9	40	1.51526860852494e-03	3.04736513275082e-02	1
10	40	1.48167308936855e-03	2.86572449245974e-02	1
11	40	1.46165209371459e-03	2.81907556552282e-02	1
12	40	1.41910670194926e-03	3.00188693173602e-02	1
13	40	1.38475915545317e-03	2.71693114110906e-02	1
14	40	1.33700735645161e-03	2.95849924507509e-02	1
15	40	1.29238274502867e-03	2.57854403302863e-02	1
16	40	1.24328688546039e-03	2.40501228428264e-02	1
17	40	1.19299855598462e-03	2.61307793798819e-02	1
18	40	1.16472840183103e-03	2.52038285003183e-02	1
19	40	1.11038847331886e-03	2.03049839365710e-02	1
20	40	1.06581198210558e-03	2.01855835086573e-02	1
21	40	1.01627114106474e-03	2.05490575329109e-02	1
22	40	9.74994858231372e-04	1.93045476680802e-02	1
23	40	9.18137460236132e-04	1.81207899488126e-02	1
24	40	8.71071622810574e-04	1.65492007839401e-02	1
25	40	8.32063188791993e-04	1.52940968672495e-02	1
26	40	7.78501681183629e-04	1.61393327383436e-02	1
27	40	7.29801271353264e-04	1.44185830656537e-02	1
28	40	6.72454623222698e-04	1.32302155172908e-02	1
29	40	6.42742635941302e-04	1.26185740863066e-02	1
30	40	5.85499230870449e-04	1.21977455641559e-02	1
31	40	5.30371724788608e-04	9.66688686560196e-03	1
32	40	4.89157403013793e-04	9.33092563336179e-03	1
33	40	4.37795063353902e-04	8.87235075229514e-03	1
34	40	3.98699888489698e-04	8.20300727158040e-03	1
35	40	3.61271484389961e-04	7.01157926513488e-03	1
36	40	3.22910272200670e-04	6.30677341062131e-03	1
37	40	2.76518779344788e-04	5.56285473455347e-03	1
38	40	2.23090040248625e-04	4.63574416569899e-03	1
39	40	1.42714119338944e-04	2.45999796780655e-03	1
41	40	1.05891934459728e-04	1.80986108752127e-03	1
42	40	2.39131933297177e-04	4.71192885852723e-03	1
43	40	2.95613028569993e-04	5.82179261398446e-03	1
44	40	3.67379721812235e-04	7.28123882631868e-03	1
45	40	4.23994545600895e-04	7.94359369426998e-03	1
46	40	4.62596053454230e-04	9.46688927461933e-03	1
47	40	5.25619334100356e-04	1.04970057912034e-02	1
48	40	5.67414308331662e-04	1.10217598937570e-02	1
49	40	6.24431891100639e-04	1.23744542988275e-02	1
50	40	6.58970262832854e-04	1.32934321116527e-02	1
51	40	7.20627369041549e-04	1.41472822842180e-02	1
52	40	7.76326641080868e-04	1.51454286167031e-02	1
53	40	8.22034913620190e-04	1.62860678384569e-02	1
54	40	8.67295237640083e-04	1.67484570437120e-02	1
55	40	9.12778893713676e-04	1.88157658018760e-02	1
56	40	9.62595215701171e-04	1.97265190974092e-02	1
57	40	9.95129722064761e-04	1.79554727434695e-02	1
58	40	1.04664751218969e-03	1.95826168987942e-02	1
59	40	1.09353487613104e-03	2.29183376654180e-02	1
60	40	1.13933035921356e-03	2.32907219642858e-02	1
61	40	1.18716250848344e-03	2.23601776344244e-02	1
62	40	1.22209753161465e-03	2.49695223162656e-02	1
63	40	1.26199066207325e-03	2.54895188385891e-02	1
64	40	1.30474148106427e-03	2.73614208771292e-02	1
65	40	1.33496692137511e-03	2.64770891213038e-02	1
66	40	1.36645511102806e-03	2.69520595982005e-02	1
67	40	1.40119151045432e-03	2.99014529005754e-02	1
68	40	1.43308955127691e-03	2.88627739076132e-02	1
69	40	1.45799910237661e-03	3.09826621287215e-02	1
70	40	1.49665316317669e-03	2.95782521388118e-02	1
71	40	1.52264259535657e-03	2.83536960963378e-02	1
72	40	1.55241966196226e-03	3.11083785094937e-02	1
1	43	1.83216188224043e-03	3.78094956264332e-02	1
2	43	1.80721371080576e-03	3.63543084231598e-02	1
3	43	1.77316116200562e-03	3.20494374676251e-02	1
4	43	1.75573611261735e-03	3.48283850331777e-02	1
5	43	1.72114116614044e-03	3.31680911826331e-02	1
6	43	1.70301752523257e-03	2.88726951552057e-02	1
7	43	1.66595053031246e-03	3.53937411377687e-02	1
8	43	1.63678749897644e-03	3.51766081410876e-02	1
9	43	1.61107300999598e-03	2.87897508177965e-02	1
10	43	1.57785791685086e-03	3.07468965675933e-02	1
11	43	1.55977473718755e-03	3.06975188350346e-02	1
12	43	1.52544468824022e-03	3.00536761816813e-02	1
13	43	1.49812833179078e-03	2.80097950810089e-02	1
14	43	1.45921110629646e-03	2.64446656194355e-02	1
15	43	1.42691084165600e-03	3.01825295867350e-02	1
16	43	1.38060792922403e-03	2.65972837012890e-02	1
17	43	1.33086291061253e-03	2.70683683780263e-02	1
18	43	1.30270787718076e-03	2.45121378134231e-02	1
19	43	1.24836794866860e-03	2.85780272103273e-02	1
20	43	1.20379145745531e-03	2.30629419804206e-02	1
21	43	1.15425061641447e-03	2.31678503230490e-02	1
22	43	1.11297433358110e-03	2.31949716804746e-02	1
23	43	1.05611693558586e-03	2.22915114969931e-02	1
24	43	1.00905109816030e-03	1.88604288428272e-02	1
25	43	9.70042664141723e-04	1.87637694507697e-02	1
26	43	9.16481156533360e-04	1.89846155171574e-02	1
27	43	8.67780746702994e-04	1.66014692330639e-02	1
28	43	8.10434098572428e-04	1.75486680735341e-02	1
29	43	7.80722111291033e-04	1.48735577562474e-02	1
30	43	7.23478706220180e-04	1.48260055982711e-02	1
31	43	6.68351200138338e-04	1.43567566812458e-02	1
32	43	6.27136878363524e-04	1.26200397630939e-02	1
33	43	5.75774538703633e-04	1.14069661810774e-02	1
34	43	5.36679363839428e-04	1.04695581679926e-02	1
35	43	4.99250959739691e-04	1.06738515463797e-02	1
36	43	4.60889747550401e-04	9.22159297129637e-03	1
37	43	4.14498254694519e-04	8.29224527288601e-03	1
38	43	3.74684115453203e-04	7.28289799778312e-03	1
39	43	3.42269919764839e-04	6.40488069632330e-03	1
40	43	2.95613028569993e-04	5.44355381222626e-03	1
41	43	2.41187047857736e-04	4.52202597347423e-03	1
42	43	1.07947049020288e-04	1.92271221091206e-03	1
44	43	1.43480713981370e-04	2.66588950200402e-03	1
45	43	2.79231569608436e-04	5.86943180463840e-03	1
46	43	3.37151033185893e-04	6.52964372153249e-03	1
47	43	4.11248380856386e-04	8.05413645139130e-03	1
48	43	4.53758211933681e-04	8.51407352636876e-03	1
49	43	5.19262955341881e-04	9.61248250791273e-03	1
50	43	5.53801327074096e-04	1.12583434747858e-02	1
51	43	6.15458433282792e-04	1.20768099639120e-02	1
52	43	6.71157705322110e-04	1.32614141078361e-02	1
53	43	7.16865977861433e-04	1.37870336492949e-02	1
54	43	7.62391362479603e-04	1.43278149797315e-02	1
55	43	8.08643575932957e-04	1.59352898289637e-02	1
56	43	8.63013286791337e-04	1.77481519077412e-02	1
57	43	8.97876726151249e-04	1.81648315708478e-02	1
58	43	9.50399895174675e-04	2.00320013411925e-02	1
59	43	9.97287259116033e-04	2.10082240317698e-02	1
60	43	1.04385154597939e-03	2.07113713857248e-02	1
61	43	1.09321263810043e-03	2.28065287825163e-02	1
62	43	1.13021985207410e-03	2.22862178856032e-02	1
63	43	1.17161408556379e-03	2.31901114029635e-02	1
64	43	1.21585660610740e-03	2.68448003366942e-02	1
65	43	1.24750132975991e-03	2.33949287579642e-02	1
66	43	1.27989499960342e-03	2.54266055784613e-02	1
67	43	1.31470237257612e-03	2.53275576965623e-02	1
68	43	1.35050904971827e-03	3.00244723168399e-02	1
69	43	1.37578650134947e-03	2.75072424995763e-02	1
70	43	1.41596503517806e-03	2.91258600851488e-02	1
71	43	1.44346471773414e-03	2.71754749501931e-02	1
72	43	1.47431824644945e-03	2.97071918889973e-02	1
1	46	1.94657096787455e-03	3.99746222501678e-02	1
2	46	1.92162279643988e-03	3.87342482114625e-02	1
3	46	1.88757024763974e-03	3.59068040301878e-02	1
4	46	1.87014519825147e-03	3.38621477913318e-02	1
5	46	1.83555025177456e-03	3.72669335245823e-02	1
6	46	1.81742661086669e-03	3.55105276031088e-02	1
7	46	1.78035961594658e-03	3.52812143800385e-02	1
8	46	1.75119658461057e-03	3.44701488272293e-02	1
9	46	1.72548209563011e-03	3.74272168311243e-02	1
10	46	1.69226700248498e-03	3.28834191493769e-02	1
11	46	1.67485732752602e-03	3.50663216242251e-02	1
12	46	1.64052727857868e-03	3.39552343218666e-02	1
13	46	1.61536502708608e-03	3.53070798564961e-02	1
14	46	1.57644780159176e-03	2.86222094954151e-02	1
15	46	1.54414753695131e-03	2.98403963590632e-02	1
16	46	1.51022243198833e-03	3.06929409439430e-02	1
17	46	1.46612188163340e-03	2.82854286234528e-02	1
18	46	1.44536775819994e-03	2.78433536621959e-02	1
19	46	1.39997521121437e-03	2.96050540070626e-02	1
20	46	1.35567882433169e-03	2.56598392591638e-02	1
21	46	1.30648254163293e-03	2.69983450434403e-02	1
22	46	1.26614807438318e-03	2.45719243219457e-02	1
23	46	1.20974962067077e-03	2.31495896856753e-02	1
24	46	1.16268378324521e-03	2.39221331610224e-02	1
25	46	1.12367534922663e-03	2.22278327485779e-02	1
26	46	1.07011384161827e-03	2.14981900008330e-02	1
27	46	1.02141343178790e-03	1.98280730116728e-02	1
28	46	9.64066783657337e-04	1.93661819653538e-02	1
29	46	9.34354796375941e-04	1.68596677479042e-02	1
30	46	8.77111391305088e-04	1.74917690131872e-02	1
31	46	8.21983885223247e-04	1.53304563507186e-02	1
32	46	7.80769563448432e-04	1.46568246914452e-02	1
33	46	7.30188192497621e-04	1.55169098666127e-02	1
34	46	6.92048120763278e-04	1.37738456920024e-02	1
35	46	6.54619716663541e-04	1.30278961710547e-02	1
36	46	6.16258504474251e-04	1.13046323014715e-02	1
37	46	5.69867011618369e-04	1.20222826123433e-02	1
38	46	5.30052872377053e-04	1.07045967720580e-02	1
39	46	4.97638676688689e-04	9.57896837327664e-03	1
40	46	4.62596053454230e-04	8.67668036376685e-03	1
41	46	4.30269651423700e-04	7.99735633359918e-03	1
42	46	3.85067066845012e-04	7.66352222694035e-03	1
43	46	3.37151033185893e-04	6.47524394645797e-03	1
44	46	2.45104028611513e-04	4.67457947676274e-03	1
45	46	1.09353172984447e-04	1.91452300334397e-03	1
47	46	1.42565482958775e-04	2.67953776057064e-03	1
48	46	2.41990691734063e-04	4.57711890273750e-03	1
49	46	3.71873309128736e-04	6.62140756463352e-03	1
50	46	4.23831652343364e-04	8.14564830563222e-03	1
51	46	4.91714408015854e-04	9.17408452564841e-03	1
52	46	5.61770823578143e-04	1.14313783985506e-02	1
53	46	6.11380862487121e-04	1.19008605169237e-02	1
54	46	6.56906247105291e-04	1.28947448774786e-02	1
55	46	7.03158460558645e-04	1.32179508704066e-02	1
56	46	7.57528171417025e-04	1.40516252686915e-02	1
57	46	7.92420289939389e-04	1.48337183189176e-02	1
58	46	8.48501946135469e-04	1.73787707514460e-02	1
59	46	8.96743793530976e-04	1.84007554093458e-02	1
60	46	9.46850921402375e-04	1.99009111465580e-02	1
61	46	9.97451819516098e-04	1.98404939965617e-02	1
62	46	1.03625101322472e-03	1.87102568127811e-02	1
63	46	1.07992820215327e-03	2.11613377198410e-02	1
64	46	1.12417072269688e-03	2.27855738608813e-02	1
65	46	1.15581544634939e-03	2.61431737264511e-02	1
66	46	1.19525220785842e-03	2.35723318706843e-02	1
67	46	1.23079712314106e-03	2.33302833388110e-02	1
68	46	1.26764839051207e-03	2.54492968203014e-02	1
69	46	1.29297573596447e-03	2.78983611072029e-02	1
70	46	1.33415799244840e-03	2.82859357428951e-02	1
71	46	1.36379171589131e-03	2.70054820184979e-02	1
72	46	1.39744851419739e-03	2.54106865693030e-02	1
1	49	2.05318048973995e-03	3.86417932497962e-02	1
2	49	2.02823231830528e-03	4.04914988019473e-02	1
3	49	1.99417976950514e-03	4.05289092888694e-02	1
4	49	1.97675472011687e-03	3.76810536724312e-02	1
5	49	1.94215977363996e-03	3.96518897848699e-02	1
6	49	1.92403613273209e-03	3.89047163682048e-02	1
7	49	1.88696913781198e-03	4.19747779883234e-02	1
8	49	1.85780610647597e-03	3.44770220481162e-02	1
9	49	1.83209161749551e-03	3.56952504259520e-02	1
10	49	1.79887652435038e-03	3.58332801423665e-02	1
11	49	1.78315728160893e-03	3.92993388290140e-02	1
12	49	1.75183997300488e-03	3.35887089599110e-02	1
13	49	1.72971380460943e-03	3.92016407383869e-02	1
14	49	1.69298869891846e-03	3.46216361061771e-02	1
15	49	1.66234445318972e-03	2.99997442665978e-02	1
16	49	1.62950875332554e-03	3.32479744104627e-02	1
17	49	1.58543451728065e-03	3.15722643069529e-02	1
18	49	1.56663678471825e-03	3.17882397525511e-02	1
19	49	1.52498715037743e-03	3.19298155554498e-02	1
20	49	1.48935810664620e-03	3.05227516802058e-02	1
21	49	1.45229053265984e-03	2.87452655357866e-02	1
22	49	1.41615978633165e-03	2.84534301500352e-02	1
23	49	1.35976133261925e-03	2.63020165027500e-02	1
24	49	1.31269549519369e-03	2.44800673419106e-02	1
25	49	1.27368706117511e-03	2.45289856391937e-02	1
26	49	1.22012555356674e-03	2.40386929238021e-02	1
27	49	1.17142514373638e-03	2.27936280177447e-02	1
28	49	1.11407849560581e-03	2.27429178488218e-02	1
29	49	1.08436650832442e-03	2.34380962751701e-02	1
30	49	1.02712310325356e-03	1.89361392039553e-02	1
31	49	9.71995597171721e-04	1.82056371733798e-02	1
32	49	9.30781275396906e-04	1.90766289027256e-02	1
33	49	8.80445661535493e-04	1.62169205858685e-02	1
34	49	8.45254195713557e-04	1.74005723691056e-02	1
35	49	8.13399266097262e-04	1.64020853272463e-02	1
36	49	7.77084384099713e-04	1.50163178834849e-02	1
37	49	7.31702849264777e-04	1.53136739375269e-02	1
38	49	6.91888710023461e-04	1.20090877664972e-02	1
39	49	6.59474514335097e-04	1.33965279714685e-02	1
40	49	6.24431891100638e-04	1.24732286434742e-02	1
41	49	5.92105489070108e-04	1.08953744444020e-02	1
42	49	5.53441035189888e-04	1.09596523172574e-02	1
43	49	5.19262955341881e-04	9.85512607523027e-03	1
44	49	4.69804468721013e-04	1.01338234604212e-02	1
45	49	4.24703118978299e-04	9.19094805853825e-03	1
46	49	3.71873309128736e-04	7.10758673495302e-03	1
47	49	2.39942228738300e-04	4.28348109636507e-03	1
48	49	1.40517019963013e-04	2.53983284721075e-03	1
50	49	1.05939435117179e-04	1.78762012082166e-03	1
51	49	2.40821465541928e-04	4.91420607254355e-03	1
52	49	3.72767963814525e-04	7.25847122609505e-03	1
53	49	4.65840283080189e-04	8.95660583428152e-03	1
54	49	5.25321256177065e-04	9.65951974906713e-03	1
55	49	5.83403929882592e-04	1.13162420820189e-02	1
56	49	6.44532888854368e-04	1.33445914260673e-02	1
57	49	6.89307783324932e-04	1.41307297998454e-02	1
58	49	7.45389439521012e-04	1.40121690375088e-02	1
59	49	7.93631286916520e-04	1.44653081381098e-02	1
60	49	8.43738414787918e-04	1.71816092270192e-02	1
61	49	8.94339312901641e-04	1.70945248193823e-02	1
62	49	9.33802191374215e-04	1.87756764258623e-02	1
63	49	9.79245522841489e-04	2.13895603624677e-02	1
64	49	1.02348804338509e-03	2.11880862401979e-02	1
65	49	1.06052384498131e-03	1.99961741841702e-02	1
66	49	1.10293979192697e-03	2.20302149730515e-02	1
67	49	1.13848470720962e-03	2.17880036851750e-02	1
68	49	1.17736512978540e-03	2.38019137078153e-02	1
69	49	1.20269247523780e-03	2.40705478335995e-02	1
70	49	1.24387473172173e-03	2.38663220336369e-02	1
71	49	1.27350845516464e-03	2.48526430678873e-02	1
72	49	1.31005191790898e-03	2.66751224184744e-02	1
1	52	2.15004233033867e-03	4.29584334946513e-02	1
2	52	2.12509415890400e-03	4.18209306994349e-02	1
3	52	2.09104161010386e-03	4.26848944098676e-02	1
4	52	2.07361656071559e-03	4.21187489627961e-02	1
5	52	2.03902161423867e-03	3.89611957249364e-02	1
6	52	2.02089797333081e-03	4.20377345509905e-02	1
7	52	1.98383097841070e-03	3.74655315966158e-02	1
8	52	1.95466794707468e-03	4.05295656432704e-02	1
9	52	1.92895345809422e-03	3.58390015861744e-02	1
10	52	1.89573836494910e-03	3.96757146628965e-02	1
11	52	1.88001912220764e-03	3.72774408451707e-02	1
12	52	1.84870181360360e-03	3.46181860018293e-02	1
13	52	1.82709267327506e-03	3.64698572223566e-02	1
14	52	1.79046687022530e-03	3.78419053359252e-02	1
15	52	1.76187607554965e-03	3.48132906767360e-02	1
16	52	1.72988542800333e-03	3.20598589727152e-02	1
17	52	1.68581119195843e-03	3.69569139526396e-02	1
18	52	1.66701345939604e-03	3.15293592137770e-02	1
19	52	1.62536382505522e-03	3.33661113474914e-02	1
20	52	1.58973478132399e-03	3.39209448612144e-02	1
21	52	1.55266720733763e-03	3.05544259143533e-02	1
22	52	1.52907588558198e-03	3.19017209398466e-02	1
23	52	1.48741349569407e-03	2.76685005623318e-02	1
24	52	1.45359933380941e-03	2.85942076366924e-02	1
25	52	1.41459089979083e-03	3.16359534268149e-02	1
26	52	1.36102939218247e-03	2.67598744517369e-02	1
27	52	1.31232898235210e-03	2.56733593805964e-02	1
28	52	1.25498233422153e-03	2.51347175193957e-02	1
29	52	1.22527034694014e-03	2.35311738758000e-02	1
30	52	1.16802694186929e-03	2.24167989654036e-02	1
31	52	1.11289943578744e-03	2.31179061537132e-02	1
32	52	1.07168511401263e-03	2.19545854119193e-02	1
33	52	1.02134950015122e-03	1.94723004974217e-02	1
34	52	9.86158034329280e-04	2.15469756709076e-02	1
35	52	9.56577247778277e-04	1.96154070113298e-02	1
36	52	9.22430103792950e-04	1.81429187067541e-02	1
37	52	8.79564765175062e-04	1.70824185606229e-02	1
38	52	8.43783460003691e-04	1.70388708402864e-02	1
39	52	8.11369264315327e-04	1.50282793382291e-02	1
40	52	7.76326641080868e-04	1.53107062260627e-02	1
41	52	7.44000239050338e-04	1.53470522720068e-02	1
42	52	7.05335785170117e-04	1.48596461673355e-02	1
43	52	6.71157705322111e-04	1.29557243341735e-02	1
44	52	6.29843662745590e-04	1.25575129775590e-02	1
45	52	5.95096297716240e-04	1.27274108506157e-02	1
46	52	5.61770823578143e-04	1.10511712324597e-02	1
47	52	5.10072699153187e-04	1.00097856665156e-02	1
48	52	4.74580386313840e-04	9.48365727614630e-03	1
49	52	3.72767963814525e-04	6.90089437387366e-03	1
50	52	2.76828528697347e-04	5.33606528673904e-03	1
51	52	1.41946498272598e-04	3.05681152881238e-03	1
53	52	1.09852791308533e-04	2.00480956191118e-03	1
54	52	2.37989214867437e-04	4.89783240632668e-03	1
55	52	3.35177700179882e-04	5.96472917379710e-03	1
56	52	4.63056315661343e-04	7.98559972295290e-03	1
57	52	5.38820855475246e-04	1.11798668495168e-02	1
58	52	6.15973109929434e-04	1.17539212513713e-02	1
59	52	6.68897114146649e-04	1.33881317035697e-02	1
60	52	7.31459269331748e-04	1.34359505807763e-02	1
61	52	7.92010253994700e-04	1.64444327759524e-02	1
62	52	8.31494735386759e-04	1.81465044593599e-02	1
63	52	8.76938066854033e-04	1.88860605567366e-02	1
64	52	9.21180587397637e-04	1.68431733598579e-02	1
65	52	9.58216388993852e-04	1.98388326069708e-02	1
66	52	1.00212651519811e-03	2.08013806897751e-02	1
67	52	1.03770598677546e-03	2.06317650813439e-02	1
68	52	1.07763075607527e-03	2.03928939946877e-02	1
69	52	1.10383476453532e-03	2.25647405552747e-02	1
70	52	1.14620618082323e-03	2.14629222440582e-02	1
71	52	1.17716697540197e-03	2.19524738216781e-02	1
72	52	1.21497340778982e-03	2.81101759762508e-02	1
1	55	2.24241541000460e-03	4.38181018140358e-02	1
2	55	2.21746723856993e-03	4.65031008301830e-02	1
3	55	2.18341468976979e-03	4.04077012104301e-02	1
4	55	2.16598964038151e-03	4.22622973443443e-02	1
5	55	2.13139469390460e-03	3.94895410989678e-02	1
6	55	2.11327105299673e-03	4.12101792231373e-02	1
7	55	2.07620405807663e-03	3.79421500630869e-02	1
8	55	2.04704102674061e-03	4.32514294107310e-02	1
9	55	2.02132653776015e-03	4.00223127068438e-02	1
10	55	1.98811144461503e-03	4.12695887110845e-02	1
11	55	1.97239220187357e-03	3.89620448569907e-02	1
12	55	1.94107489326953e-03	3.94859104659459e-02	1
13	55	1.91946575294099e-03	3.75781258429720e-02	1
14	55	1.88283994989123e-03	3.57422697457707e-02	1
15	55	1.85424915521558e-03	3.61743482321701e-02	1
16	55	1.82231573207068e-03	3.57935680586322e-02	1
17	55	1.77942509737012e-03	3.97575095780820e-02	1
18	55	1.76062736480773e-03	3.60831592858327e-02	1
19	55	1.71897773046691e-03	3.42395795151106e-02	1
20	55	1.68334868673567e-03	3.40368949768002e-02	1
21	55	1.64628111274931e-03	3.28345742409211e-02	1
22	55	1.62268979099366e-03	3.57449559348173e-02	1
23	55	1.58102740110575e-03	3.25786821811185e-02	1
24	55	1.55223500151150e-03	3.26587654823388e-02	1
25	55	1.52580806718783e-03	2.96589625954318e-02	1
26	55	1.48578476789766e-03	3.09325470097655e-02	1
27	55	1.43793842270010e-03	3.03112460066490e-02	1
28	55	1.38059177456953e-03	2.92510871238243e-02	1
29	55	1.35087978728814e-03	2.68636659746319e-02	1
30	55	1.29363638221728e-03	2.65312020670842e-02	1
31	55	1.23850887613544e-03	2.31446212588092e-02	1
32	55	1.19729455436063e-03	2.43187055796237e-02	1
33	55	1.14695894049921e-03	2.24094400082601e-02	1
34	55	1.11176747467728e-03	2.26803277765827e-02	1
35	55	1.08218668812627e-03	2.19528275640558e-02	1
36	55	1.04997601631540e-03	2.05450764151536e-02	1
37	55	1.00979200247960e-03	1.93567995594235e-02	1
38	55	9.75760392705398e-04	2.04609118783686e-02	1
39	55	9.44179623885508e-04	1.94059885732622e-02	1
40	55	9.12778893713676e-04	1.69166929938459e-02	1
41	55	8.81346946296916e-04	1.83789492440793e-02	1
42	55	8.42821655780963e-04	1.76557987256155e-02	1
43	55	8.08643575932957e-04	1.59040102577389e-02	1
44	55	7.67329533356437e-04	1.59860254775735e-02	1
45	55	7.32582168327086e-04	1.50780087184657e-02	1
46	55	7.03158460558645e-04	1.37298689563831e-02	1
47	55	6.66038372755694e-04	1.42600495349069e-02	1
48	55	6.35698602680765e-04	1.22753123957824e-02	1
49	55	5.83403929882592e-04	1.17425025522485e-02	1
50	55	5.36637671970990e-04	9.95654798988669e-03	1
51	55	4.67124198452480e-04	8.86709399401137e-03	1
52	55	3.35177700179882e-04	6.33663602011540e-03	1
53	55	2.35324908871349e-04	4.53598174007623e-03	1
54	55	1.07188485312445e-04	1.84737296302832e-03	1
56	55	1.37878615481461e-04	2.58723862205095e-03	1
57	55	2.32081903269663e-04	4.74690421552000e-03	1
58	55	3.60791409886317e-04	7.45699050577289e-03	1
59	55	4.86576686830471e-04	9.16885745448410e-03	1
60	55	5.85344511160944e-04	1.17670762724975e-02	1
61	55	6.64069879857045e-04	1.34188586725342e-02	1
62	55	7.16103605996578e-04	1.39796112481572e-02	1
63	55	7.69431824918143e-04	1.60116307307177e-02	1
64	55	8.17473228665679e-04	1.73470092301188e-02	1
65	55	8.69659257116521e-04	1.71722283020604e-02	1
66	55	9.18874522875348e-04	1.76798609039962e-02	1
67	55	9.54453994452700e-04	1.80727688583950e-02	1
68	55	9.94378763752516e-04	1.93416122673403e-02	1
69	55	1.02058277221257e-03	1.86019057209040e-02	1
70	55	1.06295418850048e-03	2.00623647804663e-02	1
71	55	1.09391498307921e-03	2.26051582434963e-02	1
72	55	1.13172141546706e-03	2.19611855971675e-02	1
1	58	2.32975525068407e-03	4.63128891804344e-02	1
2	58	2.30480707924940e-03	4.80946157370806e-02	1
3	58	2.27075453044925e-03	4.47927005584068e-02	1
4	58	2.25332948106098e-03	4.23092145073562e-02	1
5	58	2.21873453458407e-03	4.51487524371510e-02	1
6	58	2.20061089367620e-03	4.59137036935418e-02	1
7	58	2.16354389875609e-03	4.48502026235823e-02	1
8	58	2.13438086742008e-03	4.45455878346818e-02	1
9	58	2.10866637843962e-03	4.01903008476901e-02	1
10	58	2.07545128529449e-03	3.85588404570779e-02	1
11	58	2.05973204255304e-03	4.00817522388975e-02	1
12	58	2.02841473394900e-03	4.01605621292696e-02	1
13	58	2.00680559362045e-03	4.14780504623570e-02	1
14	58	1.97017979057070e-03	4.02254650699724e-02	1
15	58	1.94158899589504e-03	3.45972355889497e-02	1
16	58	1.90965557275015e-03	3.94589971189064e-02	1
17	58	1.86694314457914e-03	4.01512541144885e-02	1
18	58	1.84925683414404e-03	3.82031552079121e-02	1
19	58	1.80760719980322e-03	3.39490291781916e-02	1
20	58	1.77292972842675e-03	3.42815448435040e-02	1
21	58	1.73586215444040e-03	3.37664916564785e-02	1
22	58	1.71227083268475e-03	3.44661155412031e-02	1
23	58	1.67060844279683e-03	3.45247002012414e-02	1
24	58	1.64181604320258e-03	2.95233910994349e-02	1
25	58	1.61538910887892e-03	3.31165632388103e-02	1
26	58	1.57703458948003e-03	3.00856225094722e-02	1
27	58	1.53806429280090e-03	2.86044636661436e-02	1
28	58	1.50058112523446e-03	3.00683496731847e-02	1
29	58	1.47223761860904e-03	3.05319095681091e-02	1
30	58	1.41499421353819e-03	2.85422641077035e-02	1
31	58	1.35986670745634e-03	2.69788292717571e-02	1
32	58	1.31865238568153e-03	2.56686371602912e-02	1
33	58	1.27082238360330e-03	2.42432334641468e-02	1
34	58	1.23661963532221e-03	2.53761719564045e-02	1
35	58	1.20756725143205e-03	2.28080721042374e-02	1
36	58	1.17535657962118e-03	2.18535357125587e-02	1
37	58	1.13918758911512e-03	2.11017918153569e-02	1
38	58	1.10875326006396e-03	2.32286428348614e-02	1
39	58	1.07744910580665e-03	1.88198777749954e-02	1
40	58	1.04664751218969e-03	2.14373870979597e-02	1
41	58	1.01720069052216e-03	2.11204346404822e-02	1
42	58	9.80241572402019e-04	1.81531155439126e-02	1
43	58	9.50399895174675e-04	2.05764015567108e-02	1
44	58	9.12673018933260e-04	1.89297059758992e-02	1
45	58	8.77925653903910e-04	1.65938733529189e-02	1
46	58	8.48501946135468e-04	1.67863278207976e-02	1
47	58	8.11381858332518e-04	1.82051788476445e-02	1
48	58	7.87752086134749e-04	1.54210465730655e-02	1
49	58	7.45389439521012e-04	1.39173082377976e-02	1
50	58	7.05893586774109e-04	1.35990924558679e-02	1
51	58	6.65324964488450e-04	1.37190363122717e-02	1
52	58	6.15973109929434e-04	1.26428879246573e-02	1
53	58	5.73321472846036e-04	1.17657016156144e-02	1
54	58	4.57979895198762e-04	9.09445928352613e-03	1
55	58	3.60791409886317e-04	7.27474786181032e-03	1
56	58	2.32912794404856e-04	4.43545315864163e-03	1
57	58	1.38709506616654e-04	2.87449319896113e-03	1
59	58	1.35785276944154e-04	2.54144664124411e-03	1
60	58	2.34553101274627e-04	4.80412301780407e-03	1
61	58	3.60084504117595e-04	7.82457022241948e-03	1
62	58	4.53804712750757e-04	9.05460684759064e-03	1
63	58	5.80659793821340e-04	1.09827199556302e-02	1
64	58	6.71225758349072e-04	1.41612567053560e-02	1
65	58	7.28499720350751e-04	1.35137725980687e-02	1
66	58	7.89273402931639e-04	1.38223670822267e-02	1
67	58	8.34536815119241e-04	1.46479951917860e-02	1
68	58	8.85072625383020e-04	1.73924255426622e-02	1
69	58	9.20036154426726e-04	1.72605851386428e-02	1
70	58	9.65932613214967e-04	1.83598665156522e-02	1
71	58	9.96893407793704e-04	2.05857971724633e-02	1
72	58	1.03469984018155e-03	1.99414087218713e-02	1
1	61	2.42128875680341e-03	4.55494937703817e-02	1
2	61	2.39639307825665e-03	4.64012745438432e-02	1
3	61	2.36234052945650e-03	4.37490176863868e-02	1
4	61	2.34500202379814e-03	4.63295753542820e-02	1
5	61	2.31040707732123e-03	4.54720024216394e-02	1
6	61	2.29228343641336e-03	4.40100858319654e-02	1
7	61	2.25521644149325e-03	4.56942545247801e-02	1
8	61	2.22605341015724e-03	4.16540778744524e-02	1
9	61	2.20033892117678e-03	4.39848949654241e-02	1
10	61	2.16712382803165e-03	4.59788795790683e-02	1
11	61	2.15140458529020e-03	4.52857043694133e-02	1
12	61	2.12008727668615e-03	4.73090848942990e-02	1
13	61	2.09903379634555e-03	3.57360043277923e-02	1
14	61	2.06240799329579e-03	4.48922997187907e-02	1
15	61	2.03595216005108e-03	3.92980560569992e-02	1
16	61	2.00401873690619e-03	3.44249953667809e-02	1
17	61	1.96154761198612e-03	4.10927414668287e-02	1
18	61	1.94479234386800e-03	4.12374339361903e-02	1
19	61	1.90314270952718e-03	3.88241834099672e-02	1
20	61	1.86898946898413e-03	3.44338700288574e-02	1
21	61	1.83192189499777e-03	3.78188754160008e-02	1
22	61	1.80833057324212e-03	3.55409212966307e-02	1
23	61	1.76860665793111e-03	3.54707062771399e-02	1
24	61	1.73981425833685e-03	3.55212355168009e-02	1
25	61	1.71348883401025e-03	3.29067313361787e-02	1
26	61	1.67652889893856e-03	3.23831878008047e-02	1
27	61	1.63755860225943e-03	3.54384481198407e-02	1
28	61	1.60173636970047e-03	3.39374597254050e-02	1
29	61	1.57824367927932e-03	3.26119891297358e-02	1
30	61	1.52976929816152e-03	3.32641163938565e-02	1
31	61	1.48307518785457e-03	2.94257093160141e-02	1
32	61	1.44315835170696e-03	2.80212742098477e-02	1
33	61	1.39629948993845e-03	3.13033975625127e-02	1
34	61	1.36671862994040e-03	2.84546464791029e-02	1
35	61	1.33947941068509e-03	2.91875974587162e-02	1
36	61	1.30726873887422e-03	2.65893394602010e-02	1
37	61	1.27109974836816e-03	2.48461710012190e-02	1
38	61	1.24532406190363e-03	2.41538190348991e-02	1
39	61	1.21658402318181e-03	2.36268691976714e-02	1
40	61	1.18716250848344e-03	2.36891651241888e-02	1
41	61	1.15920626204405e-03	2.22324270216730e-02	1
42	61	1.12305431532778e-03	2.14002859348438e-02	1
43	61	1.09321263810044e-03	2.26995440275257e-02	1
44	61	1.05824071906973e-03	1.92880993708783e-02	1
45	61	1.02574209378024e-03	2.15273297003482e-02	1
46	61	9.97451819516097e-04	1.93687054389675e-02	1
47	61	9.60331731713147e-04	1.89879261460870e-02	1
48	61	9.36701959515378e-04	2.01071067815681e-02	1
49	61	8.94339312901641e-04	1.74734856624618e-02	1
50	61	8.54843460154738e-04	1.72994636266665e-02	1
51	61	8.28833315057461e-04	1.65671290647887e-02	1
52	61	7.92010253994700e-04	1.59788973853776e-02	1
53	61	7.57465526338490e-04	1.46299753598414e-02	1
54	61	7.01898314280965e-04	1.33990977652034e-02	1
55	61	6.64069879857044e-04	1.31332313278930e-02	1
56	61	5.82997298522451e-04	1.10285170244841e-02	1
57	61	4.88794010734249e-04	9.18676239337929e-03	1
58	61	3.60084504117595e-04	6.38725579300557e-03	1
59	61	2.34299227173441e-04	4.52868791310837e-03	1
60	61	1.35531402842968e-04	2.40454009855145e-03	1
62	61	1.03720208633162e-04	2.04410078941924e-03	1
63	61	2.30575289703745e-04	4.28345562866854e-03	1
64	61	3.23330993921228e-04	6.38018208195675e-03	1
65	61	4.46136362898233e-04	9.04127456941714e-03	1
66	61	5.69747875823207e-04	1.13938149553022e-02	1
67	61	6.65112710546268e-04	1.35017844401842e-02	1
68	61	7.51182822285220e-04	1.45116069095236e-02	1
69	61	7.88039149287972e-04	1.56228576778114e-02	1
70	61	8.38899201847958e-04	1.56771835368049e-02	1
71	61	8.79411291496990e-04	1.71473359644436e-02	1
72	61	9.28101615309964e-04	1.73957585633394e-02	1
1	64	2.49294512195103e-03	4.88333511926555e-02	1
2	64	2.46804944340426e-03	5.01054627536300e-02	1
3	64	2.43399689460412e-03	4.77217080027713e-02	1
4	64	2.41665838894576e-03	5.00836191044530e-02	1
5	64	2.38206344246885e-03	4.51087789874955e-02	1
6	64	2.36393980156098e-03	4.89920915429369e-02	1
7	64	2.32687280664087e-03	4.90629007135544e-02	1
8	64	2.29770977530486e-03	4.26788383103965e-02	1
9	64	2.27199528632440e-03	4.11344711074518e-02	1
10	64	2.23878019317927e-03	4.55390145046499e-02	1
11	64	2.22306095043781e-03	4.11238200325026e-02	1
12	64	2.19174364183377e-03	4.43874661527099e-02	1
13	64	2.17069016149316e-03	4.05713205742051e-02	1
14	64	2.13406435844340e-03	4.36499121568429e-02	1
15	64	2.10760852519870e-03	4.17668127171131e-02	1
16	64	2.07567510205380e-03	4.32192063490805e-02	1
17	64	2.03320397713374e-03	3.89739842303959e-02	1
18	64	2.01644870901562e-03	4.37818462712804e-02	1
19	64	1.97479907467480e-03	3.86886343738956e-02	1
20	64	1.94064583413174e-03	3.70213416836181e-02	1
21	64	1.90357826014539e-03	3.86410096860829e-02	1
22	64	1.87998693838974e-03	3.60833585708262e-02	1
23	64	1.84026302307872e-03	3.69198174546950e-02	1
24	64	1.81147062348447e-03	3.42873957167610e-02	1
25	64	1.78514519915787e-03	3.67939982549603e-02	1
26	64	1.74818526408618e-03	3.85650973340637e-02	1
27	64	1.70921496740704e-03	3.64108795442564e-02	1
28	64	1.67348078616991e-03	3.20918156002532e-02	1
29	64	1.65267137739191e-03	3.32165134425217e-02	1
30	64	1.60587864079799e-03	3.45183722536778e-02	1
31	64	1.56374183150831e-03	3.09588286667878e-02	1
32	64	1.52998756637093e-03	2.91235214669150e-02	1
33	64	1.50146600124795e-03	2.99512398655640e-02	1
34	64	1.47211455529871e-03	3.18335922664889e-02	1
35	64	1.44630534289647e-03	2.95198479620408e-02	1
36	64	1.42033151890273e-03	2.97607670794558e-02	1
37	64	1.38536048609128e-03	2.91225722844045e-02	1
38	64	1.35958479962674e-03	2.81025830325896e-02	1
39	64	1.33416299576264e-03	2.44955567992624e-02	1
40	64	1.30474148106427e-03	2.60259360875556e-02	1
41	64	1.27691957872762e-03	2.80023079043294e-02	1
42	64	1.24551270898398e-03	2.52229352554045e-02	1
43	64	1.21585660610740e-03	2.26002569446381e-02	1
44	64	1.18205547233856e-03	2.06802868312255e-02	1
45	64	1.15029882959658e-03	2.14764922896335e-02	1
46	64	1.12417072269688e-03	2.28187210349819e-02	1
47	64	1.08806219913169e-03	2.08804403255034e-02	1
48	64	1.06585068999883e-03	2.09018613504577e-02	1
49	64	1.02348804338509e-03	1.87083155998850e-02	1
50	64	9.83992190638191e-04	1.75069259867017e-02	1
51	64	9.57982045540913e-04	1.81032731680303e-02	1
52	64	9.21180587397637e-04	1.79595383121854e-02	1
53	64	8.96419016567342e-04	1.76616953792432e-02	1
54	64	8.52570246696592e-04	1.68526061774949e-02	1
55	64	8.17473228665678e-04	1.64085873217565e-02	1
56	64	7.56754096790094e-04	1.47573526933489e-02	1
57	64	7.24110399801291e-04	1.50440839609894e-02	1
58	64	6.71225758349072e-04	1.32409381343514e-02	1
59	64	5.47630221094669e-04	1.17939367030830e-02	1
60	64	4.48862396764196e-04	8.62125823236403e-03	1
61	64	3.23330993921228e-04	6.30042937566046e-03	1
62	64	2.29610785288066e-04	4.75735858111844e-03	1
63	64	1.02755704217484e-04	1.82116977636421e-03	1
65	64	1.32805368977005e-04	2.36026759170896e-03	1
66	64	2.56416881901979e-04	4.69222960993972e-03	1
67	64	3.51781716625040e-04	6.75574267265326e-03	1
68	64	4.74806531290532e-04	9.25387037633914e-03	1
69	64	5.69271731855094e-04	1.07823877892922e-02	1
70	64	6.85617523666240e-04	1.40840214100806e-02	1
71	64	7.41210792600956e-04	1.45587719257953e-02	1
72	64	7.90444380787576e-04	1.64597922321574e-02	1
1	67	2.54505292227696e-03	4.91667675083508e-02	1
2	67	2.52015724373020e-03	4.96849425272717e-02	1
3	67	2.48610469493005e-03	5.03083925472624e-02	1
4	67	2.46960254764058e-03	5.18743679255884e-02	1
5	67	2.43500760116367e-03	5.04704489564160e-02	1
6	67	2.41688396025580e-03	4.87249122540355e-02	1
7	67	2.37981696533569e-03	4.89677684544911e-02	1
8	67	2.35065393399968e-03	4.84439161136998e-02	1
9	67	2.32493944501922e-03	4.86167030601503e-02	1
10	67	2.29172435187409e-03	4.86368054896194e-02	1
11	67	2.27600510913264e-03	4.78650913528450e-02	1
12	67	2.24468780052860e-03	4.66108011603131e-02	1
13	67	2.22371456241579e-03	4.25020119423531e-02	1
14	67	2.18708875936603e-03	4.40238880531038e-02	1
15	67	2.16184317633688e-03	4.19068442141852e-02	1
16	67	2.12990975319198e-03	4.29263181134479e-02	1
17	67	2.08743862827191e-03	3.99571102931206e-02	1
18	67	2.07068336015380e-03	4.55849480233299e-02	1
19	67	2.02903372581298e-03	3.67922446254187e-02	1
20	67	1.99488048526992e-03	3.84954304450120e-02	1
21	67	1.95781291128356e-03	4.10733968806246e-02	1
22	67	1.93422158952791e-03	3.77693664439415e-02	1
23	67	1.89449767421690e-03	3.83122540202608e-02	1
24	67	1.86570527462264e-03	3.24526637159166e-02	1
25	67	1.83937985029605e-03	3.79794557832661e-02	1
26	67	1.80241991522435e-03	3.48596105092501e-02	1
27	67	1.76344961854522e-03	3.68735809344601e-02	1
28	67	1.72771543730808e-03	3.14907184143239e-02	1
29	67	1.70777513017167e-03	3.43614616457559e-02	1
30	67	1.66098239357774e-03	3.29141258559770e-02	1
31	67	1.61957417059854e-03	3.30600546295303e-02	1
32	67	1.58692043340629e-03	3.22807147002258e-02	1
33	67	1.56097946167919e-03	3.01387314484030e-02	1
34	67	1.54739201986452e-03	2.92098449584128e-02	1
35	67	1.53749589767433e-03	3.00078752453354e-02	1
36	67	1.51152207368059e-03	3.19014245701571e-02	1
37	67	1.48002856290137e-03	3.07529111971303e-02	1
38	67	1.45425287643684e-03	2.77567662357310e-02	1
39	67	1.42944798978889e-03	2.92633139658560e-02	1
40	67	1.40119151045432e-03	2.78058671994594e-02	1
41	67	1.37336960811767e-03	2.74513072945955e-02	1
42	67	1.34196273837403e-03	2.75628462025340e-02	1
43	67	1.31470237257612e-03	2.64726980608766e-02	1
44	67	1.28411849061078e-03	2.39219649957961e-02	1
45	67	1.25620813833378e-03	2.34990014871942e-02	1
46	67	1.23079712314106e-03	2.50002438891597e-02	1
47	67	1.19587378503507e-03	2.11928556501495e-02	1
48	67	1.17536963025473e-03	2.46399769960134e-02	1
49	67	1.13848470720962e-03	2.28452771194185e-02	1
50	67	1.10051759001601e-03	2.28709862101112e-02	1
51	67	1.07450744491873e-03	1.98839853418505e-02	1
52	67	1.03770598677546e-03	2.18881610707339e-02	1
53	67	1.01294441594516e-03	1.93151682805989e-02	1
54	67	9.77720141815073e-04	1.96759955821510e-02	1
55	67	9.54453994452700e-04	1.76226997276820e-02	1
56	67	9.12630769208477e-04	1.84900084434701e-02	1
57	67	8.80059266214399e-04	1.63345999941731e-02	1
58	67	8.34536815119241e-04	1.61954689933583e-02	1
59	67	7.78728805948221e-04	1.69467917387175e-02	1
60	67	7.50037577489631e-04	1.50569426179373e-02	1
61	67	6.65112710546268e-04	1.26328625097645e-02	1
62	67	5.71392501913106e-04	1.16452540208008e-02	1
63	67	4.44537420842523e-04	9.02373689016850e-03	1
64	67	3.51781716625040e-04	6.09214040960303e-03	1
65	67	2.28976347648034e-04	4.30640052492318e-03	1
66	67	1.05364834723060e-04	1.94137167593236e-03	1
68	67	1.33024814665493e-04	2.66134989275324e-03	1
69	67	2.27490015230055e-04	4.67280902961862e-03	1
70	67	3.51711165295861e-04	6.78939818377344e-03	1
71	67	4.42721022834700e-04	9.19871648280145e-03	1
72	67	5.64733625435776e-04	1.09228974803963e-02	1
1	70	2.59814508458529e-03	5.12866626251274e-02	1
2	70	2.57324940603853e-03	4.96640591701953e-02	1
3	70	2.53919685723838e-03	4.82536834348705e-02	1
4	70	2.52281493090752e-03	5.00246905476650e-02	1
5	70	2.48878587224172e-03	5.10936523463974e-02	1
6	70	2.47110500984435e-03	5.13146191204921e-02	1
7	70	2.43403801492424e-03	5.05399458978006e-02	1
8	70	2.40487498358823e-03	4.86206530410223e-02	1
9	70	2.37916049460777e-03	4.71823881994287e-02	1
10	70	2.34594540146264e-03	4.81628888217685e-02	1
11	70	2.33022615872119e-03	4.74609393618754e-02	1
12	70	2.29890885011714e-03	5.02231745368916e-02	1
13	70	2.27793561200434e-03	4.80407902830020e-02	1
14	70	2.24130980895458e-03	4.26479915512256e-02	1
15	70	2.21699676967078e-03	4.23076898149018e-02	1
16	70	2.18517311135767e-03	4.51824770912656e-02	1
17	70	2.14270198643760e-03	4.33455913331221e-02	1
18	70	2.12594671831949e-03	4.73468795249886e-02	1
19	70	2.08429708397867e-03	3.84263303211383e-02	1
20	70	2.05014384343561e-03	4.12876357137848e-02	1
21	70	2.01307626944925e-03	3.87875013061656e-02	1
22	70	1.98948494769360e-03	3.73182352573902e-02	1
23	70	1.94976103238259e-03	3.46190523304377e-02	1
24	70	1.92096863278834e-03	4.27441559503877e-02	1
25	70	1.89464320846174e-03	3.82032215172984e-02	1
26	70	1.85768327339004e-03	3.35138906848863e-02	1
27	70	1.81871297671091e-03	3.71981126201939e-02	1
28	70	1.78297879547377e-03	3.47199625294129e-02	1
29	70	1.76303848833736e-03	3.42378912651211e-02	1
30	70	1.71624575174344e-03	3.48576114617533e-02	1
31	70	1.67483752876423e-03	3.25642630754770e-02	1
32	70	1.64218379157199e-03	3.18956410991152e-02	1
33	70	1.61624281984488e-03	3.51103844909981e-02	1
34	70	1.60265537803021e-03	3.18627743653654e-02	1
35	70	1.60817774853910e-03	3.24974205126014e-02	1
36	70	1.59750347395083e-03	3.36170122151461e-02	1
37	70	1.56655555363359e-03	2.89304643296142e-02	1
38	70	1.54372362361185e-03	3.27462480980488e-02	1
39	70	1.52207176615279e-03	3.12065966153859e-02	1
40	70	1.49665316317669e-03	3.03838680183707e-02	1
41	70	1.47191262039948e-03	2.88435987205447e-02	1
42	70	1.44050575065585e-03	3.08055603132228e-02	1
43	70	1.41596503517806e-03	2.81799612376969e-02	1
44	70	1.38597137581006e-03	2.73762633217025e-02	1
45	70	1.35915758701057e-03	2.91311162125216e-02	1
46	70	1.33415799244840e-03	2.60784736322348e-02	1
47	70	1.30042490240427e-03	2.46224309431495e-02	1
48	70	1.27992074762393e-03	2.51808940698364e-02	1
49	70	1.24387473172173e-03	2.58917882326557e-02	1
50	70	1.20800077436079e-03	2.52345861632421e-02	1
51	70	1.18300763896651e-03	2.20753206347951e-02	1
52	70	1.14620618082324e-03	2.14023184510520e-02	1
53	70	1.12144460999294e-03	2.24422148117372e-02	1
54	70	1.08622033586285e-03	2.18743833420196e-02	1
55	70	1.06295418850048e-03	2.06960264222781e-02	1
56	70	1.02900395131584e-03	1.98720308745435e-02	1
57	70	9.99927395888604e-04	2.10365444905921e-02	1
58	70	9.65932613214968e-04	1.89511401250862e-02	1
59	70	9.17205566692736e-04	1.82685743073916e-02	1
60	70	8.91303303946474e-04	1.83654116104261e-02	1
61	70	8.38899201847959e-04	1.64128882610275e-02	1
62	70	7.91790180954299e-04	1.60077245651822e-02	1
63	70	7.44941438507660e-04	1.46173861791246e-02	1
64	70	6.85617523666240e-04	1.23490772454880e-02	1
65	70	5.70687512943895e-04	1.12462442737349e-02	1
66	70	4.47076000018921e-04	8.02149572032756e-03	1
67	70	3.51711165295861e-04	6.38120898110952e-03	1
68	70	2.28686350630368e-04	3.99882293105665e-03	1
69	70	1.34221150065806e-04	2.64883200162724e-03	1
71	70	1.01009857538839e-04	1.68487875393280e-03	1
72	70	2.23022460139915e-04	4.14191178435932e-03	1
0
