56
# x y z
21.375 2965.981 0.0
22.875 2964.563 0.0
24.375 2963.821 0.0
25.875 2963.132 0.0
27.375 2962.38 0.0
28.875 2961.36 0.0
30.375 2960.586 0.0
31.875 2959.859 0.0
33.375 2959.2 0.0
34.875 2958.635 0.0
36.375 2958.012 0.0
37.875 2957.277 0.0
39.375 2956.528 0.0
40.875 2955.697 0.0
42.375 2954.975 0.0
43.875 2954.283 0.0
45.375 2953.512 0.0
46.875 2952.847 0.0
48.375 2951.95 0.0
49.875 2951.131 0.0
51.375 2950.357 0.0
52.875 2949.624 0.0
54.375 2948.811 0.0
55.875 2948.158 0.0
57.375 2947.454 0.0
58.875 2946.845 0.0
60.375 2946.19 0.0
61.875 2945.65 0.0
63.375 2945.17 0.0
64.875 2944.684 0.0
66.375 2944.204 0.0
67.875 2943.74 0.0
69.375 2943.484 0.0
70.875 2943.148 0.0
72.375 2942.711 0.0
73.875 2942.282 0.0
75.375 2941.835 0.0
76.875 2941.254 0.0
78.375 2940.771 0.0
79.875 2940.297 0.0
81.375 2939.781 0.0
82.875 2939.288 0.0
84.375 2939.127 0.0
85.875 2939.202 0.0
87.375 2939.147 0.0
88.875 2939.03 0.0
90.375 2938.745 0.0
91.875 2938.389 0.0
93.375 2938.393 0.0
94.875 2938.589 0.0
96.375 2938.645 0.0
97.875 2938.588 0.0
99.375 2938.778 0.0
100.875 2938.937 0.0
102.375 2939.046 0.0
103.875 2939.099 0.0
903
# a b m n r rhoa k err
2 11 5 8 108.616228 3208.136422379782 29.53643743161272 0.05
2 14 6 10 67.4879981 2714.5113932959316 40.22213533840073 0.01
2 17 7 12 54.4777774 2882.383610144442 52.90934666773762 0.01
2 20 8 14 34.8661281 2224.334890452441 63.79644117846401 0.01
2 23 9 16 24.7948336 1871.7113787166827 75.48795885916664 0.01
2 26 10 18 20.4168594 1773.750680177252 86.87676421855812 0.01
2 29 11 20 16.0963544 1544.0486163419998 95.92536160498553 0.01
2 32 12 22 12.2745814 1283.1160554093858 104.53440435935238 0.01
2 35 13 24 10.9741666 1215.1175248410502 110.72526681352278 0.023134211607867463
2 38 14 26 9.88185492 1165.263050679207 117.91946553686167 0.01
2 41 15 28 9.15067826 1157.600860657301 126.50437790141481 0.01
2 44 16 30 8.09875892 1120.9287133418907 138.40746766442712 0.01
2 47 17 32 7.24957476 1055.7778361723383 145.633071059238 0.019187286908703055
3 9 5 7 160.62388 3210.849186466988 19.989861946224856 0.01
3 12 6 9 97.2712787 2856.9757365677137 29.37121599253443 0.01
3 15 7 11 73.771863 3101.5374791368945 42.04228215216545 0.01
3 18 8 13 48.9316455 2618.30794275315 53.509501182688616 0.01
3 21 9 15 31.2403657 2010.7402113057992 64.3635298835762 0.01
3 24 10 17 24.9794424 1886.1458907458518 75.5079260994974 0.01
3 27 11 19 18.8794026 1627.9164911971495 86.22711881768704 0.01
3 30 12 21 14.0634452 1333.0227076361084 94.7863548852246 0.01
3 33 13 23 12.5965113 1298.6129020084177 103.09306053719952 0.01
3 36 14 25 11.5254056 1266.701184042051 109.90512854853898 0.01
3 39 15 27 10.1230512 1190.285404639293 117.58168373575873 0.01
3 42 16 29 8.87256691 1131.9669207795564 127.5805448707015 0.01
3 45 17 31 7.83657368 1083.4040412217335 138.24971032770708 0.01
3 48 18 33 6.98030793 1022.9173810235397 146.54330314386857 0.012583792750139782
4 13 7 10 94.7022421 2916.4038144406218 30.79550969195714 0.01
4 16 8 12 72.2381716 3149.033194935349 43.59237125175728 0.01
4 19 9 14 41.623572 2252.4881691797495 54.11568639951779 0.01
4 22 10 16 30.8640817 2005.391832443072 64.97493921690442 0.01
4 25 11 18 22.6510048 1726.038942567999 76.20142937623672 0.01
4 28 12 20 16.3491988 1402.8449137758062 85.8051168706693 0.01
4 31 13 22 14.4061536 1362.9763711341711 94.61070657570743 0.01
4 34 14 24 12.8384781 1317.1101407687438 102.5908312893211 0.01
4 37 15 26 11.47582 1256.620782387474 109.50161142188306 0.01
4 40 16 28 9.89247051 1159.4576759502922 117.20607858049527 0.01
4 43 17 30 8.57508165 1111.2095961798934 129.5858910194626 0.01
4 46 18 32 7.61458457 1044.4779632772074 137.16808233928478 0.01
4 49 19 34 6.66377059 998.356029860304 149.81848735286428 0.01
5 14 8 11 92.1768445 3047.9709878070967 33.066558139849285 0.01
5 17 9 13 59.1003545 2663.426097510944 45.06616110925264 0.01
5 20 10 15 38.3202792 2087.4327054437344 54.473316714345195 0.01
5 23 11 17 27.5815236 1797.9025489809696 65.18503383116115 0.01
5 26 12 19 19.1095315 1456.5584060201916 76.2215654538779 0.01
5 29 13 21 16.2513422 1389.222282988736 85.48354135258661 0.01
5 32 14 23 14.6279924 1386.8340933948775 94.80686450143887 0.01
5 35 15 25 13.1912646 1346.4088238737984 102.06821443592287 0.01
5 38 16 27 10.9928925 1196.5305904243112 108.84583747401435 0.01
5 41 17 29 9.34728497 1103.0942608699859 118.012263925873 0.01
5 44 18 31 8.19782455 1065.4839735893793 129.97155124396744 0.01
5 47 19 33 7.16949149 989.3190437442524 137.99012735061527 0.01
5 50 20 35 6.40100337 977.0929548144624 152.6468427424781 0.01
6 12 8 10 129.618545 2712.162627014511 20.924186635596865 0.01
6 15 9 12 91.3387116 3067.1631505714017 33.580100888694844 0.01
6 18 10 14 53.3675748 2307.205536346092 43.23234745053642 0.01
6 21 11 16 33.9466714 1817.6266074487012 53.54358859021156 0.01
6 24 12 18 22.9583019 1489.7929072121137 64.89124995834791 0.01
6 27 13 20 18.7832753 1404.2774454550663 74.76211805589978 0.01
6 30 14 22 16.4028507 1390.23380695 84.75562159143472 0.01
6 33 15 24 14.4745877 1354.9959867062244 93.61206099889286 0.01
6 36 16 26 12.4429762 1246.6440378079014 100.18857367965563 0.01
6 39 17 28 10.2747206 1105.9634279164595 107.6392702996186 0.01
6 42 18 30 8.801843 1039.90833572139 118.1466581171 0.01
6 45 19 32 7.64345597 983.9490849488761 128.7309155453768 0.01
6 48 20 34 6.84183896 959.2715350963638 140.20668137683904 0.01
6 51 21 36 6.26614005 961.0572964834487 153.3730955284743 0.01
7 13 9 11 120.558615 2596.028891142682 21.53333373266342 0.01
7 16 10 13 79.9538517 2626.314131615409 32.84787506510345 0.01
7 19 11 15 42.0470353 1747.3909361985175 41.55800578402534 0.01
7 22 12 17 27.5793858 1444.6961557183345 52.38318816071438 0.01
7 25 13 19 22.039913 1407.6088029000716 63.866350239226065 0.01
7 28 14 21 18.2802645 1353.8871763029301 74.06277826575923 0.01
7 31 15 23 16.5851888 1381.7456100227378 83.31202174935372 0.01
7 34 16 25 13.8189194 1260.9846364058203 91.25059636760167 0.01
7 37 17 27 11.483726 1126.8917189636736 98.12945022927869 0.01
7 40 18 29 9.50126385 1009.4348338709585 106.24216418018518 0.01
7 43 19 31 8.11141605 965.2816663062864 119.00285478591452 0.01
7 46 20 33 7.26403795 933.7406661426586 128.54292234839696 0.01
7 49 21 35 6.59030368 939.5445589796155 142.56468360189672 0.01
7 52 22 37 6.26490536 966.6959218348817 154.3033559624086 0.01
8 11 9 10 255.933677 2638.1042620125468 10.30776524971564 0.01
8 14 10 12 147.050961 3169.568512083444 21.55421828275875 0.01
8 17 11 14 66.2938411 2071.0566799106705 31.240559387509535 0.01
8 20 12 16 34.6261578 1426.5767034501916 41.19939358244915 0.01
8 23 13 18 28.0333039 1476.7736508154355 52.67925807401658 0.01
8 26 14 20 22.3414795 1412.095777991448 63.20511486231017 0.01
8 29 15 22 18.9179213 1392.5053739413556 73.60773691036317 0.01
8 32 16 24 15.6468317 1287.3546798455047 82.27574147458266 0.01
8 35 17 26 13.1302053 1178.1787152165098 89.73041078165852 0.01
8 38 18 28 10.6910323 1028.4592003154612 96.19830634273373 0.01
8 41 19 30 8.79424753 934.699331498784 106.28531074548728 0.01
8 44 20 32 7.83673825 933.8871966296118 119.16784341107882 0.01
8 47 21 34 7.06224407 915.1711278607756 129.58644855512273 0.01
8 50 22 36 6.40728563 921.272767091248 143.78518772094262 0.01
8 53 23 38 6.10974394 949.246688836671 155.36603467487885 0.01
9 15 11 13 130.543917 2737.2059132313766 20.967701721646492 0.01
9 18 12 15 50.132182 1501.4947232693244 29.950715555714776 0.01
9 21 13 17 39.9603907 1632.398275341719 40.85040828546551 0.01
9 24 14 19 30.4955288 1609.4026424070596 52.77503639835423 0.01
9 27 15 21 23.8028126 1497.8542760110156 62.9276170502227 0.01
9 30 16 23 19.3073639 1391.6391458126816 72.07815385986906 0.01
9 33 17 25 15.2716203 1239.4743290751696 81.16193990726508 0.01
9 36 18 27 12.6651792 1108.888789382538 87.55413341348837 0.013952406016728522
9 39 19 29 9.77817757 937.4216226437384 95.86874608616239 0.01
9 42 20 31 8.47203396 913.2131373316138 107.79148686646835 0.01
9 45 21 33 7.68373841 918.3487455690588 119.51848131293407 0.01
9 48 22 35 6.81944288 896.8216565097664 131.5095195151435 0.01
9 51 23 37 6.35174647 922.549467669857 145.24343375907083 0.01
9 54 24 39 6.07254561 942.2929399462062 155.1726410081597 0.01
10 16 12 14 82.1191941 1666.3911376953242 20.292346460026014 0.01
10 19 13 16 51.3436579 1552.252130099813 30.232597239625445 0.01
10 22 14 18 39.6438135 1674.7700075390699 42.2454314981345 0.01
10 25 15 20 29.9059152 1584.0814125498114 52.968832485347626 0.01
10 28 16 22 22.3368285 1406.8983885651508 62.98559298895771 0.01
10 31 17 24 17.7876542 1277.4585630609802 71.81714624635441 0.01
10 34 18 26 14.2277314 1132.9464774636413 79.62945360801803 0.01
10 37 19 28 11.2307027 972.3773646052995 86.5820590732314 0.01
10 40 20 30 9.23380864 892.3942722852922 96.64422418497209 0.01
10 43 21 32 8.28777441 908.1256446460665 109.57412686695781 0.01
10 46 22 34 7.31082577 882.5187866954486 120.71396781426083 0.01
10 49 23 36 6.49760452 876.7024143280845 134.92701989318434 0.01
10 52 24 38 6.42350746 940.8340961324312 146.4673470049074 0.01
10 55 25 40 5.94526425 923.1704230359838 155.27828271653087 0.01
11 14 12 13 210.275122 2243.384990197109 10.668808410902306 0.01
11 17 13 15 84.2078264 1712.0940205474487 20.33176836099226 0.01
11 20 14 17 60.8827571 1908.8572307601805 31.353002421110467 0.01
11 23 15 19 43.7027086 1893.1502054183954 43.31883002369321 0.01
11 26 16 21 29.2509703 1546.8518586899556 52.88206999033997 0.01
11 29 17 23 22.1571623 1389.2258258403447 62.69872500055409 0.01
11 32 18 25 17.4108525 1241.6319310442457 71.31367812370162 0.01
11 35 19 27 13.4947733 1064.9161767087278 78.91323203693446 0.01
11 38 20 29 10.5610221 921.1494626144378 87.22162058674583 0.01
11 41 21 31 9.1146792 893.0047249370209 97.97434504738477 0.01
11 44 22 33 8.07099482 898.2309683832052 111.2912334124389 0.01
11 47 23 35 6.9817795 857.7012265750018 122.84851255686344 0.011560037420721774
11 50 24 37 6.78679144 933.9306733715854 137.61004469169092 0.01
11 53 25 39 6.14945343 909.0503502372991 147.82620286260124 0.01
11 56 26 41 5.87815853 908.8495414304865 154.6146700181777 0.01
12 15 13 14 297.259981 3081.5342775004888 10.366461933873598 0.01
12 18 14 16 103.081959 2148.1242039425747 20.83899282455987 0.01
12 21 15 18 69.7287093 2294.2527594220937 32.902555955127845 0.01
12 24 16 20 44.0953227 1894.063306866352 42.95383707139424 0.01
12 27 17 22 28.6854995 1528.1099466322012 53.27116394233265 0.01
12 30 18 24 21.7104337 1341.155759842737 61.7747106472008 0.01
12 33 19 26 15.9659609 1135.6786246571273 71.13124175677565 0.01
12 36 20 28 13.133796 1031.9916609423942 78.57527716605269 0.01
12 39 21 30 10.3416026 910.5035131468152 88.04278682559463 0.01
12 42 22 32 8.92579072 887.2319460859703 99.40093532530979 0.01
12 45 23 34 7.65161166 868.1039838150658 113.45374313142622 0.01
12 48 24 36 7.02376431 881.7051597652052 125.53171217745563 0.01
12 51 25 38 6.58313649 911.9858999168096 138.53364597591832 0.01
12 54 26 40 6.26902931 928.060695961017 148.03897861517848 0.01
13 16 14 15 185.633897 1949.29818396081 10.500766376524489 0.01
13 19 15 17 108.124021 2295.905883775007 21.23400390164002 0.01
13 22 16 19 60.0358011 1961.8825325376552 32.67854341228496 0.01
13 25 17 21 35.7044684 1530.3579471656942 42.861804579218834 0.01
13 28 18 23 25.6979151 1339.9540865230256 52.14252134108053 0.01
13 31 19 25 18.8557761 1157.5751418103928 61.391010143061294 0.01
13 34 20 27 14.3902894 1013.6099038923995 70.4370757055379 0.01
13 37 21 29 11.584584 908.353758412041 78.41056341876765 0.01
13 40 22 31 9.3371193 825.47587904201 88.40798243222726 0.01
13 43 23 33 8.03928765 823.3624529621358 102.41733954651265 0.01
13 46 24 35 7.21606486 827.4978445609797 114.67439118347666 0.01
13 49 25 37 6.74418542 869.1369411694218 128.87204117964802 0.01
13 52 26 39 6.41492048 892.4199434690315 139.1162908801999 0.01
13 55 27 41 6.04877266 891.5466419218391 147.39298235120629 0.01
14 17 15 16 219.088933 2354.0188872930958 10.744581458585568 0.01
14 20 16 18 93.284138 2029.967147247707 21.761118136158444 0.01
14 23 17 20 49.9268973 1607.2977934465093 32.193023808161 0.01
14 26 18 22 31.168284 1303.624045492665 41.82533903671646 0.01
14 29 19 24 21.1014271 1087.0411498919623 51.51505368525347 0.01
14 32 20 26 16.463986 1013.4692266912033 61.55673520927456 0.01
14 35 21 28 13.4192321 932.0458275284393 69.45597338080465 0.01
14 38 22 30 10.0412505 785.3606140221012 78.21342710473175 0.01
14 41 23 32 8.38114379 745.4735323732474 88.9465150642938 0.01
14 44 24 34 7.59673667 794.3834159684542 104.56903410980733 0.01
14 47 25 36 6.56509746 758.9611544749197 115.60546649903347 0.01
14 50 26 38 6.63725049 860.9654702935068 129.71718810231417 0.01
14 53 27 40 6.19849935 865.8923691312284 139.69387108691532 0.01
14 56 28 42 5.85252225 845.7933555821058 144.51775139891282 0.01
15 18 16 17 270.920732 2733.865588356773 10.091016542642345 0.01
15 21 17 19 89.751664 1945.0496979183044 21.671461132111205 0.01
15 24 18 21 47.4924641 1476.5798363116023 31.090823866340564 0.01
15 27 19 23 28.0336903 1153.7115967801017 41.154467515113474 0.01
15 30 20 25 20.2879413 1039.5544401730642 51.24001616532004 0.01
15 33 21 27 15.0817979 920.6329028187859 61.042649485363135 0.01
15 36 22 29 11.9438869 822.2800110472937 68.84526100521713 0.01
15 39 23 31 8.8019016 693.8563201064185 78.83027459730047 0.01
15 42 24 33 7.96654771 725.806922577936 91.10683184221287 0.01
15 45 25 35 6.69939614 708.5230570412824 105.7592419130006 0.01
15 48 26 37 6.77329054 797.850651713907 117.79365538834645 0.01
15 51 27 39 6.35995499 824.748959661365 129.6784271206556 0.01
15 54 28 41 5.98420569 830.9729164606713 138.8610217475114 0.01
16 19 17 18 226.196914 2496.5943719940888 11.037260976929547 0.01
16 22 18 20 94.6856794 1960.8838414519741 20.709402455340825 0.01
16 25 19 22 43.3554052 1361.0489141427508 31.39283113291606 0.01
16 28 20 24 25.7564739 1073.530465246724 41.68002458002312 0.01
16 31 21 26 19.7078286 1015.134278201343 51.509189510677146 0.01
16 34 22 28 14.2180774 854.5165255888236 60.10070852398255 0.01
16 37 23 30 10.4737236 723.9584659595528 69.1214026270039 0.01
16 40 24 32 8.65900582 684.1244250068358 79.00727164620797 0.01
16 43 25 34 7.20951703 683.0968324974257 94.7493194974013 0.01
16 46 26 36 6.72429363 716.6704568590117 106.57929238271703 0.01
16 49 27 38 6.74501321 810.8165189665074 120.20977479546069 0.01
16 52 28 40 6.32087089 824.0606701195985 130.37138148531278 0.01
16 55 29 42 6.08749119 827.3002926651737 135.9016821287874 0.01
17 20 18 19 293.921743 3062.3581446442404 10.418957486395419 0.01
17 23 19 21 89.3328315 1846.951439991768 20.67494569442555 0.01
17 26 20 23 47.6517733 1485.2210467993204 31.168221955746617 0.01
17 29 21 25 28.4185156 1181.8673608389388 41.58793434091043 0.01
17 32 22 27 19.3103527 989.9511758045652 51.26530784725466 0.01
17 35 23 29 13.5200304 812.6018414600804 60.103551354446694 0.01
17 38 24 31 10.0587956 696.933063676741 69.28593555243741 0.01
17 41 25 33 7.93446816 637.9871131669955 80.40704182080876 0.01165689301712998
17 44 26 35 7.218633 698.2351200887978 96.72677916841012 0.01
17 47 27 37 7.06782136 762.3645494628564 107.86415086513398 0.015002820693935204
17 50 28 39 6.70325508 811.182769925483 121.01326299602535 0.01
17 53 29 41 6.34380796 823.4222187439177 129.79936087849634 0.01
17 56 30 43 6.10499692 808.8097489664336 132.48323620226063 0.01
18 21 19 20 299.264509 3188.3794642697617 10.654051410652782 0.01
18 24 20 22 102.825993 2225.6600396657213 21.644916569546 0.01
18 27 21 24 45.1834717 1440.6993675759948 31.885539410111214 0.01
18 30 22 26 27.0253004 1128.6795984705636 41.763813232972005 0.01
18 33 23 28 17.3965109 898.9440822233236 51.67381478910944 0.01
18 36 24 30 13.4347997 811.514931954465 60.40394721734967 0.01
18 39 25 32 8.84650944 616.9591859113101 69.74040892577288 0.012113458240718314
18 42 26 34 7.87753083 660.5955538661344 83.85819974837653 0.012140153808885742
18 45 27 36 7.01962045 690.1947603455138 98.32365799001481 0.01
18 48 28 38 7.175969 788.5501332958636 109.88761703065657 0.01
18 51 29 40 6.77341005 818.6721432088693 120.86558131954071 0.010228524906793905
18 54 30 42 6.40355174 813.8790967943494 127.09807460607 0.013877701992864519
19 22 20 21 257.333907 2732.751340559816 10.619476354353163 0.01
19 25 21 23 111.382526 2371.9323837536044 21.295372523277166 0.01
19 28 22 25 43.1851915 1363.9293289373934 31.58326457664066 0.01
19 31 23 27 25.5659454 1065.1925783069485 41.66450962955387 0.01
19 34 24 29 16.7405877 855.9819275556033 51.13213125460364 0.01
19 37 25 31 11.1747454 671.1123775047549 60.05616714137889 0.01
19 40 26 33 8.48693065 597.7648334503197 70.43357111093157 0.01
19 43 27 35 7.3417107 639.0437750768391 87.04289792797734 0.01
19 46 28 37 7.41999993 735.910402878425 99.17930051495632 0.01
19 49 29 39 7.24892922 804.1952740325227 110.9398712038359 0.01
19 52 30 41 6.78369353 812.1580957158903 119.72210892550306 0.01
19 55 31 43 6.46872636 800.0783513375759 123.68406187111862 0.01
20 23 21 22 296.390172 3235.151130968175 10.915176806092528 0.01
20 26 22 24 90.9470466 1894.652125265357 20.832475556884738 0.01
20 29 23 26 38.1847204 1208.5302350071531 31.649576646033342 0.01
20 32 24 28 25.6073958 1059.758922433247 41.384876881281585 0.01
20 35 25 30 15.2556688 773.1439587793486 50.67912583284114 0.01
20 38 26 32 10.0314073 595.0226915610114 59.31597369802853 0.01
20 41 27 34 8.03467506 581.6048130720122 72.38684934098782 0.01
20 44 28 36 7.33559036 650.252563889449 88.64352178594784 0.01
20 47 29 38 7.69216692 757.2418454748887 98.44324146243159 0.01
20 50 30 40 7.27062795 803.321958192148 110.48866256347885 0.01
20 53 31 42 6.70179853 783.5008895046144 116.90904851844516 0.01
20 56 32 44 6.17602152 755.4834456950504 122.32526121363813 0.01
21 27 23 25 84.7931769 1778.0430120552578 20.969175552322746 0.01
21 30 24 27 43.182707 1340.1593696679683 31.03463082265705 0.01
21 33 25 29 20.6236316 852.089022796796 41.3161483546281 0.01
21 36 26 31 14.7375552 738.1401260779022 50.085656410494884 0.01
21 39 27 33 9.09875913 546.575216236354 60.07140187217529 0.01
21 42 28 35 7.58148724 568.9911788967792 75.05007406657313 0.01
21 45 29 37 7.93590681 706.0793069017726 88.97273163692464 0.01
21 48 30 39 7.69374556 757.1336023033138 98.40897341857426 0.01
21 51 31 41 7.03952063 764.3618818476931 108.58152451322428 0.01
21 54 32 43 6.53635915 744.7832481759525 113.9446641600091 0.01
22 25 23 24 252.343208 2708.234364359425 10.732344990872212 0.01
22 28 24 26 93.4660284 1983.3706683770681 21.22023051936021 0.01
22 31 25 28 41.1163345 1267.1721237363947 30.819189967831267 0.01
22 34 26 30 20.4695218 835.6218250250135 40.822733095064955 0.01
22 37 27 32 13.4934437 666.0294859704874 49.35948900653785 0.01
22 40 28 34 8.71362236 538.6704865315083 61.819351846630674 0.01
22 43 29 36 7.91979301 613.077545818881 77.41080417692395 0.01
22 46 30 38 8.33110383 733.2477427889213 88.01327624180159 0.01
22 49 31 40 7.7256403 766.0889332898012 99.1618692485335 0.01
22 52 32 42 6.92180214 735.2652996147234 106.22454741457308 0.01
22 55 33 44 6.4092071 718.4749117135951 112.10043621676621 0.01
23 29 25 27 91.4737023 1884.2641757768981 20.59897138083694 0.01
23 32 26 29 40.146158 1234.5543024893768 30.751493143861406 0.01
23 35 27 31 22.4917946 904.3207121886405 40.206694408841905 0.01
23 38 28 33 12.0954081 600.54155852695 49.650375875035586 0.01
23 41 29 35 9.07373403 569.9362841630809 62.811658604796115 0.01
23 44 30 37 9.34269907 730.4603792845762 78.18515546863014 0.01
23 47 31 39 8.51408596 736.0824055850425 86.45465984760183 0.01
23 50 32 41 7.56535471 743.5622414304255 98.28517894178493 0.01
23 53 33 43 6.92103073 712.3795388004794 102.92968874023182 0.01
23 56 34 45 6.62765802 731.3292106101106 110.34504321182683 0.01
24 27 25 26 271.023677 2850.1137806318025 10.516106239056754 0.01
24 30 26 28 80.9650354 1628.1411582653136 20.109188493794118 0.01
24 33 27 30 35.0789709 1085.886296055189 30.955477546668533 0.01
24 36 28 32 21.8544488 863.2571258099614 39.50029276464577 0.01
24 39 29 34 11.1732921 568.2857956239798 50.86108825741518 0.01
24 42 30 36 9.44050541 609.4763664915512 64.55971794115536 0.01
24 45 31 38 9.36168389 724.5703882481005 77.39744225096885 0.01
24 48 32 40 8.28747485 720.3346238195094 86.91846875644025 0.01
24 51 33 42 7.33167839 692.1980920864816 94.41195525305652 0.01
24 54 34 44 6.75859173 678.6067363124109 100.4065289667099 0.01
25 28 26 27 257.254063 2606.442088804609 10.131782015060377 0.01
25 31 27 29 83.4271514 1686.135189758472 20.210868541754767 0.01
25 34 28 31 34.27535 1043.1169052303053 30.433442845377368 0.01
25 37 29 33 20.0590633 785.1644819351459 39.142629453447405 0.01
25 40 30 35 11.7017776 602.3533126799701 51.47536838163547 0.01
25 43 31 37 10.8113676 719.7806123425331 66.57627776365065 0.01
25 46 32 39 9.31479006 710.8271423291153 76.31166539990868 0.01
25 49 33 41 8.20003214 707.3466504721614 86.261448540147 0.01
25 52 34 43 7.47856575 675.5400773866448 90.33016489647696 0.01
25 55 35 45 7.21794369 715.3849368277466 99.11201410712954 0.01
26 29 27 28 207.457999 2091.7762481163136 10.082890311288088 0.01
26 32 28 30 76.19431 1585.7398225235943 20.811787947467394 0.01
26 35 29 32 37.5621789 1102.3316175983098 29.346849673790082 0.01
26 38 30 34 18.022616 721.0073553802056 40.0056992492214 0.01
26 41 31 36 11.9857668 628.1457403696372 52.40763906483123 0.01
26 44 32 38 10.9517498 736.8040017306224 67.27728583889146 0.01
26 47 33 40 9.21020438 688.0169793752427 74.70159737923673 0.01
26 50 34 42 8.18612684 675.0306738072685 82.46032427800355 0.01
26 53 35 44 7.42940546 659.724452013695 88.79909106666189 0.015570594240291285
26 56 36 46 7.08850807 696.4322286167111 98.24806880931027 0.010050476298335994
27 30 28 29 213.092542 2154.084317502204 10.108680000176657 0.01
27 33 29 31 66.8268024 1361.8806944840696 20.37925870420024 0.01
27 36 30 33 41.3825975 1198.7246719201733 28.96687845464928 0.01
27 39 31 35 17.0569288 693.5745734841544 40.66233620463693 0.01
27 42 32 37 13.2331337 722.7941423656893 54.62002869098868 0.01
27 45 33 39 10.585275 693.8435048112981 65.54799046895788 0.01
27 48 34 41 9.21907969 668.8822692994614 72.55412598559082 0.01
27 51 35 43 8.28560682 648.0133799418101 78.2095257498364 0.01
27 54 36 45 7.56471563 665.0187025780747 87.91060168088231 0.01
28 31 29 30 210.81992 2103.2669414744946 9.976604399975557 0.01
28 34 30 32 72.6814178 1384.184986405815 19.04455125262863 0.01
28 37 31 34 37.5736719 1102.9208691124975 29.353555650559066 0.01
28 40 32 36 16.5745116 689.3884362581773 41.59328810980936 0.01
28 43 33 38 13.1501367 726.3462847469682 55.2348847253404 0.01
28 46 34 40 10.9020292 683.8863086120879 62.73018500189743 0.01
28 49 35 42 9.59684971 670.2773497209614 69.84347676326811 0.01
28 52 36 44 8.07807778 618.8594496447307 76.60974138883951 0.01
28 55 37 46 7.1180007 618.4993250700229 86.89228213619351 0.01
29 32 30 31 232.41579 2341.8878208093033 10.07628535397403 0.01
29 35 31 33 86.4031192 1639.8132293406056 18.978634620179378 0.01
29 38 32 35 29.1822829 890.976756404984 30.53142756028124 0.01
29 41 33 37 17.3303984 735.9001016828839 42.46296505698818 0.01
29 44 34 39 13.5801573 730.9623115202047 53.82576176199408 0.01
29 47 35 41 11.2743168 677.2830568170593 60.073090798465 0.01
29 50 36 43 9.4842438 635.9439298770442 67.0526763427406 0.01
29 53 37 45 7.61120251 582.6157907756744 76.54714087691177 0.01
29 56 38 47 6.69352439 577.5788906795278 86.2892038673109 0.01
30 33 31 32 208.301188 1995.1609173210716 9.578250304175278 0.01
30 36 32 34 90.0274217 1815.18766513954 20.162608579287348 0.01
30 39 33 36 25.175008 783.1655100469828 31.108848507495328 0.01
30 42 34 38 18.4312262 779.574825399462 42.296416795072595 0.01
30 45 35 40 14.5640975 757.0647392875946 51.98157587777716 0.024450799723430297
30 48 36 42 11.3621899 654.0561514495514 57.5642686142353 0.01
30 51 37 44 8.18722958 534.8161422639882 65.32321306470415 0.01
30 54 38 46 7.14833149 549.8463342234656 76.9195349981546 0.01
31 34 32 33 225.187338 2201.10076533191 9.774531662752327 0.01
31 37 33 35 61.9675947 1254.5433163603407 20.24515107345841 0.01
31 40 34 37 27.8912945 859.0629221825643 30.80039623770651 0.01
31 43 35 39 20.3116404 854.0723347106498 42.04841745379904 0.01
31 46 36 41 14.5562295 720.6848305465841 49.51040587444599 0.01
31 49 37 43 10.2333227 569.0499934200666 55.60754899482126 0.01
31 52 38 45 7.9687101 524.6902445332101 65.84381135074925 0.01
31 55 39 47 7.13974519 548.9677237837201 76.88897981297846 0.01
32 35 33 34 217.27005 2150.684883791155 9.898671647524152 0.01
32 38 34 36 52.4428306 1021.9324064433124 19.486598925941887 0.01
32 41 35 38 33.4801769 997.0210646280307 29.779444344215243 0.01
32 44 36 40 22.0023618 900.321562115167 40.919314494463364 0.01
32 47 37 42 12.9804131 593.032821119025 45.68674483241408 0.01
32 50 38 44 8.8909084 489.5891769504786 55.066271625346914 0.01
32 53 39 46 7.77111207 519.7738731022189 66.88539148840493 0.01
32 56 40 48 7.31879881 546.1958436719557 74.62916495609417 0.01
33 36 34 35 179.178637 1721.5961071058778 9.60826656531536 0.01
33 39 35 37 64.3382466 1272.476116601185 19.777911022542302 0.01
33 42 36 39 34.2020727 1023.9708496599366 29.938853666606484 0.01
33 45 37 41 17.50088 683.2835017484267 39.04280823298181 0.01
33 48 38 43 11.2164791 497.9052022195706 44.39050773246397 0.01
33 51 39 45 8.78008492 490.3356167017082 55.84634102852256 0.01
33 54 40 47 7.78803902 525.2770601845494 67.4466394988028 0.01
34 37 35 36 213.519641 2061.1464628252584 9.653193744482074 0.01
34 40 36 38 67.1723164 1328.3722068721186 19.775590273854522 0.01
34 43 37 40 28.1885774 861.2618287402428 30.55357553234463 0.01
34 46 38 42 14.5641737 538.6959105143438 36.987742772825065 0.01
34 49 39 44 10.0471826 461.0807914468558 45.89155087585009 0.01
34 52 40 46 8.84954632 510.715368532872 57.710909696992466 0.01
34 55 41 48 8.3463782 558.2688608711396 66.88755859052009 0.01
35 38 36 37 221.024397 2231.097117896901 10.094347719889498 0.01
35 41 37 39 48.0820899 931.6237289857263 19.375691258913566 0.01
35 44 38 41 21.8222025 664.3098114645285 30.441923149807106 0.01
35 47 39 43 13.1220382 462.74574275328985 35.264776378511826 0.01
35 50 40 45 10.5433469 501.6546948266152 47.580213340662745 0.01
35 53 41 47 9.06378523 540.9086677332394 59.67801023604344 0.01
35 56 42 49 8.35903055 558.021302947664 66.75670098462125 0.01
36 39 37 38 115.566325 1126.8428993405225 9.75061636112875 0.01
36 42 38 40 36.1875442 731.7289827180823 20.220465325692988 0.01
36 45 39 42 17.8944988 513.1079797535776 28.67406265402514 0.01
36 48 40 44 12.3517314 444.1655922421226 35.959783924877335 0.01
36 51 41 46 10.7718044 530.1768252189652 49.21894285594019 0.01
36 54 42 48 9.70933003 586.2261113895242 60.37760685631202 0.01
37 40 38 39 122.384683 1209.9019624724965 9.886057085039772 0.01
37 43 39 41 29.8399261 630.273863867423 21.121830588830544 0.01
37 46 40 43 18.4361101 494.3613986548164 26.81484304299183 0.01
37 49 41 45 14.797666 573.2511402583256 38.73929444402418 0.01
37 52 42 47 11.9688639 626.2976892926955 52.327246305532434 0.01
37 55 43 49 10.7638008 649.9132435361005 60.379530949337195 0.01
38 41 39 40 58.2849158 588.1529649896245 10.090997935174583 0.01
38 44 40 42 28.6964082 562.656547280816 19.607211584090024 0.01
38 47 41 44 17.4997489 463.92100138186396 26.510151890343064 0.01
38 50 42 46 14.8658715 624.2397834165696 41.99146907845729 0.01
38 53 43 48 12.6954048 676.79926821546 53.310570153340834 0.01
38 56 44 50 11.6183858 694.4955456267547 59.77556242165368 0.01
39 42 40 41 45.4416276 462.58706391166044 10.179808434318943 0.01
39 45 41 43 27.1534299 487.64893125899135 17.959017813031103 0.01
39 48 42 45 19.1512222 560.2712408480504 29.255116722944734 0.01
39 51 43 47 14.7718134 653.7910042493481 44.25935980543514 0.01
39 54 44 49 13.325275 682.9348057136241 51.25108530320193 0.01
40 43 41 42 52.1857022 511.5050747942787 9.801632501445553 0.01
40 46 42 44 24.1916582 446.6764492961835 18.464069126777904 0.01
40 49 43 46 19.7148529 659.500069663872 33.451939662399 0.01
40 52 44 48 17.2718824 744.1206604367086 43.082777152113344 0.01
40 55 45 50 13.9870847 690.7744331416129 49.38659112728565 0.01
41 44 42 43 56.5118809 544.2068285861002 9.62995426659211 0.01
41 47 43 45 27.731747 556.6331571191647 20.072055219570725 0.01
41 50 44 47 21.7069776 750.7463739594665 34.58548618760571 0.01
41 53 45 49 16.1962977 649.9475921062149 40.129392787477286 0.01
41 56 46 51 15.0067367 719.2229341005035 47.926671099687084 0.01
42 45 43 44 41.1567554 397.1270979108782 9.649135216107881 0.01
42 48 44 46 32.813797 697.6423150086521 21.260639693987624 0.01
42 51 45 48 21.0625763 641.8920554525838 30.475476803499284 0.01
42 54 46 50 17.398174 649.4689897645884 37.32972148482872 0.01
43 46 44 45 62.7370204 598.5201939206534 9.54014376367567 0.01
43 49 45 47 29.3581808 614.4333605939919 20.928863568889525 0.01
43 52 46 49 21.5679334 577.5075297187013 26.77621072952225 0.01
43 55 47 51 20.0771606 716.9882597480525 35.71163642273463 0.01
44 47 45 46 53.462207 503.76687958852887 9.422859770613826 0.01
44 50 46 48 29.9251913 563.9874126756495 18.846576685899063 0.01
44 53 47 50 23.3249219 608.383705783414 26.082990047800077 0.01
44 56 48 52 18.7244696 672.6859699162175 35.92550199212145 0.01
45 48 46 47 59.1883574 581.7429156359813 9.828671400770808 0.01
45 51 47 49 30.8580543 525.5764323650297 17.03206648272149 0.01
45 54 48 51 27.6909532 773.6243778852627 27.93780236807676 0.01
46 49 47 48 69.7486463 655.6099524237513 9.399608267719904 0.01
46 52 48 50 39.2498159 714.5329184037917 18.204745729872116 0.01
46 55 49 52 27.6310836 817.9216567229674 29.60150490525704 0.01
47 50 48 49 66.4376792 628.7023132728943 9.463038457142469 0.01
47 53 49 51 48.2588311 1013.0695007686311 20.992416883645387 0.01
47 56 50 53 27.3499263 804.3158565765432 29.408337256709288 0.01
48 51 49 50 87.9049856 843.0407317809334 9.59036311793598 0.01
48 54 50 52 45.0837725 912.9130583661075 20.249260604047887 0.01
49 52 50 51 133.411323 1323.4201478253538 9.91984876595035 0.01
49 55 51 53 44.0627221 796.8658735120515 18.084808099317392 0.01
50 53 51 52 110.253811 1029.33080843275 9.336011146433297 0.01
50 56 52 54 50.715265 920.3760955009453 18.14791060444908 0.01
51 54 52 53 158.907243 1473.012019521321 9.269634232602733 0.01
52 55 53 54 146.555843 1409.959423324966 9.620629204971145 0.01
53 56 54 55 122.7535 1156.5365416025506 9.42161764513884 0.01
10 6 14 2 67.5970483 2718.897625199012 40.22213533840075 0.01
12 7 17 2 54.5779152 2887.6818357191864 52.90934666773762 0.01
14 8 20 2 35.0534347 2236.28438494168 63.796441178464036 0.01
16 9 23 2 24.8331692 1874.6052549123249 75.48795885916667 0.01
18 10 26 2 20.2711555 1761.0923968112272 86.87676421855811 0.01
20 11 29 2 16.1700482 1551.1177207550454 95.92536160498553 0.01
22 12 32 2 12.2960863 1285.364057321693 104.53440435935238 0.01
24 13 35 2 11.2310163 1243.557276404524 110.72526681352282 0.023134211607867463
26 14 38 2 9.88344369 1165.450397588468 117.91946553686167 0.01
28 15 41 2 9.14783018 1157.2405660686873 126.50437790141478 0.01
30 16 44 2 8.13214298 1125.5493165468476 138.4074676644271 0.01
32 17 47 2 7.39002183 1076.23157429771 145.633071059238 0.019187286908703055
7 5 9 3 160.829241 3214.9543245061263 19.989861946224856 0.01
9 6 12 3 97.4146936 2861.1880065721625 29.37121599253444 0.01
11 7 15 3 73.794393 3102.484691753784 42.04228215216546 0.01
13 8 18 3 48.7367392 2607.878603862788 53.509501182688645 0.01
15 9 21 3 31.2316971 2010.1822696106508 64.36352988357622 0.01
17 10 24 3 24.9921516 1887.1055360802359 75.50792609949741 0.01
19 11 27 3 18.7985994 1620.949064069901 86.22711881768707 0.01
21 12 30 3 14.0568794 1332.4003593872026 94.78635488522457 0.01
23 13 33 3 12.5631724 1295.1758927724738 103.09306053719949 0.01
25 14 36 3 11.5014332 1264.066494338434 109.90512854853898 0.01
27 15 39 3 10.1322996 1191.3728470831538 117.58168373575866 0.01
29 16 42 3 8.8493922 1129.0102786505354 127.58054487070144 0.01
31 17 45 3 7.77312077 1074.6316947947832 138.24971032770705 0.01
33 18 48 3 7.06870285 1035.8710645814776 146.54330314386854 0.012583792750139782
10 7 13 4 94.7880709 2919.04695608287 30.79550969195714 0.01
12 8 16 4 72.1406466 3144.7818489290235 43.59237125175731 0.01
14 9 19 4 41.5518355 2248.606099242351 54.11568639951779 0.01
16 10 22 4 30.8318101 2003.2949871946396 64.97493921690442 0.01
18 11 25 4 22.687298 1728.804536284636 76.2014293762367 0.01
20 12 28 4 16.3298454 1401.184293026961 85.80511687066928 0.01
22 13 31 4 14.3297758 1355.7502135094728 94.6107065757074 0.01
24 14 34 4 12.821234 1315.3410542149077 102.5908312893211 0.01
26 15 37 4 11.4911866 1258.3034498495501 109.5016114218831 0.01
28 16 40 4 9.86477692 1156.211818864576 117.20607858049523 0.01
30 17 43 4 8.55364439 1108.431629741778 129.58589101946262 0.01
32 18 46 4 7.60519772 1043.1903870635006 137.16808233928475 0.01
34 19 49 4 6.65750134 997.416780308467 149.81848735286428 0.01
11 8 14 5 92.1565314 3047.299303504946 33.06655813984928 0.01
13 9 17 5 59.141956 2665.30091741233 45.066161109252626 0.01
15 10 20 5 38.3041486 2086.554018161141 54.47331671434517 0.01
17 11 23 5 27.575138 1797.4863034289376 65.18503383116116 0.01
19 12 26 5 19.111374 1456.6988442545396 76.22156545387786 0.01
21 13 29 5 16.2238115 1386.868861256821 85.48354135258666 0.01
23 14 32 5 14.6244138 1386.4948175495722 94.80686450143884 0.01
25 15 35 5 13.2336963 1350.739751728279 102.06821443592287 0.01
27 16 38 5 10.9873863 1195.931263474012 108.84583747401435 0.01
29 17 41 5 9.31587457 1099.3874484551689 118.01226392587303 0.01
31 18 44 5 8.18152871 1063.3659779857553 129.97155124396738 0.01
33 19 47 5 7.1577428 987.6978405149493 137.99012735061524 0.01
35 20 50 5 6.39877048 976.752111205771 152.6468427424781 0.01
10 8 12 6 129.64839 2712.7871093646504 20.924186635596865 0.01
12 9 15 6 91.2819793 3065.258074213753 33.58010088869483 0.01
14 10 18 6 53.4439031 2310.505387932001 43.23234745053644 0.01
16 11 21 6 33.8982083 1815.0317191604943 53.54358859021154 0.01
18 12 24 6 23.0174909 1493.6337554058987 64.89124995834793 0.01
20 13 27 6 18.7125406 1398.9891694630182 74.7621180558998 0.01
22 14 30 6 16.3967568 1389.7173146675837 84.7556215914347 0.01
24 15 33 6 14.4585648 1353.4960500140457 93.6120609988929 0.01
26 16 36 6 12.4587294 1248.2223284467923 100.18857367965568 0.01
28 17 39 6 10.2410784 1102.3422060571854 107.6392702996186 0.01
30 18 42 6 8.7941206 1038.9959599687465 118.14665811710005 0.01
32 19 45 6 7.64962838 984.7436649392973 128.73091554537677 0.01
34 20 48 6 6.83096136 957.7464228990191 140.20668137683904 0.01
36 21 51 6 6.28594666 964.0950975710739 153.3730955284743 0.01
11 9 13 7 120.305978 2590.5887743084622 21.53333373266341 0.01
13 10 16 7 79.9928892 2627.596430538262 32.847875065103445 0.01
15 11 19 7 42.0031262 1745.566161566746 41.55800578402533 0.01
17 12 22 7 27.7296323 1452.5665463983228 52.383188160714376 0.01
19 13 25 7 21.956184 1402.2613372608914 63.866350239226065 0.01
21 14 28 7 18.2531027 1351.8754979322312 74.06277826575923 0.01
23 15 31 7 16.5386236 1377.8661690675747 83.31202174935372 0.01
25 16 34 7 13.7928387 1258.6047569771365 91.25059636760172 0.01
27 17 37 7 11.4484791 1123.4329600443878 98.12945022927873 0.01
29 18 40 7 9.45159919 1004.1583529092844 106.2421641801851 0.01
31 19 43 7 8.09418542 963.231172146527 119.00285478591456 0.01
33 20 46 7 7.23272574 929.7157031640721 128.54292234839698 0.01
35 21 49 7 6.58411027 938.6615974425491 142.56468360189677 0.01
37 22 52 7 6.25317 964.8851164034547 154.30335596240863 0.01
10 9 11 8 256.090733 2639.7231583916064 10.30776524971564 0.01
12 10 14 8 147.021488 3168.933244607996 21.55421828275875 0.01
14 11 17 8 66.3833803 2073.8539346057796 31.24055938750952 0.01
16 12 20 8 34.6203415 1426.3370754172972 41.199393582449126 0.01
18 13 23 8 28.1831579 1484.6678483548594 52.67925807401659 0.01
20 14 26 8 22.3515889 1412.734743779637 63.20511486231017 0.01
22 15 29 8 18.899867 1391.1764377768552 73.60773691036319 0.01
24 16 32 8 15.6348222 1286.3665893282657 82.27574147458266 0.01
26 17 35 8 13.0863043 1174.239460452785 89.73041078165858 0.01
28 18 38 8 10.7130217 1030.5745433529537 96.19830634273369 0.01
30 19 41 8 8.77879579 933.0570385113257 106.2853107454873 0.01
32 20 44 8 7.81896539 931.7692432321646 119.16784341107879 0.01
34 21 47 8 7.05893814 914.7427241329037 129.58644855512273 0.01
36 22 50 8 6.4064574 921.1536798852219 143.78518772094262 0.01
38 23 53 8 6.10999281 949.2853547817203 155.36603467487885 0.01
13 11 15 9 130.394851 2734.080341806537 20.96770172164649 0.01
15 12 18 9 50.2114311 1503.86829052147 29.950715555714762 0.01
17 13 21 9 40.0363991 1635.503249514844 40.85040828546551 0.01
19 14 24 9 30.4667609 1607.8844154374563 52.77503639835425 0.01
21 15 27 9 23.6664329 1489.2722264759911 62.927617050222686 0.01
23 16 30 9 19.2793021 1389.616503074697 72.07815385986908 0.01
25 17 33 9 15.2055527 1234.1121544941527 81.16193990726511 0.01
27 18 36 9 12.4896937 1093.5243085034047 87.55413341348833 0.013952406016728522
29 19 39 9 9.74650064 934.3847950847793 95.86874608616239 0.01
31 20 42 9 8.44885968 910.7151472333542 107.79148686646838 0.01
33 21 45 9 7.64099063 913.2395958239591 119.51848131293404 0.01
35 22 48 9 6.79984669 894.2445709785387 131.50951951514347 0.01
37 23 51 9 6.34978374 922.264394025115 145.24343375907083 0.01
39 24 54 9 6.04724312 938.3666857488237 155.1726410081597 0.01
14 12 16 10 82.1404284 1666.8220314677606 20.292346460026017 0.01
16 13 19 10 51.3303964 1551.8512005115203 30.232597239625456 0.01
18 14 22 10 39.698009 1677.0595198218268 42.2454314981345 0.01
20 15 25 10 29.8768871 1582.5438279835435 52.968832485347626 0.01
22 16 28 10 22.251254 1401.5084279379175 62.98559298895773 0.01
24 17 31 10 17.6728883 1269.2164036365857 71.81714624635441 0.01
26 18 34 10 14.106823 1123.3186076350214 79.62945360801801 0.01
28 19 37 10 11.2301285 972.32764918698 86.58205907323145 0.01
30 20 40 10 9.20350461 889.4655628162635 96.64422418497203 0.01
32 21 43 10 8.26080533 905.1705312526618 109.57412686695787 0.01
34 22 46 10 7.29645876 880.7844879127214 120.71396781426081 0.01
36 23 49 10 6.49349464 876.1478804675656 134.9270198931843 0.01
38 24 52 10 6.40819277 938.5909941179284 146.46734700490734 0.01
40 25 55 10 5.94464193 923.0737902550836 155.27828271653084 0.01
13 12 14 11 210.395941 2244.6739849605046 10.668808410902303 0.01
15 13 17 11 84.2495436 1712.9422049945185 20.331768360992267 0.01
17 14 20 11 60.9271095 1910.2478116647617 31.353002421110453 0.01
19 15 23 11 43.6444638 1890.6271088274318 43.31883002369322 0.01
21 16 26 11 29.2638715 1547.534100851315 52.88206999033997 0.01
23 17 29 11 22.1170114 1386.7084156027197 62.69872500055409 0.01
25 18 32 11 17.4182188 1242.157248991408 71.31367812370162 0.01
27 19 35 11 13.4410476 1060.6765080782802 78.9132320369344 0.01
29 20 38 11 10.5257358 918.0717343439272 87.2216205867458 0.01
31 21 41 11 9.09716626 891.2889061106664 97.97434504738473 0.01
33 22 44 11 8.04211996 895.0174495991938 111.29123341243888 0.01
35 23 47 11 6.90153369 847.8431481775808 122.84851255686341 0.011560037420721774
37 24 50 11 6.76778466 931.3151495263401 137.6100446916909 0.01
39 25 53 11 6.11742715 904.3160268730844 147.8262028626012 0.01
41 26 56 11 5.84811296 904.2040555394282 154.61467001817766 0.01
14 13 15 12 297.354095 3082.509906698933 10.366461933873596 0.01
16 14 18 12 103.159872 2149.747832390514 20.838992824559863 0.01
18 15 21 12 69.7660668 2295.4819166561883 32.90255595512786 0.01
20 16 24 12 44.1140538 1894.86787948392 42.95383707139424 0.01
22 17 27 12 28.5400689 1520.3626892973698 53.27116394233266 0.01
24 18 30 12 21.6270816 1336.0067079834005 61.7747106472008 0.01
26 19 33 12 15.97355 1136.2184467639436 71.13124175677565 0.01
28 20 36 12 13.1082778 1029.9865613046152 78.57527716605267 0.01
30 21 39 12 10.3241628 908.9680645531341 88.04278682559463 0.01
32 22 42 12 8.90796165 885.4597198519899 99.40093532530979 0.01
34 23 45 12 7.63278585 865.9681252030846 113.4537431314262 0.01
36 24 48 12 7.02025284 881.2643589238455 125.53171217745563 0.01
38 25 51 12 6.5765008 911.0666335875436 138.53364597591832 0.01
40 26 54 12 6.23626772 923.2107036396078 148.03897861517848 0.01
15 14 16 13 185.688852 1949.8752535770316 10.500766376524487 0.01
17 15 19 13 108.163556 2296.7453701192576 21.23400390164001 0.01
19 16 22 13 60.0088348 1961.001313132437 32.67854341228497 0.01
21 17 25 13 35.6404747 1527.615061701993 42.861804579218834 0.01
23 18 28 13 25.4879066 1329.0037138299667 52.14252134108051 0.01
25 19 31 13 18.8653512 1158.1629668716137 61.39101014306131 0.01
27 20 34 13 14.4102757 1015.017680418573 70.4370757055379 0.01
29 21 37 13 11.5589338 906.3425117782373 78.41056341876768 0.01
31 22 40 13 9.3122177 823.2743788266758 88.40798243222727 0.01
33 23 43 13 8.00132681 819.4746047223847 102.41733954651262 0.01
35 24 46 13 7.17409088 822.6845039589319 114.67439118347662 0.01
37 25 49 13 6.70928615 864.6394010088417 128.87204117964797 0.01
39 26 52 13 6.36739315 885.8081176039926 139.11629088019995 0.01
41 27 55 13 6.04264656 890.6436977726568 147.3929823512062 0.01
16 15 17 14 219.132073 2354.4824085372197 10.744581458585571 0.01
18 16 20 14 93.3551315 2031.5120451881064 21.761118136158444 0.01
20 17 23 14 49.8810901 1605.8231211663244 32.19302380816101 0.01
22 18 26 14 31.1244374 1301.7901465820576 41.82533903671645 0.01
24 19 29 14 21.1027367 1087.108614006269 51.515053685253484 0.01
26 20 32 14 16.4739199 1014.0807251430984 61.55673520927454 0.01
28 21 35 14 13.434624 933.1148869251194 69.45597338080466 0.01
30 22 38 14 10.038033 785.1089623203918 78.21342710473175 0.01
32 23 41 14 8.36400721 743.9492933021272 88.94651506429382 0.01
34 24 44 14 7.58617623 793.2791209578796 104.56903410980733 0.01
36 25 47 14 6.55920746 758.28023827724 115.60546649903341 0.01
38 26 50 14 6.62057396 858.8022377146028 129.71718810231414 0.01
40 27 53 14 6.16054394 860.5902309796372 139.6938710869153 0.01
42 28 56 14 5.83279681 842.9426793479516 144.51775139891282 0.01
17 16 18 15 271.400678 2738.7087313823495 10.091016542642349 0.01
19 17 21 15 89.7340889 1944.6688198217619 21.671461132111208 0.01
21 18 24 15 47.4782819 1476.1389000293655 31.09082386634057 0.01
23 19 27 15 28.0226911 1153.2589305610093 41.15446751511347 0.01
25 20 30 15 20.283798 1039.3421374140864 51.24001616532004 0.01
27 21 33 15 15.0949014 921.4327751763168 61.04264948536311 0.01
29 22 36 15 11.9507583 822.7530743737649 68.84526100521713 0.01
31 23 39 15 8.7857832 692.5857022083493 78.83027459730049 0.01
33 24 42 15 7.94136819 723.5128962834282 91.10683184221284 0.01
35 25 45 15 6.75030458 713.9070950626559 105.7592419130006 0.01
37 26 48 15 6.75937468 796.2114516966341 117.79365538834638 0.01
39 27 51 15 6.33543465 821.5692005377012 129.6784271206556 0.01
41 28 54 15 5.95980096 827.5840507173992 138.8610217475114 0.01
18 17 19 16 226.052377 2494.999079404267 11.03726097692955 0.01
20 18 22 16 94.5973894 1959.0554083091922 20.709402455340825 0.01
22 19 25 16 43.3751183 1361.6677641621568 31.392831132916054 0.01
24 20 28 16 25.7500665 1073.2634046572298 41.680024580023115 0.01
26 21 31 16 19.7154808 1015.5284368213169 51.50918951067715 0.01
28 22 34 16 14.2125122 854.1820531257459 60.10070852398254 0.01
30 23 37 16 10.4787425 724.3053793671974 69.1214026270039 0.01
32 24 40 16 8.63189788 681.9827006274869 79.007271646208 0.01
34 25 43 16 7.18703516 680.9666906138967 94.74931949740132 0.01
36 26 46 16 6.7199834 716.211075595605 106.57929238271706 0.01
38 27 49 16 6.70845099 806.421382734285 120.20977479546063 0.01
40 28 52 16 6.28932615 819.9481387872036 130.37138148531278 0.01
42 29 55 16 6.09319501 828.0754513977337 135.90168212878743 0.01
19 18 20 17 293.542409 3058.4058798250962 10.418957486395419 0.01
21 19 23 17 89.2195512 1844.6093759410205 20.674945694425556 0.01
23 20 26 17 47.6134344 1484.0260914545813 31.168221955746617 0.01
25 21 29 17 28.3995421 1181.0782921667214 41.58793434091043 0.01
27 22 32 17 19.327326 990.821317254249 51.26530784725466 0.01
29 23 35 17 13.5069218 811.8139680467956 60.103551354446694 0.01
31 24 38 17 10.0228498 694.4425252945598 69.28593555243738 0.01
33 25 41 17 7.84251287 630.5932603183209 80.40704182080874 0.01165689301712998
35 26 44 17 7.1691803 693.4517196966162 96.72677916841012 0.01
37 27 47 17 6.96257361 751.0120902786402 107.86415086513394 0.015002820693935204
39 28 50 17 6.64142781 803.7008502406462 121.01326299602529 0.01
41 29 53 17 6.29488251 817.071726603225 129.79936087849637 0.01
43 30 56 17 6.04580109 800.9672938383547 132.48323620226063 0.01
20 19 21 18 299.115437 3186.791243517871 10.654051410652775 0.01
22 20 24 18 102.813545 2225.3906037442634 21.644916569546 0.01
24 21 27 18 45.1176414 1438.6003329509651 31.885539410111214 0.01
26 22 30 18 26.9840448 1126.956607297349 41.76381323297199 0.01
28 23 33 18 17.2797355 892.9098518317992 51.67381478910942 0.01
30 24 36 18 13.3936109 809.0269658533192 60.40394721734967 0.01
32 25 39 18 8.73999276 609.5306690906943 69.74040892577288 0.012113458240718314
34 26 42 18 7.7824734 652.6242089136271 83.85819974837653 0.012140153808885742
36 27 45 18 6.96796719 685.1160228752044 98.32365799001478 0.01
38 28 48 18 7.10566119 780.8241755963192 109.88761703065653 0.01
40 29 51 18 6.70448058 810.3409427472717 120.86558131954074 0.010228524906793905
42 30 54 18 6.31529754 802.6621578984502 127.09807460606997 0.013877701992864519
21 20 22 19 257.501283 2734.5287860341023 10.619476354353164 0.01
23 21 25 19 111.413433 2372.5905598321806 21.29537252327716 0.01
25 22 28 19 43.2173456 1364.9448603849164 31.583264576640644 0.01
27 23 31 19 25.60217 1066.7018585024748 41.664509629553855 0.01
29 24 34 19 16.7335459 855.6218653137344 51.13213125460363 0.01
31 25 37 19 11.1679459 670.7040255962771 60.05616714137889 0.01
33 26 40 19 8.44392332 594.7356736144733 70.43357111093157 0.01
35 27 43 19 7.31597367 636.8035494015797 87.04289792797734 0.01
37 28 46 19 7.40771468 734.6919603767736 99.17930051495634 0.01
39 29 49 19 7.23873821 803.0646846956857 110.9398712038359 0.01
41 30 52 19 6.76736306 810.2029774077458 119.72210892550308 0.01
43 31 55 19 6.47926193 801.3814334293032 123.68406187111859 0.01
22 21 23 20 296.346907 3234.6788858436594 10.915176806092528 0.01
24 22 26 20 90.988749 1895.5208894940206 20.832475556884738 0.01
26 23 29 20 38.1960718 1208.889502011493 31.64957664603335 0.01
28 24 32 20 25.6002164 1059.4618038481658 41.38487688128159 0.01
30 25 35 20 15.2621415 773.471989557127 50.67912583284115 0.01
32 26 38 20 9.99914615 593.109090036143 59.31597369802851 0.01
34 27 41 20 7.9819295 577.7867281668862 72.38684934098781 0.01
36 28 44 20 7.32769989 649.5531248401022 88.64352178594778 0.01
38 29 47 20 7.6770468 755.7533718507873 98.44324146243153 0.01
40 30 50 20 7.24513936 800.5057579724194 110.48866256347888 0.01
42 31 53 20 6.67731418 780.6384474425219 116.90904851844516 0.01
44 32 56 20 6.14994389 752.2934927934682 122.32526121363819 0.01
25 23 27 21 84.8546388 1779.3318174261371 20.969175552322746 0.01
27 24 30 21 43.2097644 1340.9990860879886 31.034630822657036 0.01
29 25 33 21 20.5970997 850.992826880266 41.3161483546281 0.01
31 26 36 21 14.6825168 735.383491686119 50.08565641049489 0.01
33 27 39 21 9.06334466 544.4478193768942 60.07140187217532 0.01
35 28 42 21 7.58377293 569.1627201005723 75.05007406657312 0.01
37 29 45 21 7.93113812 705.6550235261427 88.9727316369246 0.01
39 30 48 21 7.67285763 755.0780425551749 98.40897341857428 0.01
41 31 51 21 7.01959498 762.1983243937761 108.58152451322428 0.01
43 32 54 21 6.50918678 741.6871016018711 113.9446641600091 0.01
24 23 25 22 252.531184 2710.25178764143 10.732344990872216 0.01
26 24 28 22 93.4957687 1984.0017643987835 21.220230519360214 0.01
28 25 31 22 41.1113033 1267.0170662278283 30.81918996783126 0.01
30 26 34 22 20.4368936 834.2898527250411 40.82273309506495 0.01
32 27 37 22 13.483244 665.5260339904673 49.35948900653785 0.01
34 28 40 22 8.69891762 537.7614490356349 61.819351846630646 0.01
36 29 43 22 7.92068631 613.1466968902522 77.41080417692393 0.01
38 30 46 22 8.3177402 732.0715659301381 88.01327624180162 0.01
40 31 49 22 7.71215429 764.7516353294968 99.16186924853352 0.01
42 32 52 22 6.90387178 733.3606552387429 106.22454741457305 0.01
44 33 55 22 6.42254386 719.9699683273132 112.10043621676616 0.01
27 25 29 23 91.4884468 1884.567897310423 20.59897138083694 0.01
29 26 32 23 40.1525438 1234.7506753742944 30.7514931438614 0.01
31 27 35 23 22.5256716 905.682794375129 40.20669440884191 0.01
33 28 38 23 12.0801768 599.7853187568846 49.65037587503559 0.01
35 29 41 23 9.06571561 569.4326339034913 62.81165860479614 0.01
37 30 44 23 9.3283358 729.3373847865886 78.18515546863017 0.01
39 31 47 23 8.50332605 735.1521612260018 86.45465984760185 0.01
41 32 50 23 7.55059913 742.1119866097356 98.28517894178492 0.01
43 33 53 23 6.91157318 711.4060761227344 102.92968874023184 0.01
45 34 56 23 6.61298878 729.7105326884262 110.34504321182685 0.01
26 25 27 24 271.098853 2850.9043394344308 10.516106239056757 0.01
28 26 30 24 80.9501223 1627.8412679263868 20.109188493794118 0.01
30 27 33 24 35.0450803 1084.8371963478457 30.955477546668533 0.01
32 28 36 24 21.8708142 863.9035639011722 39.50029276464578 0.01
34 29 39 24 11.1660327 567.916574639884 50.86108825741518 0.01
36 30 42 24 9.43397928 609.0550413795039 64.55971794115536 0.01
38 31 45 24 9.33363988 722.3998536036399 77.39744225096887 0.01
40 32 48 24 8.26334377 718.23718729647 86.91846875644022 0.01
42 33 51 24 7.3203091 691.1246951877424 94.41195525305652 0.01
44 34 54 24 6.74196789 676.9375942399133 100.40652896670994 0.01
27 26 28 25 257.42412 2608.165069258746 10.131782015060383 0.01
29 27 31 25 83.3294047 1684.1596440543822 20.21086854175477 0.01
31 28 34 25 34.2698559 1042.949700851969 30.43344284537738 0.01
33 29 37 25 20.0444841 784.5938137118181 39.142629453447405 0.01
35 30 40 25 11.8122794 608.0414335418039 51.47536838163547 0.01
37 31 43 25 10.7838072 717.9457434968559 66.57627776365067 0.01
39 32 46 25 9.28673431 708.6861613225716 76.31166539990866 0.01
41 33 49 25 8.17861342 705.4990406590856 86.261448540147 0.01
43 34 52 25 7.45387954 673.3101679666757 90.33016489647694 0.01
45 35 55 25 7.18173727 711.796445617938 99.11201410712954 0.01
28 27 29 26 207.110741 2088.274883792597 10.082890311288091 0.01
30 28 32 26 76.1987376 1585.8319687959106 20.811787947467394 0.01
32 29 35 26 37.599738 1103.4338588598926 29.346849673790082 0.01
34 30 38 26 18.0225706 721.0055391214596 40.005699249221394 0.01
36 31 41 26 11.9735646 627.5062518762402 52.40763906483122 0.01
38 32 44 26 10.9144352 734.2935767204583 67.27728583889144 0.01
40 33 47 26 9.18277458 685.9679294994497 74.70159737923673 0.01
42 34 50 26 8.15600441 672.5467684614273 82.46032427800358 0.01
44 35 53 26 7.31461885 649.5315053790719 88.79909106666192 0.015570594240291285
46 36 56 26 7.01762141 689.4677511673688 98.24806880931024 0.010050476298335994
29 28 30 27 213.21454 2155.3175562448655 10.108680000176655 0.01
31 29 33 27 66.8263076 1361.8706108268623 20.379258704200232 0.01
33 30 36 27 41.3877672 1198.87442199172 28.96687845464928 0.01
35 31 39 27 17.1020297 695.4084814430862 40.662336204636944 0.01
37 32 42 27 13.196149 720.7740369905614 54.62002869098867 0.01
39 33 45 27 10.5271828 690.0356778393775 65.54799046895789 0.01
41 34 48 27 9.18673166 666.5352862554554 72.55412598559077 0.01
43 35 51 27 8.25599757 645.6976545415017 78.2095257498364 0.01
45 36 54 27 7.53152998 662.1013321194035 87.91060168088231 0.01
30 29 31 28 210.841735 2103.48458109948 9.976604399975553 0.01
32 30 34 28 72.6820384 1384.1968054543217 19.044551252628626 0.01
34 31 37 28 37.5706628 1102.8325413281896 29.353555650559073 0.01
36 32 40 28 16.6100962 690.8685167782496 41.59328810980936 0.01
38 33 43 28 13.1384728 725.7020305750202 55.234884725340386 0.01
40 34 46 28 10.8803642 682.5272591540217 62.73018500189743 0.01
42 35 49 28 9.53381645 665.8748876908382 69.84347676326811 0.01
44 36 52 28 8.03304379 615.4094073171234 76.60974138883952 0.01
46 37 55 28 7.13991012 620.4030845741029 86.89228213619346 0.01
31 30 32 29 232.33993 2341.123433802351 10.076285353974027 0.01
33 31 35 29 86.4725858 1641.1316105603116 18.978634620179378 0.01
35 32 38 29 29.4493669 899.1312122034942 30.53142756028124 0.01
37 33 41 29 17.3249512 735.6687974196254 42.462965056988175 0.01
39 34 44 29 13.5583347 729.7876934515774 53.82576176199408 0.01
41 35 47 29 11.217449 673.8668323041504 60.073090798465 0.01
43 36 50 29 9.43988566 632.9695978724582 67.0526763427406 0.01
45 37 53 29 7.5865963 580.7322557523573 76.54714087691174 0.01
47 38 56 29 6.67500552 575.9809121307059 86.28920386731093 0.01
32 31 33 30 208.304126 1995.1890582204653 9.578250304175278 0.01
34 32 36 30 90.05605 1815.76488634673 20.162608579287344 0.01
36 33 39 30 25.195363 783.7987306583528 31.10884850749532 0.01
38 34 42 30 18.4094706 778.6546414742351 42.296416795072595 0.01
40 35 45 30 14.2122946 738.7774701472226 51.98157587777716 0.024450799723430297
42 36 48 30 11.3077051 650.9197737869584 57.5642686142353 0.01
44 37 51 30 8.16640179 533.4556041001512 65.32321306470412 0.01
46 38 54 30 7.12388646 547.9660338828497 76.91953499815462 0.01
33 32 34 31 225.275519 2201.9626933084637 9.774531662752329 0.01
35 33 37 31 62.1132023 1257.4911642197844 20.245151073458413 0.01
37 34 40 31 27.9033827 859.4352435323652 30.80039623770652 0.01
39 35 43 31 20.2080479 849.7164340255669 42.04841745379903 0.01
41 36 46 31 14.4992096 717.8617521546636 49.51040587444598 0.01
43 37 49 31 10.2008561 567.2446053698712 55.60754899482125 0.01
45 38 52 31 7.95109589 523.5304578128777 65.84381135074925 0.01
47 39 55 31 7.15454844 550.1059305741363 76.88897981297843 0.01
34 33 35 32 217.471831 2152.682247654863 9.898671647524148 0.01
36 34 38 32 52.4655855 1022.3758220532123 19.486598925941887 0.01
38 35 41 32 33.3756555 993.908475413951 29.779444344215232 0.01
40 36 44 32 21.9230164 897.0748027388781 40.919314494463364 0.01
42 37 47 32 12.9413412 591.2477531936074 45.68674483241408 0.01
44 38 50 32 8.86188758 487.9911085935684 55.066271625346936 0.01
46 39 53 32 7.76459497 519.3379743173499 66.88539148840495 0.01
48 40 56 32 7.31945328 546.2446862215446 74.62916495609417 0.01
35 34 36 33 179.330206 1723.052422460916 9.60826656531536 0.01
37 35 39 33 64.2771133 1271.2670276332697 19.77791102254229 0.01
39 36 42 33 34.126687 1021.7138882190817 29.938853666606484 0.01
41 37 45 33 17.3699603 678.1720290074073 39.04280823298182 0.01
43 38 48 33 11.1954614 496.9722158452021 44.39050773246399 0.01
45 39 51 33 8.76697911 489.60370516699317 55.84634102852256 0.01
47 40 54 33 7.78693662 525.2027070091663 67.44663949880284 0.01
36 35 37 34 213.477923 2060.743750888627 9.653193744482078 0.01
38 36 40 34 67.1040901 1327.0229915174175 19.775590273854522 0.01
40 37 43 34 28.1602221 860.3954729399505 30.55357553234463 0.01
42 38 46 34 14.5508555 538.2033003585469 36.987742772825065 0.01
44 39 49 34 10.0414276 460.8166855715653 45.89155087585009 0.01
46 40 52 34 8.8461255 510.5179498987623 57.710909696992466 0.01
48 41 55 34 8.34367506 558.0880544360114 66.8875585905201 0.01
37 36 38 35 220.792119 2228.752422997222 10.094347719889502 0.01
39 37 41 35 47.8957581 928.0134215572089 19.37569125891357 0.01
41 38 44 35 21.6321502 658.5242539534848 30.441923149807124 0.01
43 39 47 35 13.0654116 460.74881836721437 35.264776378511826 0.01
45 40 50 35 10.5837787 503.57844849636206 47.58021334066273 0.01
47 41 53 35 9.06020986 540.6952967657816 59.67801023604343 0.01
49 42 56 35 8.3517056 557.5323134507869 66.75670098462125 0.01
38 37 39 36 115.55803 1126.7620179778075 9.750616361128754 0.01
40 38 42 36 36.1352271 730.6711066115918 20.22046532569299 0.01
42 39 45 36 17.8425132 511.61734140207045 28.674062654025132 0.01
44 40 48 36 12.3404201 443.7588403382133 35.95978392487735 0.01
46 41 51 36 10.7730168 530.2364982652838 49.2189428559402 0.01
48 42 54 36 9.70454475 585.9371876349871 60.37760685631205 0.01
39 38 40 37 122.494991 1210.9924736574335 9.886057085039775 0.01
41 39 43 37 29.8344326 630.1578310910833 21.121830588830548 0.01
43 40 46 37 18.4253497 494.0728602177366 26.81484304299183 0.01
45 41 49 37 14.8007887 573.3721114530858 38.739294444024175 0.01
47 42 52 37 11.9690644 626.3081809055801 52.327246305532455 0.01
49 43 55 37 10.7116442 646.764052492188 60.379530949337166 0.01
40 39 41 38 58.2727498 588.0301979087449 10.09099793517458 0.01
42 40 44 38 28.6914202 562.5587465094344 19.60721158409002 0.01
44 41 47 38 17.5064297 464.098110404613 26.510151890343064 0.01
46 42 50 38 14.8688123 624.3632719288355 41.99146907845729 0.01
48 43 53 38 12.6945733 676.7549404763772 53.31057015334081 0.01
50 44 56 38 11.6095103 693.9650076224814 59.77556242165368 0.01
41 40 42 39 45.4252586 462.42043062739896 10.17980843431894 0.01
43 41 45 39 27.094937 486.59845622595554 17.959017813031103 0.01
45 42 48 39 19.1456192 560.1073244290518 29.255116722944734 0.01
47 43 51 39 14.7811598 654.2046699298338 44.259359805435146 0.01
49 44 54 39 13.322392 682.787048834695 51.25108530320193 0.01
42 41 43 40 52.1811283 511.46024310738034 9.801632501445553 0.01
44 42 46 40 24.1920781 446.68420235880967 18.464069126777897 0.01
46 43 49 40 19.7143816 659.4843037647088 33.451939662398985 0.01
48 44 52 40 17.2701365 744.0454422160784 43.08277715211333 0.01
50 45 55 40 14.0571142 694.232951424961 49.38659112728565 0.01
43 42 44 41 56.5237625 544.321247850714 9.62995426659211 0.01
45 43 47 41 27.6690002 555.3736998847133 20.07205521957072 0.01
47 44 50 41 21.7119686 750.9189901210289 34.58548618760571 0.01
49 45 53 41 16.2316926 651.3679679509886 40.1293927874773 0.01
51 46 56 41 15.0168138 719.7058959578421 47.926671099687084 0.01
44 43 45 42 40.9714545 395.33910447111174 9.649135216107881 0.01
46 44 48 42 32.909685 699.6809552276292 21.260639693987624 0.01
48 45 51 42 21.1199032 643.6391200637502 30.475476803499276 0.01
50 46 54 42 17.3996695 649.5248163630689 37.32972148482871 0.01
45 44 46 43 62.509954 596.3539478207531 9.54014376367567 0.01
47 45 49 43 29.477238 616.925092489686 20.92886356888953 0.01
49 46 52 43 21.5637828 577.3963923784473 26.77621072952225 0.01
51 47 55 43 20.092574 717.5386974848908 35.71163642273463 0.01
46 45 47 44 53.9172236 508.0544372036302 9.422859770613822 0.01
48 46 50 44 29.9176116 563.8445612783435 18.846576685899066 0.01
50 47 53 44 23.3296739 608.5076521521211 26.082990047800074 0.01
52 48 56 44 18.7282832 672.8229754106146 35.92550199212145 0.01
47 46 48 45 59.3198805 583.0356129674919 9.828671400770808 0.01
49 47 51 45 30.8791173 525.9351787813553 17.032066482721486 0.01
51 48 54 45 27.7022072 773.9387899131133 27.937802368076767 0.01
48 47 49 46 69.8531436 656.5921861087859 9.399608267719907 0.01
50 48 52 46 39.202577 713.6729462407328 18.204745729872116 0.01
52 49 55 46 27.6536846 818.5906803353306 29.601504905257027 0.01
49 48 50 47 66.4595174 628.908968999329 9.463038457142469 0.01
51 49 53 47 48.2999186 1013.9320266973382 20.992416883645394 0.01
53 50 56 47 27.3626336 804.6895571405654 29.40833725670929 0.01
50 49 51 48 87.9381514 843.3588038460301 9.59036311793598 0.01
52 50 54 48 45.0930413 913.1007447127947 20.249260604047894 0.01
51 50 52 49 133.384573 1323.1547918708643 9.91984876595035 0.01
53 51 55 49 44.1133289 797.781087778572 18.084808099317392 0.01
52 51 53 50 110.208075 1028.9038166269568 9.336011146433297 0.01
54 52 56 50 50.7173917 920.4146906624276 18.147910604449077 0.01
53 52 54 51 158.938329 1473.300175371076 9.269634232602733 0.01
54 53 55 52 146.540148 1409.8084275495935 9.620629204971143 0.01
55 54 56 53 122.888538 1157.8088180061147 9.42161764513884 0.01
