56
# x y z
21.375 2965.981 0.0
22.875 2964.563 0.0
24.375 2963.821 0.0
25.875 2963.132 0.0
27.375 2962.38 0.0
28.875 2961.36 0.0
30.375 2960.586 0.0
31.875 2959.859 0.0
33.375 2959.2 0.0
34.875 2958.635 0.0
36.375 2958.012 0.0
37.875 2957.277 0.0
39.375 2956.528 0.0
40.875 2955.697 0.0
42.375 2954.975 0.0
43.875 2954.283 0.0
45.375 2953.512 0.0
46.875 2952.847 0.0
48.375 2951.95 0.0
49.875 2951.131 0.0
51.375 2950.357 0.0
52.875 2949.624 0.0
54.375 2948.811 0.0
55.875 2948.158 0.0
57.375 2947.454 0.0
58.875 2946.845 0.0
60.375 2946.19 0.0
61.875 2945.65 0.0
63.375 2945.17 0.0
64.875 2944.684 0.0
66.375 2944.204 0.0
67.875 2943.74 0.0
69.375 2943.484 0.0
70.875 2943.148 0.0
72.375 2942.711 0.0
73.875 2942.282 0.0
75.375 2941.835 0.0
76.875 2941.254 0.0
78.375 2940.771 0.0
79.875 2940.297 0.0
81.375 2939.781 0.0
82.875 2939.288 0.0
84.375 2939.127 0.0
85.875 2939.202 0.0
87.375 2939.147 0.0
88.875 2939.03 0.0
90.375 2938.745 0.0
91.875 2938.389 0.0
93.375 2938.393 0.0
94.875 2938.589 0.0
96.375 2938.645 0.0
97.875 2938.588 0.0
99.375 2938.778 0.0
100.875 2938.937 0.0
102.375 2939.046 0.0
103.875 2939.099 0.0
930
# a b m n r rhoa k err
2 5 3 4 434.061322 4668.922875779799 10.756366990422148 0.05
2 8 4 6 189.157397 4141.458596371628 21.89424607260602 0.05
2 11 5 8 108.616228 3208.136422379754 29.536437431612466 0.05
2 14 6 10 67.4879981 2714.511393295913 40.222135338400456 0.05
2 17 7 12 54.4777774 2882.3836101444163 52.909346667737154 0.05
2 20 8 14 34.8661281 2224.3348904524046 63.79644117846296 0.05
2 23 9 16 24.7948336 1871.7113787166404 75.48795885916493 0.05
2 26 10 18 20.4168594 1773.7506801772117 86.87676421855615 0.05
2 29 11 20 16.0963544 1544.0486163419637 95.92536160498328 0.05
2 32 12 22 12.2745814 1283.116055409361 104.53440435935038 0.05
2 35 13 24 10.9741666 1215.1175248410248 110.72526681352046 0.05
2 38 14 26 9.88185492 1165.2630506791907 117.91946553686002 0.05
2 41 15 28 9.15067826 1157.6008606572848 126.50437790141306 0.05
2 44 16 30 8.09875892 1120.9287133418686 138.4074676644244 0.05
2 47 17 32 7.24957476 1055.7778361723192 145.6330710592354 0.05
3 6 4 5 420.959041 4750.178843363273 11.284182974379382 0.05
3 9 5 7 160.62388 3210.8491864669572 19.989861946224664 0.05
3 12 6 9 97.2712787 2856.9757365676883 29.371215992534168 0.05
3 15 7 11 73.771863 3101.5374791368663 42.042282152165065 0.05
3 18 8 13 48.9316455 2618.307942753117 53.509501182687934 0.05
3 21 9 15 31.2403657 2010.7402113057574 64.36352988357487 0.05
3 24 10 17 24.9794424 1886.1458907458032 75.50792609949545 0.05
3 27 11 19 18.8794026 1627.9164911971102 86.22711881768495 0.05
3 30 12 21 14.0634452 1333.0227076360736 94.78635488522212 0.05
3 33 13 23 12.5965113 1298.6129020083895 103.09306053719727 0.05
3 36 14 25 11.5254056 1266.7011840420278 109.90512854853698 0.05
3 39 15 27 10.1230512 1190.285404639274 117.58168373575685 0.05
3 42 16 29 8.87256691 1131.966920779537 127.58054487069933 0.05
3 45 17 31 7.83657368 1083.4040412217084 138.2497103277039 0.05
3 48 18 33 6.98030793 1022.917381023515 146.54330314386502 0.05
4 7 5 6 396.373334 4038.3015273532774 10.188126145118726 0.05
4 10 6 8 165.077091 3363.4828900330444 20.375225112447882 0.05
4 13 7 10 94.7022421 2916.4038144406104 30.795509691957022 0.05
4 16 8 12 72.2381716 3149.0331949353267 43.592371251756965 0.05
4 19 9 14 41.623572 2252.488169179719 54.11568639951706 0.05
4 22 10 16 30.8640817 2005.3918324430413 64.97493921690342 0.05
4 25 11 18 22.6510048 1726.0389425679593 76.20142937623497 0.05
4 28 12 20 16.3491988 1402.8449137757755 85.80511687066742 0.05
4 31 13 22 14.4061536 1362.9763711341445 94.61070657570558 0.05
4 34 14 24 12.8384781 1317.110140768718 102.59083128931911 0.05
4 37 15 26 11.47582 1256.6207823874583 109.50161142188169 0.05
4 40 16 28 9.89247051 1159.457675950277 117.20607858049372 0.05
4 43 17 30 8.57508165 1111.209596179873 129.5858910194602 0.05
4 46 18 32 7.61458457 1044.477963277184 137.1680823392817 0.05
4 49 19 34 6.66377059 998.3560298602787 149.81848735286047 0.05
5 8 6 7 333.968287 3641.942793100341 10.905055763873596 0.05
5 11 7 9 170.999333 3563.8384252374776 20.841241674536107 0.05
5 14 8 11 92.1768445 3047.9709878070767 33.066558139849064 0.05
5 17 9 13 59.1003545 2663.4260975109237 45.06616110925229 0.05
5 20 10 15 38.3202792 2087.4327054437094 54.47331671434454 0.05
5 23 11 17 27.5815236 1797.9025489809355 65.18503383115991 0.05
5 26 12 19 19.1095315 1456.5584060201604 76.22156545387628 0.05
5 29 13 21 16.2513422 1389.2222829887078 85.48354135258488 0.05
5 32 14 23 14.6279924 1386.8340933948527 94.80686450143718 0.05
5 35 15 25 13.1912646 1346.4088238737784 102.06821443592136 0.05
5 38 16 27 10.9928925 1196.5305904242973 108.84583747401308 0.05
5 41 17 29 9.34728497 1103.0942608699702 118.01226392587131 0.05
5 44 18 31 8.19782455 1065.4839735893565 129.97155124396465 0.05
5 47 19 33 7.16949149 989.3190437442288 137.99012735061197 0.05
5 50 20 35 6.40100337 977.0929548144351 152.64684274247384 0.05
6 9 7 8 339.990037 3624.4414731056654 10.660434361803565 0.05
6 12 8 10 129.618545 2712.1626270145084 20.924186635596843 0.05
6 15 9 12 91.3387116 3067.163150571387 33.58010088869468 0.05
6 18 10 14 53.3675748 2307.205536346081 43.23234745053622 0.05
6 21 11 16 33.9466714 1817.6266074486803 53.543588590210945 0.05
6 24 12 18 22.9583019 1489.7929072120828 64.89124995834656 0.05
6 27 13 20 18.7832753 1404.2774454550436 74.76211805589857 0.05
6 30 14 22 16.4028507 1390.233806949978 84.75562159143338 0.05
6 33 15 24 14.4745877 1354.9959867062057 93.61206099889156 0.05
6 36 16 26 12.4429762 1246.6440378078905 100.18857367965475 0.05
6 39 17 28 10.2747206 1105.963427916447 107.6392702996174 0.05
6 42 18 30 8.801843 1039.908335721373 118.14665811709811 0.05
6 45 19 32 7.64345597 983.9490849488548 128.73091554537402 0.05
6 48 20 34 6.84183896 959.2715350963392 140.20668137683546 0.05
6 51 21 36 6.26614005 961.0572964834239 153.37309552847034 0.05
7 10 8 9 369.234233 3778.6702594974195 10.23380261574343 0.05
7 13 9 11 120.558615 2596.0288911426683 21.533333732663305 0.05
7 16 10 13 79.9538517 2626.3141316154065 32.847875065103416 0.05
7 19 11 15 42.0470353 1747.390936198508 41.55800578402511 0.05
7 22 12 17 27.5793858 1444.696155718317 52.38318816071375 0.05
7 25 13 19 22.039913 1407.608802900048 63.86635023922499 0.05
7 28 14 21 18.2802645 1353.8871763029108 74.06277826575817 0.05
7 31 15 23 16.5851888 1381.7456100227193 83.31202174935261 0.05
7 34 16 25 13.8189194 1260.9846364058105 91.25059636760096 0.05
7 37 17 27 11.483726 1126.8917189636654 98.12945022927796 0.05
7 40 18 29 9.50126385 1009.4348338709452 106.24216418018379 0.05
7 43 19 31 8.11141605 965.2816663062695 119.00285478591243 0.05
7 46 20 33 7.26403795 933.7406661426361 128.54292234839386 0.05
7 49 21 35 6.59030368 939.5445589795884 142.5646836018926 0.05
7 52 22 37 6.26490536 966.6959218348579 154.30335596240482 0.05
8 11 9 10 255.933677 2638.1042620125386 10.307765249715608 0.05
8 14 10 12 147.050961 3169.5685120834373 21.554218282758704 0.05
8 17 11 14 66.2938411 2071.0566799106664 31.240559387509474 0.05
8 20 12 16 34.6261578 1426.5767034501819 41.19939358244887 0.05
8 23 13 18 28.0333039 1476.7736508154142 52.67925807401582 0.05
8 26 14 20 22.3414795 1412.095777991429 63.20511486230932 0.05
8 29 15 22 18.9179213 1392.5053739413422 73.60773691036246 0.05
8 32 16 24 15.6468317 1287.354679845493 82.2757414745819 0.05
8 35 17 26 13.1302053 1178.1787152165011 89.73041078165785 0.05
8 38 18 28 10.6910323 1028.4592003154505 96.19830634273274 0.05
8 41 19 30 8.79424753 934.6993314987704 106.28531074548575 0.05
8 44 20 32 7.83673825 933.8871966295925 119.16784341107635 0.05
8 47 21 34 7.06224407 915.1711278607511 129.58644855511926 0.05
8 50 22 36 6.40728563 921.2727670912243 143.78518772093892 0.05
8 53 23 38 6.10974394 949.2466888366475 155.366034674875 0.05
9 12 10 11 340.102379 3536.0608437748774 10.397048248153764 0.05
9 15 11 13 130.543917 2737.205913231377 20.967701721646495 0.05
9 18 12 15 50.132182 1501.4947232693212 29.950715555714712 0.05
9 21 13 17 39.9603907 1632.3982753417054 40.85040828546517 0.05
9 24 14 19 30.4955288 1609.4026424070357 52.77503639835344 0.05
9 27 15 21 23.8028126 1497.8542760110017 62.92761705022212 0.05
9 30 16 23 19.3073639 1391.639145812669 72.07815385986842 0.05
9 33 17 25 15.2716203 1239.4743290751642 81.16193990726472 0.05
9 36 18 27 12.6651792 1108.88878938253 87.55413341348773 0.05
9 39 19 29 9.77817757 937.421622643726 95.86874608616112 0.05
9 42 20 31 8.47203396 913.2131373316001 107.79148686646674 0.05
9 45 21 33 7.68373841 918.3487455690362 119.51848131293113 0.05
9 48 22 35 6.81944288 896.8216565097433 131.5095195151401 0.05
9 51 23 37 6.35174647 922.549467669834 145.24343375906722 0.05
9 54 24 39 6.07254561 942.292939946182 155.17264100815572 0.05
10 13 11 12 373.439533 3820.802624810207 10.231382291307137 0.05
10 16 12 14 82.1191941 1666.3911376953265 20.292346460026042 0.05
10 19 13 16 51.3436579 1552.2521300998137 30.232597239625456 0.05
10 22 14 18 39.6438135 1674.7700075390605 42.245431498134266 0.05
10 25 15 20 29.9059152 1584.0814125497998 52.96883248534724 0.05
10 28 16 22 22.3368285 1406.8983885651492 62.98559298895764 0.05
10 31 17 24 17.7876542 1277.4585630609747 71.8171462463541 0.05
10 34 18 26 14.2277314 1132.946477463639 79.62945360801785 0.05
10 37 19 28 11.2307027 972.3773646052931 86.58205907323084 0.05
10 40 20 30 9.23380864 892.3942722852825 96.64422418497104 0.05
10 43 21 32 8.28777441 908.1256446460532 109.5741268669562 0.05
10 46 22 34 7.31082577 882.5187866954293 120.71396781425818 0.05
10 49 23 36 6.49760452 876.7024143280622 134.9270198931809 0.05
10 52 24 38 6.42350746 940.8340961324086 146.46734700490387 0.05
10 55 25 40 5.94526425 923.1704230359674 155.27828271652808 0.05
11 14 12 13 210.275122 2243.3849901971093 10.66880841090231 0.05
11 17 13 15 84.2078264 1712.0940205474503 20.331768360992278 0.05
11 20 14 17 60.8827571 1908.857230760173 31.353002421110347 0.05
11 23 15 19 43.7027086 1893.1502054183827 43.31883002369292 0.05
11 26 16 21 29.2509703 1546.8518586899481 52.882069990339716 0.05
11 29 17 23 22.1571623 1389.22582584034 62.698725000553885 0.05
11 32 18 25 17.4108525 1241.6319310442443 71.31367812370154 0.05
11 35 19 27 13.4947733 1064.9161767087214 78.91323203693399 0.05
11 38 20 29 10.5610221 921.1494626144299 87.22162058674509 0.05
11 41 21 31 9.1146792 893.0047249370093 97.9743450473835 0.05
11 44 22 33 8.07099482 898.2309683831896 111.29123341243697 0.05
11 47 23 35 6.9817795 857.7012265749806 122.84851255686041 0.05
11 50 24 37 6.78679144 933.9306733715616 137.61004469168742 0.05
11 53 25 39 6.14945343 909.0503502372819 147.82620286259845 0.05
11 56 26 41 5.87815853 908.849541430472 154.61467001817522 0.05
12 15 13 14 297.259981 3081.5342775004874 10.366461933873593 0.05
12 18 14 16 103.081959 2148.1242039425774 20.838992824559895 0.05
12 21 15 18 69.7287093 2294.2527594220837 32.9025559551277 0.05
12 24 16 20 44.0953227 1894.0633068663371 42.953837071393906 0.05
12 27 17 22 28.6854995 1528.1099466322007 53.271163942332635 0.05
12 30 18 24 21.7104337 1341.15575984273 61.77471064720048 0.05
12 33 19 26 15.9659609 1135.6786246571248 71.1312417567755 0.05
12 36 20 28 13.133796 1031.9916609423879 78.5752771660522 0.05
12 39 21 30 10.3416026 910.503513146803 88.04278682559345 0.05
12 42 22 32 8.92579072 887.2319460859608 99.40093532530872 0.05
12 45 23 34 7.65161166 868.1039838150451 113.45374313142352 0.05
12 48 24 36 7.02376431 881.7051597651823 125.53171217745236 0.05
12 51 25 38 6.58313649 911.9858999167922 138.53364597591568 0.05
12 54 26 40 6.26902931 928.0606959610031 148.03897861517626 0.05
13 16 14 15 185.633897 1949.298183960812 10.5007663765245 0.05
13 19 15 17 108.124021 2295.905883775005 21.234003901639998 0.05
13 22 16 19 60.0358011 1961.882532537653 32.678543412284924 0.05
13 25 17 21 35.7044684 1530.3579471656897 42.861804579218706 0.05
13 28 18 23 25.6979151 1339.9540865230233 52.14252134108044 0.05
13 31 19 25 18.8557761 1157.5751418103907 61.39101014306119 0.05
13 34 20 27 14.3902894 1013.6099038923966 70.4370757055377 0.05
13 37 21 29 11.584584 908.3537584120321 78.41056341876688 0.05
13 40 22 31 9.3371193 825.4758790420018 88.40798243222638 0.05
13 43 23 33 8.03928765 823.3624529621222 102.41733954651096 0.05
13 46 24 35 7.21606486 827.4978445609574 114.67439118347356 0.05
13 49 25 37 6.74418542 869.1369411694028 128.8720411796452 0.05
13 52 26 39 6.41492048 892.4199434690161 139.11629088019748 0.05
13 55 27 41 6.04877266 891.5466419218274 147.39298235120435 0.05
14 17 15 16 219.088933 2354.018887293103 10.744581458585602 0.05
14 20 16 18 93.284138 2029.9671472477062 21.761118136158434 0.05
14 23 17 20 49.9268973 1607.297793446506 32.19302380816094 0.05
14 26 18 22 31.168284 1303.624045492664 41.82533903671643 0.05
14 29 19 24 21.1014271 1087.04114989196 51.515053685253356 0.05
14 32 20 26 16.463986 1013.4692266912031 61.55673520927454 0.05
14 35 21 28 13.4192321 932.0458275284323 69.45597338080412 0.05
14 38 22 30 10.0412505 785.3606140220937 78.213427104731 0.05
14 41 23 32 8.38114379 745.4735323732394 88.94651506429285 0.05
14 44 24 34 7.59673667 794.3834159684366 104.56903410980502 0.05
14 47 25 36 6.56509746 758.9611544749032 115.60546649903097 0.05
14 50 26 38 6.63725049 860.9654702934913 129.71718810231184 0.05
14 53 27 40 6.19849935 865.8923691312169 139.69387108691348 0.05
14 56 28 42 5.85252225 845.7933555820932 144.51775139891066 0.05
15 18 16 17 270.920732 2733.865588356769 10.091016542642329 0.05
15 21 17 19 89.751664 1945.049697918308 21.671461132111244 0.05
15 24 18 21 47.4924641 1476.5798363115973 31.090823866340457 0.05
15 27 19 23 28.0336903 1153.7115967801003 41.154467515113424 0.05
15 30 20 25 20.2879413 1039.5544401730642 51.24001616532004 0.05
15 33 21 27 15.0817979 920.6329028187832 61.042649485362965 0.05
15 36 22 29 11.9438869 822.2800110472883 68.84526100521667 0.05
15 39 23 31 8.8019016 693.8563201064104 78.83027459729956 0.05
15 42 24 33 7.96654771 725.8069225779249 91.10683184221146 0.05
15 45 25 35 6.69939614 708.5230570412666 105.75924191299823 0.05
15 48 26 37 6.77329054 797.8506517138914 117.79365538834413 0.05
15 51 27 39 6.35995499 824.7489596613522 129.6784271206536 0.05
15 54 28 41 5.98420569 830.9729164606609 138.86102174750965 0.05
16 19 17 18 226.196914 2496.594371994096 11.037260976929579 0.05
16 22 18 20 94.6856794 1960.8838414519792 20.70940245534088 0.05
16 25 19 22 43.3554052 1361.0489141427513 31.39283113291607 0.05
16 28 20 24 25.7564739 1073.530465246724 41.680024580023115 0.05
16 31 21 26 19.7078286 1015.134278201342 51.509189510677096 0.05
16 34 22 28 14.2180774 854.5165255888212 60.10070852398238 0.05
16 37 23 30 10.4737236 723.958465959546 69.12140262700325 0.05
16 40 24 32 8.65900582 684.1244250068282 79.00727164620709 0.05
16 43 25 34 7.20951703 683.096832497415 94.74931949739981 0.05
16 46 26 36 6.72429363 716.6704568589976 106.57929238271494 0.05
16 49 27 38 6.74501321 810.8165189664933 120.2097747954586 0.05
16 52 28 40 6.32087089 824.060670119586 130.3713814853108 0.05
16 55 29 42 6.08749119 827.3002926651611 135.90168212878532 0.05
17 20 18 19 293.921743 3062.3581446442463 10.41895748639544 0.05
17 23 19 21 89.3328315 1846.951439991767 20.67494569442554 0.05
17 26 20 23 47.6517733 1485.2210467993166 31.168221955746535 0.05
17 29 21 25 28.4185156 1181.8673608389386 41.58793434091042 0.05
17 32 22 27 19.3103527 989.9511758045645 51.265307847254626 0.05
17 35 23 29 13.5200304 812.6018414600728 60.10355135444613 0.05
17 38 24 31 10.0587956 696.9330636767321 69.28593555243653 0.05
17 41 25 33 7.93446816 637.9871131669878 80.40704182080779 0.05
17 44 26 35 7.218633 698.2351200887849 96.72677916840834 0.05
17 47 27 37 7.06782136 762.3645494628421 107.86415086513196 0.05
17 50 28 39 6.70325508 811.1827699254678 121.01326299602309 0.05
17 53 29 41 6.34380796 823.4222187439057 129.79936087849444 0.05
17 56 30 43 6.10499692 808.8097489664182 132.4832362022581 0.05
18 21 19 20 299.264509 3188.379464269756 10.654051410652762 0.05
18 24 20 22 102.825993 2225.660039665713 21.644916569545924 0.05
18 27 21 24 45.1834717 1440.6993675759895 31.8855394101111 0.05
18 30 22 26 27.0253004 1128.6795984705623 41.763813232971955 0.05
18 33 23 28 17.3965109 898.9440822233174 51.67381478910909 0.05
18 36 24 30 13.4347997 811.514931954454 60.40394721734884 0.05
18 39 25 32 8.84650944 616.9591859113029 69.74040892577207 0.05
18 42 26 34 7.87753083 660.5955538661256 83.85819974837541 0.05
18 45 27 36 7.01962045 690.1947603455 98.32365799001283 0.05
18 48 28 38 7.175969 788.5501332958482 109.88761703065443 0.05
18 51 29 40 6.77341005 818.672143208855 120.8655813195386 0.05
18 54 30 42 6.40355174 813.8790967943345 127.09807460606767 0.05
19 22 20 21 257.333907 2732.751340559821 10.619476354353182 0.05
19 25 21 23 111.382526 2371.932383753593 21.295372523277063 0.05
19 28 22 25 43.1851915 1363.9293289373952 31.5832645766407 0.05
19 31 23 27 25.5659454 1065.1925783069435 41.66450962955368 0.05
19 34 24 29 16.7405877 855.9819275555928 51.132131254603024 0.05
19 37 25 31 11.1747454 671.1123775047474 60.05616714137822 0.05
19 40 26 33 8.48693065 597.7648334503132 70.4335711109308 0.05
19 43 27 35 7.3417107 639.0437750768289 87.04289792797594 0.05
19 46 28 37 7.41999993 735.9104028784094 99.17930051495424 0.05
19 49 29 39 7.24892922 804.195274032505 110.93987120383348 0.05
19 52 30 41 6.78369353 812.1580957158737 119.72210892550062 0.05
19 55 31 43 6.46872636 800.0783513375595 123.68406187111609 0.05
20 23 21 22 296.390172 3235.151130968175 10.915176806092528 0.05
20 26 22 24 90.9470466 1894.6521252653542 20.832475556884706 0.05
20 29 23 26 38.1847204 1208.5302350071513 31.6495766460333 0.05
20 32 24 28 25.6073958 1059.7589224332385 41.384876881281244 0.05
20 35 25 30 15.2556688 773.1439587793401 50.67912583284058 0.05
20 38 26 32 10.0314073 595.0226915610067 59.31597369802807 0.05
20 41 27 34 8.03467506 581.6048130720061 72.38684934098706 0.05
20 44 28 36 7.33559036 650.2525638894381 88.64352178594635 0.05
20 47 29 38 7.69216692 757.2418454748731 98.44324146242957 0.05
20 50 30 40 7.27062795 803.3219581921312 110.48866256347655 0.05
20 53 31 42 6.70179853 783.5008895045995 116.90904851844293 0.05
20 56 32 44 6.17602152 755.4834456950355 122.32526121363571 0.05
21 24 22 23 382.702445 3914.4298075352376 10.228389859216179 0.05
21 27 23 25 84.7931769 1778.0430120552596 20.969175552322767 0.05
21 30 24 27 43.182707 1340.1593696679593 31.034630822656837 0.05
21 33 25 29 20.6236316 852.0890227967885 41.316148354627735 0.05
21 36 26 31 14.7375552 738.1401260778958 50.08565641049445 0.05
21 39 27 33 9.09875913 546.5752162363488 60.07140187217471 0.05
21 42 28 35 7.58148724 568.9911788967719 75.05007406657218 0.05
21 45 29 37 7.93590681 706.079306901758 88.97273163692279 0.05
21 48 30 39 7.69374556 757.1336023032964 98.408973418572 0.05
21 51 31 41 7.03952063 764.3618818476781 108.58152451322216 0.05
21 54 32 43 6.53635915 744.7832481759386 113.94466416000698 0.05
22 25 23 24 252.343208 2708.2343643594245 10.73234499087221 0.05
22 28 24 26 93.4660284 1983.3706683770636 21.22023051936016 0.05
22 31 25 28 41.1163345 1267.1721237363884 30.819189967831115 0.05
22 34 26 30 20.4695218 835.6218250250093 40.82273309506475 0.05
22 37 27 32 13.4934437 666.0294859704849 49.35948900653766 0.05
22 40 28 34 8.71362236 538.6704865315049 61.819351846630276 0.05
22 43 29 36 7.91979301 613.0775458188737 77.41080417692301 0.05
22 46 30 38 8.33110383 733.2477427889079 88.01327624179999 0.05
22 49 31 40 7.7256403 766.0889332897871 99.16186924853167 0.05
22 52 32 42 6.92180214 735.2652996147111 106.22454741457132 0.05
22 55 33 44 6.4092071 718.4749117135829 112.1004362167643 0.05
23 26 24 25 384.482641 3932.1498101389197 10.227119226792139 0.05
23 29 25 27 91.4737023 1884.2641757768913 20.598971380836865 0.05
23 32 26 29 40.146158 1234.55430248937 30.751493143861236 0.05
23 35 27 31 22.4917946 904.3207121886358 40.20669440884169 0.05
23 38 28 33 12.0954081 600.5415585269476 49.65037587503539 0.05
23 41 29 35 9.07373403 569.9362841630759 62.81165860479557 0.05
23 44 30 37 9.34269907 730.4603792845642 78.18515546862885 0.05
23 47 31 39 8.51408596 736.0824055850283 86.45465984760017 0.05
23 50 32 41 7.56535471 743.5622414304127 98.28517894178324 0.05
23 53 33 43 6.92103073 712.3795388004672 102.92968874023006 0.05
23 56 34 45 6.62765802 731.3292106100957 110.34504321182457 0.05
24 27 25 26 271.023677 2850.113780631792 10.516106239056715 0.05
24 30 26 28 80.9650354 1628.1411582653066 20.109188493794033 0.05
24 33 27 30 35.0789709 1085.8862960551858 30.95547754666844 0.05
24 36 28 32 21.8544488 863.25712580996 39.50029276464571 0.05
24 39 29 34 11.1732921 568.2857956239766 50.86108825741489 0.05
24 42 30 36 9.44050541 609.4763664915449 64.55971794115469 0.05
24 45 31 38 9.36168389 724.5703882480881 77.39744225096753 0.05
24 48 32 40 8.28747485 720.3346238194979 86.91846875643886 0.05
24 51 33 42 7.33167839 692.1980920864697 94.41195525305491 0.05
24 54 34 44 6.75859173 678.6067363123987 100.40652896670808 0.05
25 28 26 27 257.254063 2606.442088804607 10.13178201506037 0.05
25 31 27 29 83.4271514 1686.1351897584698 20.21086854175474 0.05
25 34 28 31 34.27535 1043.1169052303073 30.43344284537743 0.05
25 37 29 33 20.0590633 785.1644819351466 39.14262945344744 0.05
25 40 30 35 11.7017776 602.3533126799678 51.47536838163526 0.05
25 43 31 37 10.8113676 719.7806123425274 66.57627776365013 0.05
25 46 32 39 9.31479006 710.8271423291058 76.31166539990765 0.05
25 49 33 41 8.20003214 707.3466504721525 86.26144854014592 0.05
25 52 34 43 7.47856575 675.5400773866351 90.33016489647565 0.05
25 55 35 45 7.21794369 715.3849368277353 99.11201410712796 0.05
26 29 27 28 207.457999 2091.776248116314 10.08289031128809 0.05
26 32 28 30 76.19431 1585.7398225235977 20.811787947467437 0.05
26 35 29 32 37.5621789 1102.3316175983132 29.346849673790178 0.05
26 38 30 34 18.022616 721.0073553802063 40.005699249221436 0.05
26 41 31 36 11.9857668 628.1457403696362 52.407639064831145 0.05
26 44 32 38 10.9517498 736.8040017306183 67.27728583889109 0.05
26 47 33 40 9.21020438 688.0169793752368 74.70159737923609 0.05
26 50 34 42 8.18612684 675.0306738072604 82.46032427800256 0.05
26 53 35 44 7.42940546 659.7244520136874 88.79909106666085 0.05
26 56 36 46 7.08850807 696.4322286167029 98.24806880930912 0.05
27 30 28 29 213.092542 2154.084317502202 10.108680000176646 0.05
27 33 29 31 66.8268024 1361.8806944840742 20.379258704200307 0.05
27 36 30 33 41.3825975 1198.7246719201762 28.96687845464935 0.05
27 39 31 35 17.0569288 693.574573484153 40.66233620463685 0.05
27 42 32 37 13.2331337 722.7941423656885 54.620028690988626 0.05
27 45 33 39 10.585275 693.843504811293 65.5479904689574 0.05
27 48 34 41 9.21907969 668.8822692994555 72.55412598559018 0.05
27 51 35 43 8.28560682 648.0133799418027 78.2095257498355 0.05
27 54 36 45 7.56471563 665.0187025780673 87.91060168088133 0.05
28 31 29 30 210.81992 2103.266941474491 9.976604399975539 0.05
28 34 30 32 72.6814178 1384.184986405819 19.044551252628686 0.05
28 37 31 34 37.5736719 1102.9208691124984 29.353555650559095 0.05
28 40 32 36 16.5745116 689.388436258178 41.5932881098094 0.05
28 43 33 38 13.1501367 726.3462847469667 55.23488472534029 0.05
28 46 34 40 10.9020292 683.8863086120828 62.73018500189697 0.05
28 49 35 42 9.59684971 670.2773497209531 69.84347676326725 0.05
28 52 36 44 8.07807778 618.8594496447237 76.60974138883864 0.05
28 55 37 46 7.1180007 618.4993250700171 86.8922821361927 0.05
29 32 30 31 232.41579 2341.8878208093097 10.076285353974056 0.05
29 35 31 33 86.4031192 1639.8132293406063 18.978634620179385 0.05
29 38 32 35 29.1822829 890.9767564049843 30.53142756028125 0.05
29 41 33 37 17.3303984 735.9001016828837 42.46296505698817 0.05
29 44 34 39 13.5801573 730.9623115202012 53.82576176199382 0.05
29 47 35 41 11.2743168 677.2830568170534 60.07309079846448 0.05
29 50 36 43 9.4842438 635.9439298770362 67.05267634273976 0.05
29 53 37 45 7.61120251 582.6157907756677 76.54714087691089 0.05
29 56 38 47 6.69352439 577.5788906795237 86.28920386731028 0.05
30 33 31 32 208.301188 1995.1609173210697 9.578250304175269 0.05
30 36 32 34 90.0274217 1815.1876651395426 20.162608579287376 0.05
30 39 33 36 25.175008 783.1655100469836 31.10884850749536 0.05
30 42 34 38 18.4312262 779.5748253994625 42.296416795072616 0.05
30 45 35 40 14.5640975 757.0647392875895 51.981575877776805 0.05
30 48 36 42 11.3621899 654.0561514495445 57.56426861423469 0.05
30 51 37 44 8.18722958 534.8161422639823 65.32321306470342 0.05
30 54 38 46 7.14833149 549.8463342234606 76.9195349981539 0.05
31 34 32 33 225.187338 2201.1007653319193 9.774531662752366 0.05
31 37 33 35 61.9675947 1254.5433163603423 20.245151073458437 0.05
31 40 34 37 27.8912945 859.062922182565 30.800396237706533 0.05
31 43 35 39 20.3116404 854.0723347106473 42.04841745379892 0.05
31 46 36 41 14.5562295 720.684830546579 49.51040587444564 0.05
31 49 37 43 10.2333227 569.0499934200603 55.60754899482065 0.05
31 52 38 45 7.9687101 524.6902445332048 65.84381135074858 0.05
31 55 39 47 7.13974519 548.9677237837163 76.88897981297794 0.05
32 35 33 34 217.27005 2150.68488379116 9.898671647524175 0.05
32 38 34 36 52.4428306 1021.9324064433163 19.486598925941962 0.05
32 41 35 38 33.4801769 997.0210646280328 29.779444344215307 0.05
32 44 36 40 22.0023618 900.3215621151658 40.91931449446331 0.05
32 47 37 42 12.9804131 593.0328211190216 45.686744832413815 0.05
32 50 38 44 8.8909084 489.58917695047427 55.06627162534643 0.05
32 53 39 46 7.77111207 519.7738731022156 66.88539148840451 0.05
32 56 40 48 7.31879881 546.195843671954 74.62916495609393 0.05
33 36 34 35 179.178637 1721.596107105881 9.608266565315377 0.05
33 39 35 37 64.3382466 1272.476116601186 19.77791102254232 0.05
33 42 36 39 34.2020727 1023.9708496599379 29.938853666606523 0.05
33 45 37 41 17.50088 683.2835017484248 39.042808232981706 0.05
33 48 38 43 11.2164791 497.90520221956695 44.39050773246365 0.05
33 51 39 45 8.78008492 490.3356167017036 55.84634102852203 0.05
33 54 40 47 7.78803902 525.2770601845481 67.44663949880263 0.05
34 37 35 36 213.519641 2061.1464628252634 9.653193744482097 0.05
34 40 36 38 67.1723164 1328.3722068721213 19.77559027385456 0.05
34 43 37 40 28.1885774 861.2618287402446 30.553575532344695 0.05
34 46 38 42 14.5641737 538.6959105143405 36.98774277282484 0.05
34 49 39 44 10.0471826 461.080791446851 45.89155087584962 0.05
34 52 40 46 8.84954632 510.7153685328684 57.71090969699206 0.05
34 55 41 48 8.3463782 558.2688608711383 66.88755859051993 0.05
35 38 36 37 221.024397 2231.097117896902 10.094347719889502 0.05
35 41 37 39 48.0820899 931.6237289857266 19.375691258913573 0.05
35 44 38 41 21.8222025 664.3098114645279 30.441923149807078 0.05
35 47 39 43 13.1220382 462.74574275328575 35.26477637851151 0.05
35 50 40 45 10.5433469 501.65469482661 47.580213340662254 0.05
35 53 41 47 9.06378523 540.9086677332378 59.67801023604327 0.05
35 56 42 49 8.35903055 558.0213029476625 66.75670098462106 0.05
36 39 37 38 115.566325 1126.8428993405273 9.750616361128792 0.05
36 42 38 40 36.1875442 731.7289827180846 20.22046532569305 0.05
36 45 39 42 17.8944988 513.1079797535754 28.674062654025008 0.05
36 48 40 44 12.3517314 444.16559224211954 35.95978392487709 0.05
36 51 41 46 10.7718044 530.1768252189627 49.218942855939964 0.05
36 54 42 48 9.70933003 586.2261113895237 60.37760685631197 0.05
37 40 38 39 122.384683 1209.9019624724958 9.886057085039766 0.05
37 43 39 41 29.8399261 630.2738638674227 21.121830588830537 0.05
37 46 40 43 18.4361101 494.361398654813 26.814843042991644 0.05
37 49 41 45 14.797666 573.2511402583208 38.73929444402386 0.05
37 52 42 47 11.9688639 626.2976892926935 52.32724630553226 0.05
37 55 43 49 10.7638008 649.9132435360989 60.37953094933705 0.05
38 41 39 40 58.2849158 588.1529649896266 10.09099793517462 0.05
38 44 40 42 28.6964082 562.6565472808145 19.607211584089974 0.05
38 47 41 44 17.4997489 463.9210013818614 26.510151890342918 0.05
38 50 42 46 14.8658715 624.2397834165665 41.99146907845709 0.05
38 53 43 48 12.6954048 676.7992682154589 53.31057015334075 0.05
38 56 44 50 11.6183858 694.4955456267538 59.775562421653596 0.05
39 42 40 41 45.4416276 462.58706391165776 10.179808434318884 0.05
39 45 41 43 27.1534299 487.64893125898925 17.959017813031025 0.05
39 48 42 45 19.1512222 560.2712408480465 29.255116722944532 0.05
39 51 43 47 14.7718134 653.791004249347 44.25935980543506 0.05
39 54 44 49 13.325275 682.9348057136223 51.2510853032018 0.05
40 43 41 42 52.1857022 511.5050747942782 9.801632501445543 0.05
40 46 42 44 24.1916582 446.6764492961822 18.46406912677785 0.05
40 49 43 46 19.7148529 659.5000696638688 33.451939662398836 0.05
40 52 44 48 17.2718824 744.1206604367067 43.08277715211324 0.05
40 55 45 50 13.9870847 690.7744331416114 49.38659112728555 0.05
41 44 42 43 56.5118809 544.206828586097 9.629954266592053 0.05
41 47 43 45 27.731747 556.6331571191618 20.07205521957062 0.05
41 50 44 47 21.7069776 750.7463739594644 34.58548618760562 0.05
41 53 45 49 16.1962977 649.9475921062133 40.12939278747719 0.05
41 56 46 51 15.0067367 719.2229341005012 47.926671099686935 0.05
42 45 43 44 41.1567554 397.12709791087883 9.649135216107895 0.05
42 48 44 46 32.813797 697.6423150086487 21.26063969398752 0.05
42 51 45 48 21.0625763 641.8920554525818 30.475476803499188 0.05
42 54 46 50 17.398174 649.4689897645859 37.329721484828575 0.05
43 46 44 45 62.7370204 598.5201939206506 9.540143763675628 0.05
43 49 45 47 29.3581808 614.4333605939895 20.928863568889444 0.05
43 52 46 49 21.5679334 577.5075297186979 26.77621072952209 0.05
43 55 47 51 20.0771606 716.9882597480494 35.711636422734465 0.05
44 47 45 46 53.462207 503.766879588529 9.422859770613828 0.05
44 50 46 48 29.9251913 563.9874126756466 18.846576685898967 0.05
44 53 47 50 23.3249219 608.3837057834119 26.08299004779998 0.05
44 56 48 52 18.7244696 672.6859699162129 35.925501992121205 0.05
45 48 46 47 59.1883574 581.7429156359805 9.828671400770794 0.05
45 51 47 49 30.8580543 525.5764323650268 17.032066482721394 0.05
45 54 48 51 27.6909532 773.6243778852586 27.93780236807661 0.05
46 49 47 48 69.7486463 655.6099524237488 9.399608267719868 0.05
46 52 48 50 39.2498159 714.5329184037894 18.204745729872055 0.05
46 55 49 52 27.6310836 817.9216567229618 29.60150490525684 0.05
47 50 48 49 66.4376792 628.7023132728934 9.463038457142455 0.05
47 53 49 51 48.2588311 1013.06950076863 20.99241688364536 0.05
47 56 50 53 27.3499263 804.3158565765392 29.408337256709142 0.05
48 51 49 50 87.9049856 843.0407317809337 9.590363117935983 0.05
48 54 50 52 45.0837725 912.9130583661055 20.24926060404784 0.05
49 52 50 51 133.411323 1323.4201478253544 9.919848765950356 0.05
49 55 51 53 44.0627221 796.8658735120503 18.084808099317364 0.05
50 53 51 52 110.253811 1029.3308084327525 9.33601114643332 0.05
50 56 52 54 50.715265 920.3760955009434 18.14791060444904 0.05
51 54 52 53 158.907243 1473.0120195213228 9.269634232602744 0.05
52 55 53 54 146.555843 1409.95942332497 9.620629204971172 0.05
53 56 54 55 122.7535 1156.536541602551 9.421617645138843 0.05
4 3 5 2 434.418318 4672.7628557699145 10.756366990422155 0.05
6 4 8 2 189.16254 4141.57119847918 21.89424607260602 0.05
8 5 11 2 110.180544 3254.3407440370233 29.53643743161246 0.05
10 6 14 2 67.5970483 2718.8976251989925 40.222135338400456 0.05
12 7 17 2 54.5779152 2887.6818357191605 52.90934666773715 0.05
14 8 20 2 35.0534347 2236.284384941644 63.796441178463006 0.05
16 9 23 2 24.8331692 1874.6052549122815 75.48795885916492 0.05
18 10 26 2 20.2711555 1761.0923968111863 86.87676421855609 0.05
20 11 29 2 16.1700482 1551.117720755009 95.92536160498328 0.05
22 12 32 2 12.2960863 1285.364057321668 104.53440435935035 0.05
24 13 35 2 11.2310163 1243.5572764044973 110.72526681352046 0.05
26 14 38 2 9.88344369 1165.4503975884516 117.91946553686002 0.05
28 15 41 2 9.14783018 1157.2405660686718 126.5043779014131 0.05
30 16 44 2 8.13214298 1125.549316546826 138.40746766442444 0.05
32 17 47 2 7.39002183 1076.2315742976907 145.6330710592354 0.05
5 4 6 3 420.630484 4746.47134605776 11.284182974379382 0.05
7 5 9 3 160.829241 3214.9543245060954 19.989861946224664 0.05
9 6 12 3 97.4146936 2861.188006572137 29.37121599253418 0.05
11 7 15 3 73.794393 3102.484691753754 42.04228215216506 0.05
13 8 18 3 48.7367392 2607.8786038627536 53.509501182687934 0.05
15 9 21 3 31.2316971 2010.1822696106074 64.36352988357483 0.05
17 10 24 3 24.9921516 1887.105536080187 75.50792609949545 0.05
19 11 27 3 18.7985994 1620.9490640698612 86.22711881768495 0.05
21 12 30 3 14.0568794 1332.4003593871676 94.78635488522208 0.05
23 13 33 3 12.5631724 1295.1758927724456 103.09306053719726 0.05
25 14 36 3 11.5014332 1264.0664943384104 109.90512854853694 0.05
27 15 39 3 10.1322996 1191.3728470831354 117.58168373575684 0.05
29 16 42 3 8.8493922 1129.0102786505163 127.58054487069927 0.05
31 17 45 3 7.77312077 1074.631694794758 138.2497103277038 0.05
33 18 48 3 7.06870285 1035.8710645814526 146.54330314386502 0.05
6 5 7 4 396.331877 4037.879158207679 10.188126145118726 0.05
8 6 10 4 165.231909 3366.637341634503 20.375225112447882 0.05
10 7 13 4 94.7880709 2919.0469560828587 30.795509691957015 0.05
12 8 16 4 72.1406466 3144.781848928999 43.592371251756965 0.05
14 9 19 4 41.5518355 2248.6060992423195 54.11568639951704 0.05
16 10 22 4 30.8318101 2003.294987194609 64.97493921690342 0.05
18 11 25 4 22.687298 1728.8045362845965 76.20142937623496 0.05
20 12 28 4 16.3298454 1401.1842930269308 85.80511687066742 0.05
22 13 31 4 14.3297758 1355.7502135094464 94.61070657570556 0.05
24 14 34 4 12.821234 1315.341054214882 102.59083128931911 0.05
26 15 37 4 11.4911866 1258.3034498495344 109.50161142188173 0.05
28 16 40 4 9.86477692 1156.2118188645609 117.20607858049372 0.05
30 17 43 4 8.55364439 1108.4316297417572 129.5858910194602 0.05
32 18 46 4 7.60519772 1043.1903870634771 137.16808233928165 0.05
34 19 49 4 6.65750134 997.4167803084414 149.81848735286044 0.05
7 6 8 5 334.088461 3643.2532972717086 10.905055763873595 0.05
9 7 11 5 171.239021 3568.833820771965 20.841241674536114 0.05
11 8 14 5 92.1565314 3047.2993035049262 33.066558139849064 0.05
13 9 17 5 59.141956 2665.3009174123104 45.06616110925229 0.05
15 10 20 5 38.3041486 2086.5540181611173 54.47331671434455 0.05
17 11 23 5 27.575138 1797.4863034289028 65.1850338311599 0.05
19 12 26 5 19.111374 1456.69884425451 76.22156545387631 0.05
21 13 29 5 16.2238115 1386.8688612567926 85.48354135258491 0.05
23 14 32 5 14.6244138 1386.494817549548 94.80686450143719 0.05
25 15 35 5 13.2336963 1350.739751728259 102.06821443592136 0.05
27 16 38 5 10.9873863 1195.9312634739983 108.84583747401311 0.05
29 17 41 5 9.31587457 1099.387448455153 118.01226392587131 0.05
31 18 44 5 8.18152871 1063.365977985733 129.97155124396465 0.05
33 19 47 5 7.1577428 987.6978405149257 137.99012735061194 0.05
35 20 50 5 6.39877048 976.7521112057436 152.6468427424738 0.05
8 7 9 6 340.181631 3626.48394836678 10.660434361803564 0.05
10 8 12 6 129.64839 2712.787109364647 20.92418663559684 0.05
12 9 15 6 91.2819793 3065.2580742137397 33.58010088869468 0.05
14 10 18 6 53.4439031 2310.505387931989 43.2323474505362 0.05
16 11 21 6 33.8982083 1815.031719160474 53.543588590210945 0.05
18 12 24 6 23.0174909 1493.633755405867 64.89124995834655 0.05
20 13 27 6 18.7125406 1398.9891694629955 74.7621180558986 0.05
22 14 30 6 16.3967568 1389.717314667562 84.75562159143338 0.05
24 15 33 6 14.4585648 1353.496050014027 93.61206099889162 0.05
26 16 36 6 12.4587294 1248.222328446781 100.18857367965477 0.05
28 17 39 6 10.2410784 1102.3422060571725 107.63927029961734 0.05
30 18 42 6 8.7941206 1038.9959599687297 118.14665811709813 0.05
32 19 45 6 7.64962838 984.7436649392754 128.7309155453739 0.05
34 20 48 6 6.83096136 957.7464228989944 140.20668137683543 0.05
36 21 51 6 6.28594666 964.0950975710487 153.3730955284703 0.05
9 8 10 7 369.313816 3779.4846962109877 10.23380261574343 0.05
11 9 13 7 120.305978 2590.5887743084495 21.533333732663305 0.05
13 10 16 7 79.9928892 2627.596430538259 32.8478750651034 0.05
15 11 19 7 42.0031262 1745.5661615667366 41.55800578402511 0.05
17 12 22 7 27.7296323 1452.5665463983057 52.38318816071376 0.05
19 13 25 7 21.956184 1402.2613372608682 63.86635023922501 0.05
21 14 28 7 18.2531027 1351.8754979322127 74.06277826575823 0.05
23 15 31 7 16.5386236 1377.8661690675567 83.31202174935262 0.05
25 16 34 7 13.7928387 1258.6047569771265 91.25059636760099 0.05
27 17 37 7 11.4484791 1123.4329600443784 98.12945022927791 0.05
29 18 40 7 9.45159919 1004.1583529092721 106.24216418018379 0.05
31 19 43 7 8.09418542 963.2311721465095 119.0028547859124 0.05
33 20 46 7 7.23272574 929.7157031640495 128.54292234839386 0.05
35 21 49 7 6.58411027 938.6615974425221 142.56468360189265 0.05
37 22 52 7 6.25317 964.8851164034313 154.30335596240488 0.05
10 9 11 8 256.090733 2639.723158391599 10.307765249715612 0.05
12 10 14 8 147.021488 3168.9332446079893 21.554218282758704 0.05
14 11 17 8 66.3833803 2073.853934605777 31.24055938750948 0.05
16 12 20 8 34.6203415 1426.3370754172881 41.19939358244886 0.05
18 13 23 8 28.1831579 1484.6678483548383 52.679258074015834 0.05
20 14 26 8 22.3515889 1412.7347437796177 63.20511486230931 0.05
22 15 29 8 18.899867 1391.176437776841 73.60773691036245 0.05
24 16 32 8 15.6348222 1286.3665893282546 82.27574147458195 0.05
26 17 35 8 13.0863043 1174.2394604527758 89.73041078165788 0.05
28 18 38 8 10.7130217 1030.5745433529435 96.19830634273274 0.05
30 19 41 8 8.77879579 933.0570385113117 106.2853107454857 0.05
32 20 44 8 7.81896539 931.7692432321459 119.1678434110764 0.05
34 21 47 8 7.05893814 914.7427241328795 129.5864485551193 0.05
36 22 50 8 6.4064574 921.1536798851982 143.78518772093892 0.05
38 23 53 8 6.10999281 949.2853547816968 155.36603467487498 0.05
11 10 12 9 340.107768 3536.116873467887 10.397048248153764 0.05
13 11 15 9 130.394851 2734.0803418065375 20.967701721646492 0.05
15 12 18 9 50.2114311 1503.8682905214675 29.950715555714712 0.05
17 13 21 9 40.0363991 1635.5032495148303 40.85040828546517 0.05
19 14 24 9 30.4667609 1607.8844154374308 52.77503639835342 0.05
21 15 27 9 23.6664329 1489.2722264759777 62.92761705022212 0.05
23 16 30 9 19.2793021 1389.6165030746845 72.07815385986844 0.05
25 17 33 9 15.2055527 1234.112154494147 81.16193990726474 0.05
27 18 36 9 12.4896937 1093.5243085033972 87.55413341348773 0.05
29 19 39 9 9.74650064 934.3847950847668 95.86874608616111 0.05
31 20 42 9 8.44885968 910.7151472333406 107.79148686646677 0.05
33 21 45 9 7.64099063 913.2395958239368 119.51848131293113 0.05
35 22 48 9 6.79984669 894.2445709785153 131.50951951514003 0.05
37 23 51 9 6.34978374 922.264394025092 145.2434337590672 0.05
39 24 54 9 6.04724312 938.3666857487993 155.1726410081557 0.05
12 11 13 10 373.845506 3824.9562897731566 10.231382291307138 0.05
14 12 16 10 82.1404284 1666.8220314677633 20.29234646002605 0.05
16 13 19 10 51.3303964 1551.8512005115208 30.232597239625463 0.05
18 14 22 10 39.698009 1677.0595198218177 42.24543149813427 0.05
20 15 25 10 29.8768871 1582.5438279835316 52.96883248534723 0.05
22 16 28 10 22.251254 1401.5084279379157 62.98559298895764 0.05
24 17 31 10 17.6728883 1269.2164036365803 71.8171462463541 0.05
26 18 34 10 14.106823 1123.3186076350191 79.62945360801784 0.05
28 19 37 10 11.2301285 972.3276491869734 86.58205907323087 0.05
30 20 40 10 9.20350461 889.465562816254 96.644224184971 0.05
32 21 43 10 8.26080533 905.1705312526477 109.57412686695616 0.05
34 22 46 10 7.29645876 880.7844879127022 120.71396781425818 0.05
36 23 49 10 6.49349464 876.1478804675437 134.92701989318093 0.05
38 24 52 10 6.40819277 938.5909941179063 146.4673470049039 0.05
40 25 55 10 5.94464193 923.0737902550674 155.2782827165281 0.05
13 12 14 11 210.395941 2244.673984960506 10.66880841090231 0.05
15 13 17 11 84.2495436 1712.9422049945197 20.33176836099228 0.05
17 14 20 11 60.9271095 1910.2478116647544 31.353002421110332 0.05
19 15 23 11 43.6444638 1890.6271088274182 43.31883002369291 0.05
21 16 26 11 29.2638715 1547.5341008513076 52.88206999033971 0.05
23 17 29 11 22.1170114 1386.708415602715 62.69872500055387 0.05
25 18 32 11 17.4182188 1242.157248991407 71.31367812370155 0.05
27 19 35 11 13.4410476 1060.6765080782748 78.913232036934 0.05
29 20 38 11 10.5257358 918.0717343439197 87.22162058674509 0.05
31 21 41 11 9.09716626 891.2889061106553 97.9743450473835 0.05
33 22 44 11 8.04211996 895.0174495991782 111.29123341243695 0.05
35 23 47 11 6.90153369 847.8431481775598 122.84851255686036 0.05
37 24 50 11 6.76778466 931.3151495263165 137.61004469168742 0.05
39 25 53 11 6.11742715 904.3160268730675 147.82620286259845 0.05
41 26 56 11 5.84811296 904.204055539414 154.61467001817522 0.05
14 13 15 12 297.354095 3082.509906698932 10.366461933873593 0.05
16 14 18 12 103.159872 2149.747832390517 20.838992824559895 0.05
18 15 21 12 69.7660668 2295.481916656177 32.902555955127696 0.05
20 16 24 12 44.1140538 1894.867879483905 42.9538370713939 0.05
22 17 27 12 28.5400689 1520.3626892973691 53.271163942332635 0.05
24 18 30 12 21.6270816 1336.006707983394 61.77471064720051 0.05
26 19 33 12 15.97355 1136.218446763941 71.1312417567755 0.05
28 20 36 12 13.1082778 1029.9865613046088 78.57527716605219 0.05
30 21 39 12 10.3241628 908.968064553122 88.04278682559345 0.05
32 22 42 12 8.90796165 885.4597198519804 99.40093532530871 0.05
34 23 45 12 7.63278585 865.9681252030642 113.45374313142352 0.05
36 24 48 12 7.02025284 881.2643589238226 125.53171217745236 0.05
38 25 51 12 6.5765008 911.0666335875263 138.5336459759157 0.05
40 26 54 12 6.23626772 923.210703639594 148.03897861517626 0.05
15 14 16 13 185.688852 1949.8752535770334 10.500766376524496 0.05
17 15 19 13 108.163556 2296.7453701192558 21.23400390163999 0.05
19 16 22 13 60.0088348 1961.0013131324351 32.67854341228494 0.05
21 17 25 13 35.6404747 1527.6150617019878 42.86180457921869 0.05
23 18 28 13 25.4879066 1329.0037138299645 52.142521341080425 0.05
25 19 31 13 18.8653512 1158.1629668716112 61.39101014306117 0.05
27 20 34 13 14.4102757 1015.0176804185705 70.43707570553772 0.05
29 21 37 13 11.5589338 906.3425117782277 78.41056341876686 0.05
31 22 40 13 9.3122177 823.2743788266674 88.40798243222638 0.05
33 23 43 13 8.00132681 819.4746047223712 102.41733954651093 0.05
35 24 46 13 7.17409088 822.6845039589101 114.67439118347357 0.05
37 25 49 13 6.70928615 864.6394010088233 128.8720411796452 0.05
39 26 52 13 6.36739315 885.8081176039769 139.11629088019748 0.05
41 27 55 13 6.04264656 890.6436977726456 147.39298235120435 0.05
16 15 17 14 219.132073 2354.4824085372265 10.744581458585602 0.05
18 16 20 14 93.3551315 2031.5120451881048 21.761118136158426 0.05
20 17 23 14 49.8810901 1605.8231211663217 32.19302380816095 0.05
22 18 26 14 31.1244374 1301.7901465820576 41.82533903671645 0.05
24 19 29 14 21.1027367 1087.1086140062662 51.51505368525335 0.05
26 20 32 14 16.4739199 1014.0807251430978 61.5567352092745 0.05
28 21 35 14 13.434624 933.1148869251122 69.45597338080412 0.05
30 22 38 14 10.038033 785.1089623203842 78.213427104731 0.05
32 23 41 14 8.36400721 743.949293302119 88.94651506429285 0.05
34 24 44 14 7.58617623 793.2791209578621 104.56903410980502 0.05
36 25 47 14 6.55920746 758.2802382772239 115.60546649903097 0.05
38 26 50 14 6.62057396 858.8022377145879 129.7171881023119 0.05
40 27 53 14 6.16054394 860.5902309796261 139.69387108691348 0.05
42 28 56 14 5.83279681 842.9426793479389 144.51775139891063 0.05
17 16 18 15 271.400678 2738.708731382345 10.09101654264233 0.05
19 17 21 15 89.7340889 1944.668819821765 21.671461132111244 0.05
21 18 24 15 47.4782819 1476.1389000293598 31.09082386634045 0.05
23 19 27 15 28.0226911 1153.2589305610077 41.15446751511341 0.05
25 20 30 15 20.283798 1039.342137414086 51.24001616532002 0.05
27 21 33 15 15.0949014 921.4327751763149 61.04264948536298 0.05
29 22 36 15 11.9507583 822.7530743737592 68.84526100521664 0.05
31 23 39 15 8.7857832 692.585702208341 78.83027459729954 0.05
33 24 42 15 7.94136819 723.5128962834171 91.10683184221145 0.05
35 25 45 15 6.75030458 713.9070950626402 105.75924191299828 0.05
37 26 48 15 6.75937468 796.2114516966188 117.79365538834413 0.05
39 27 51 15 6.33543465 821.569200537688 129.6784271206535 0.05
41 28 54 15 5.95980096 827.5840507173888 138.86102174750962 0.05
18 17 19 16 226.052377 2494.9990794042737 11.03726097692958 0.05
20 18 22 16 94.5973894 1959.0554083091968 20.709402455340875 0.05
22 19 25 16 43.3751183 1361.667764162157 31.39283113291606 0.05
24 20 28 16 25.7500665 1073.26340465723 41.68002458002312 0.05
26 21 31 16 19.7154808 1015.5284368213157 51.509189510677096 0.05
28 22 34 16 14.2125122 854.1820531257433 60.10070852398236 0.05
30 23 37 16 10.4787425 724.3053793671902 69.12140262700322 0.05
32 24 40 16 8.63189788 681.9827006274791 79.00727164620709 0.05
34 25 43 16 7.18703516 680.9666906138862 94.74931949739984 0.05
36 26 46 16 6.7199834 716.2110755955908 106.57929238271494 0.05
38 27 49 16 6.70845099 806.4213827342709 120.20977479545853 0.05
40 28 52 16 6.28932615 819.9481387871914 130.37138148531085 0.05
42 29 55 16 6.09319501 828.0754513977208 135.90168212878532 0.05
19 18 20 17 293.542409 3058.4058798251003 10.418957486395433 0.05
21 19 23 17 89.2195512 1844.6093759410192 20.674945694425542 0.05
23 20 26 17 47.6134344 1484.0260914545768 31.16822195574652 0.05
25 21 29 17 28.3995421 1181.0782921667214 41.58793434091043 0.05
27 22 32 17 19.327326 990.8213172542486 51.26530784725464 0.05
29 23 35 17 13.5069218 811.8139680467882 60.10355135444615 0.05
31 24 38 17 10.0228498 694.4425252945514 69.28593555243654 0.05
33 25 41 17 7.84251287 630.5932603183135 80.4070418208078 0.05
35 26 44 17 7.1691803 693.4517196966035 96.72677916840836 0.05
37 27 47 17 6.96257361 751.0120902786265 107.86415086513196 0.05
39 28 50 17 6.64142781 803.7008502406319 121.01326299602313 0.05
41 29 53 17 6.29488251 817.0717266032128 129.79936087849444 0.05
43 30 56 17 6.04580109 800.9672938383395 132.4832362022581 0.05
20 19 21 18 299.115437 3186.791243517868 10.654051410652766 0.05
22 20 24 18 102.813545 2225.390603744256 21.64491656954593 0.05
24 21 27 18 45.1176414 1438.6003329509604 31.885539410111107 0.05
26 22 30 18 26.9840448 1126.9566072973478 41.76381323297194 0.05
28 23 33 18 17.2797355 892.9098518317936 51.6738147891091 0.05
30 24 36 18 13.3936109 809.0269658533081 60.403947217348836 0.05
32 25 39 18 8.73999276 609.5306690906871 69.74040892577204 0.05
34 26 42 18 7.7824734 652.6242089136188 83.85819974837547 0.05
36 27 45 18 6.96796719 685.116022875191 98.32365799001286 0.05
38 28 48 18 7.10566119 780.8241755963043 109.88761703065443 0.05
40 29 51 18 6.70448058 810.3409427472571 120.86558131953858 0.05
42 30 54 18 6.31529754 802.6621578984353 127.09807460606761 0.05
21 20 22 19 257.501283 2734.528786034108 10.619476354353187 0.05
23 21 25 19 111.413433 2372.5905598321697 21.29537252327706 0.05
25 22 28 19 43.2173456 1364.944860384919 31.5832645766407 0.05
27 23 31 19 25.60217 1066.7018585024703 41.66450962955368 0.05
29 24 34 19 16.7335459 855.6218653137247 51.13213125460305 0.05
31 25 37 19 11.1679459 670.7040255962696 60.056167141378225 0.05
33 26 40 19 8.44392332 594.7356736144667 70.43357111093079 0.05
35 27 43 19 7.31597367 636.8035494015697 87.04289792797597 0.05
37 28 46 19 7.40771468 734.6919603767585 99.1793005149543 0.05
39 29 49 19 7.23873821 803.0646846956678 110.93987120383343 0.05
41 30 52 19 6.76736306 810.2029774077292 119.72210892550062 0.05
43 31 55 19 6.47926193 801.3814334292873 123.68406187111614 0.05
22 21 23 20 296.346907 3234.6788858436594 10.915176806092528 0.05
24 22 26 20 90.988749 1895.5208894940167 20.832475556884695 0.05
26 23 29 20 38.1960718 1208.889502011491 31.6495766460333 0.05
28 24 32 20 25.6002164 1059.461803848157 41.384876881281244 0.05
30 25 35 20 15.2621415 773.4719895571184 50.67912583284058 0.05
32 26 38 20 9.99914615 593.1090900361385 59.31597369802805 0.05
34 27 41 20 7.9819295 577.7867281668802 72.38684934098706 0.05
36 28 44 20 7.32769989 649.5531248400916 88.64352178594635 0.05
38 29 47 20 7.6770468 755.7533718507726 98.44324146242961 0.05
40 30 50 20 7.24513936 800.5057579724024 110.48866256347655 0.05
42 31 53 20 6.67731418 780.6384474425074 116.909048518443 0.05
44 32 56 20 6.14994389 752.2934927934532 122.32526121363574 0.05
23 22 24 21 382.686253 3914.2641894466337 10.22838985921617 0.05
25 23 27 21 84.8546388 1779.3318174261392 20.96917555232277 0.05
27 24 30 21 43.2097644 1340.9990860879807 31.03463082265685 0.05
29 25 33 21 20.5970997 850.9928268802585 41.316148354627735 0.05
31 26 36 21 14.6825168 735.3834916861127 50.085656410494465 0.05
33 27 39 21 9.06334466 544.4478193768887 60.07140187217471 0.05
35 28 42 21 7.58377293 569.1627201005653 75.0500740665722 0.05
37 29 45 21 7.93113812 705.6550235261278 88.97273163692273 0.05
39 30 48 21 7.67285763 755.0780425551574 98.408973418572 0.05
41 31 51 21 7.01959498 762.1983243937613 108.58152451322216 0.05
43 32 54 21 6.50918678 741.687101601857 113.94466416000694 0.05
24 23 25 22 252.531184 2710.251787641428 10.732344990872209 0.05
26 24 28 22 93.4957687 1984.0017643987787 21.220230519360165 0.05
28 25 31 22 41.1113033 1267.0170662278224 30.819189967831115 0.05
30 26 34 22 20.4368936 834.2898527250371 40.822733095064756 0.05
32 27 37 22 13.483244 665.5260339904651 49.35948900653768 0.05
34 28 40 22 8.69891762 537.7614490356317 61.81935184663029 0.05
36 29 43 22 7.92068631 613.146696890245 77.41080417692302 0.05
38 30 46 22 8.3177402 732.0715659301247 88.0132762418 0.05
40 31 49 22 7.71215429 764.7516353294825 99.16186924853166 0.05
42 32 52 22 6.90387178 733.3606552387309 106.22454741457132 0.05
44 33 55 22 6.42254386 719.9699683273011 112.10043621676428 0.05
25 24 26 23 384.674422 3934.1111772913537 10.22711922679214 0.05
27 25 29 23 91.4884468 1884.5678973104161 20.598971380836865 0.05
29 26 32 23 40.1525438 1234.750675374288 30.75149314386124 0.05
31 27 35 23 22.5256716 905.6827943751242 40.2066944088417 0.05
33 28 38 23 12.0801768 599.7853187568822 49.65037587503539 0.05
35 29 41 23 9.06571561 569.4326339034862 62.811658604795596 0.05
37 30 44 23 9.3283358 729.3373847865765 78.18515546862888 0.05
39 31 47 23 8.50332605 735.1521612259872 86.45465984760013 0.05
41 32 50 23 7.55059913 742.1119866097226 98.28517894178322 0.05
43 33 53 23 6.91157318 711.4060761227217 102.92968874023 0.05
45 34 56 23 6.61298878 729.7105326884115 110.34504321182463 0.05
26 25 27 24 271.098853 2850.90433943442 10.516106239056716 0.05
28 26 30 24 80.9501223 1627.8412679263797 20.109188493794033 0.05
30 27 33 24 35.0450803 1084.8371963478426 30.95547754666844 0.05
32 28 36 24 21.8708142 863.9035639011703 39.50029276464569 0.05
34 29 39 24 11.1660327 567.9165746398807 50.861088257414885 0.05
36 30 42 24 9.43397928 609.0550413794978 64.5597179411547 0.05
38 31 45 24 9.33363988 722.3998536036274 77.39744225096753 0.05
40 32 48 24 8.26334377 718.2371872964586 86.91846875643884 0.05
42 33 51 24 7.3203091 691.1246951877306 94.4119552530549 0.05
44 34 54 24 6.74196789 676.9375942399006 100.40652896670807 0.05
27 26 28 25 257.42412 2608.1650692587427 10.13178201506037 0.05
29 27 31 25 83.3294047 1684.1596440543794 20.21086854175474 0.05
31 28 34 25 34.2698559 1042.9497008519706 30.43344284537743 0.05
33 29 37 25 20.0444841 784.5938137118189 39.14262945344745 0.05
35 30 40 25 11.8122794 608.0414335418018 51.475368381635285 0.05
37 31 43 25 10.7838072 717.9457434968501 66.57627776365013 0.05
39 32 46 25 9.28673431 708.6861613225623 76.31166539990765 0.05
41 33 49 25 8.17861342 705.4990406590766 86.2614485401459 0.05
43 34 52 25 7.45387954 673.3101679666659 90.33016489647562 0.05
45 35 55 25 7.18173727 711.7964456179262 99.1120141071279 0.05
28 27 29 26 207.110741 2088.274883792597 10.08289031128809 0.05
30 28 32 26 76.1987376 1585.8319687959133 20.81178794746743 0.05
32 29 35 26 37.599738 1103.4338588598962 29.346849673790175 0.05
34 30 38 26 18.0225706 721.0055391214603 40.00569924922143 0.05
36 31 41 26 11.9735646 627.5062518762394 52.40763906483115 0.05
38 32 44 26 10.9144352 734.2935767204546 67.2772858388911 0.05
40 33 47 26 9.18277458 685.9679294994438 74.70159737923609 0.05
42 34 50 26 8.15600441 672.5467684614191 82.46032427800259 0.05
44 35 53 26 7.31461885 649.5315053790636 88.7990910666608 0.05
46 36 56 26 7.01762141 689.467751167361 98.24806880930913 0.05
29 28 30 27 213.21454 2155.3175562448628 10.108680000176642 0.05
31 29 33 27 66.8263076 1361.8706108268675 20.37925870420031 0.05
33 30 36 27 41.3877672 1198.8744219917226 28.966878454649336 0.05
35 31 39 27 17.1020297 695.408481443085 40.662336204636865 0.05
37 32 42 27 13.196149 720.7740369905608 54.62002869098862 0.05
39 33 45 27 10.5271828 690.0356778393724 65.54799046895741 0.05
41 34 48 27 9.18673166 666.5352862554496 72.55412598559013 0.05
43 35 51 27 8.25599757 645.6976545414941 78.20952574983548 0.05
45 36 54 27 7.53152998 662.1013321193964 87.91060168088136 0.05
30 29 31 28 210.841735 2103.4845810994766 9.976604399975539 0.05
32 30 34 28 72.6820384 1384.1968054543258 19.044551252628683 0.05
34 31 37 28 37.5706628 1102.832541328191 29.35355565055911 0.05
36 32 40 28 16.6100962 690.8685167782503 41.5932881098094 0.05
38 33 43 28 13.1384728 725.7020305750189 55.23488472534029 0.05
40 34 46 28 10.8803642 682.5272591540167 62.73018500189697 0.05
42 35 49 28 9.53381645 665.8748876908298 69.84347676326723 0.05
44 36 52 28 8.03304379 615.4094073171161 76.60974138883863 0.05
46 37 55 28 7.13991012 620.4030845740973 86.89228213619268 0.05
31 30 32 29 232.33993 2341.1234338023573 10.076285353974056 0.05
33 31 35 29 86.4725858 1641.1316105603125 18.97863462017939 0.05
35 32 38 29 29.4493669 899.1312122034949 30.531427560281266 0.05
37 33 41 29 17.3249512 735.6687974196254 42.462965056988175 0.05
39 34 44 29 13.5583347 729.7876934515739 53.82576176199382 0.05
41 35 47 29 11.217449 673.8668323041444 60.07309079846446 0.05
43 36 50 29 9.43988566 632.9695978724505 67.05267634273979 0.05
45 37 53 29 7.5865963 580.7322557523509 76.54714087691089 0.05
47 38 56 29 6.67500552 575.9809121307014 86.28920386731028 0.05
32 31 33 30 208.304126 1995.189058220463 9.578250304175267 0.05
34 32 36 30 90.05605 1815.764886346733 20.162608579287376 0.05
36 33 39 30 25.195363 783.7987306583539 31.10884850749536 0.05
38 34 42 30 18.4094706 778.6546414742351 42.296416795072595 0.05
40 35 45 30 14.2122946 738.7774701472173 51.981575877776784 0.05
42 36 48 30 11.3077051 650.9197737869515 57.56426861423469 0.05
44 37 51 30 8.16640179 533.4556041001453 65.3232130647034 0.05
46 38 54 30 7.12388646 547.9660338828448 76.91953499815392 0.05
33 32 34 31 225.275519 2201.9626933084733 9.77453166275237 0.05
35 33 37 31 62.1132023 1257.4911642197858 20.245151073458434 0.05
37 34 40 31 27.9033827 859.435243532366 30.800396237706547 0.05
39 35 43 31 20.2080479 849.7164340255644 42.048417453798905 0.05
41 36 46 31 14.4992096 717.8617521546586 49.51040587444564 0.05
43 37 49 31 10.2008561 567.244605369865 55.60754899482065 0.05
45 38 52 31 7.95109589 523.5304578128723 65.84381135074857 0.05
47 39 55 31 7.15454844 550.105930574133 76.88897981297796 0.05
34 33 35 32 217.471831 2152.682247654868 9.898671647524171 0.05
36 34 38 32 52.4655855 1022.3758220532164 19.486598925941966 0.05
38 35 41 32 33.3756555 993.9084754139535 29.779444344215307 0.05
40 36 44 32 21.9230164 897.0748027388777 40.91931449446334 0.05
42 37 47 32 12.9413412 591.247753193604 45.686744832413815 0.05
44 38 50 32 8.86188758 487.9911085935643 55.066271625346474 0.05
46 39 53 32 7.76459497 519.3379743173467 66.88539148840454 0.05
48 40 56 32 7.31945328 546.2446862215426 74.6291649560939 0.05
35 34 36 33 179.330206 1723.0524224609192 9.608266565315377 0.05
37 35 39 33 64.2771133 1271.2670276332715 19.77791102254232 0.05
39 36 42 33 34.126687 1021.7138882190833 29.93885366660653 0.05
41 37 45 33 17.3699603 678.1720290074052 39.0428082329817 0.05
43 38 48 33 11.1954614 496.9722158451983 44.390507732463654 0.05
45 39 51 33 8.76697911 489.60370516698873 55.846341028522055 0.05
47 40 54 33 7.78693662 525.2027070091646 67.44663949880263 0.05
36 35 37 34 213.477923 2060.7437508886314 9.6531937444821 0.05
38 36 40 34 67.1040901 1327.02299151742 19.77559027385456 0.05
40 37 43 34 28.1602221 860.3954729399524 30.553575532344695 0.05
42 38 46 34 14.5508555 538.2033003585436 36.98774277282484 0.05
44 39 49 34 10.0414276 460.8166855715607 45.89155087584963 0.05
46 40 52 34 8.8461255 510.51794989875873 57.71090969699206 0.05
48 41 55 34 8.34367506 558.0880544360099 66.88755859051993 0.05
37 36 38 35 220.792119 2228.752422997222 10.094347719889502 0.05
39 37 41 35 47.8957581 928.013421557209 19.375691258913573 0.05
41 38 44 35 21.6321502 658.5242539534838 30.441923149807078 0.05
43 39 47 35 13.0654116 460.7488183672104 35.26477637851152 0.05
45 40 50 35 10.5837787 503.57844849635717 47.58021334066227 0.05
47 41 53 35 9.06020986 540.6952967657802 59.67801023604327 0.05
49 42 56 35 8.3517056 557.5323134507854 66.75670098462108 0.05
38 37 39 36 115.55803 1126.7620179778114 9.750616361128788 0.05
40 38 42 36 36.1352271 730.671106611594 20.220465325693056 0.05
42 39 45 36 17.8425132 511.6173414020682 28.674062654025008 0.05
44 40 48 36 12.3404201 443.7588403382099 35.95978392487707 0.05
46 41 51 36 10.7730168 530.236498265281 49.21894285593995 0.05
48 42 54 36 9.70454475 585.9371876349861 60.37760685631194 0.05
39 38 40 37 122.494991 1210.9924736574321 9.886057085039765 0.05
41 39 43 37 29.8344326 630.1578310910829 21.121830588830537 0.05
43 40 46 37 18.4253497 494.0728602177331 26.814843042991637 0.05
45 41 49 37 14.8007887 573.372111453081 38.73929444402385 0.05
47 42 52 37 11.9690644 626.3081809055777 52.32724630553226 0.05
49 43 55 37 10.7116442 646.7640524921867 60.37953094933705 0.05
40 39 41 38 58.2727498 588.0301979087475 10.090997935174624 0.05
42 40 44 38 28.6914202 562.5587465094329 19.607211584089967 0.05
44 41 47 38 17.5064297 464.09811040461045 26.510151890342918 0.05
46 42 50 38 14.8688123 624.3632719288324 41.99146907845709 0.05
48 43 53 38 12.6945733 676.7549404763765 53.31057015334076 0.05
50 44 56 38 11.6095103 693.9650076224802 59.77556242165358 0.05
41 40 42 39 45.4252586 462.4204306273965 10.179808434318886 0.05
43 41 45 39 27.094937 486.59845622595344 17.959017813031025 0.05
45 42 48 39 19.1456192 560.1073244290477 29.25511672294452 0.05
47 43 51 39 14.7811598 654.204669929832 44.259359805435025 0.05
49 44 54 39 13.322392 682.7870488346931 51.25108530320179 0.05
42 41 43 40 52.1811283 511.46024310737977 9.801632501445543 0.05
44 42 46 40 24.1920781 446.68420235880865 18.464069126777854 0.05
46 43 49 40 19.7143816 659.4843037647056 33.45193966239883 0.05
48 44 52 40 17.2701365 744.0454422160768 43.08277715211324 0.05
50 45 55 40 14.0571142 694.23295142496 49.38659112728557 0.05
43 42 44 41 56.5237625 544.3212478507108 9.629954266592053 0.05
45 43 47 41 27.6690002 555.3736998847105 20.07205521957062 0.05
47 44 50 41 21.7119686 750.9189901210264 34.585486187605596 0.05
49 45 53 41 16.2316926 651.3679679509872 40.129392787477215 0.05
51 46 56 41 15.0168138 719.70589595784 47.92667109968694 0.05
44 43 45 42 40.9714545 395.33910447111236 9.649135216107897 0.05
46 44 48 42 32.909685 699.6809552276258 21.26063969398752 0.05
48 45 51 42 21.1199032 643.6391200637481 30.47547680349918 0.05
50 46 54 42 17.3996695 649.5248163630664 37.32972148482857 0.05
45 44 46 43 62.509954 596.3539478207504 9.540143763675628 0.05
47 45 49 43 29.477238 616.9250924896834 20.92886356888944 0.05
49 46 52 43 21.5637828 577.3963923784439 26.77621072952209 0.05
51 47 55 43 20.092574 717.5386974848875 35.711636422734465 0.05
46 45 47 44 53.9172236 508.0544372036305 9.42285977061383 0.05
48 46 50 44 29.9176116 563.8445612783403 18.84657668589896 0.05
50 47 53 44 23.3296739 608.5076521521192 26.082990047799996 0.05
52 48 56 44 18.7282832 672.8229754106102 35.92550199212121 0.05
47 46 48 45 59.3198805 583.0356129674913 9.828671400770798 0.05
49 47 51 45 30.8791173 525.9351787813524 17.032066482721397 0.05
51 48 54 45 27.7022072 773.9387899131092 27.93780236807662 0.05
48 47 49 46 69.8531436 656.5921861087832 9.399608267719868 0.05
50 48 52 46 39.202577 713.6729462407304 18.204745729872055 0.05
52 49 55 46 27.6536846 818.5906803353254 29.601504905256835 0.05
49 48 50 47 66.4595174 628.908968999328 9.463038457142453 0.05
51 49 53 47 48.2999186 1013.9320266973366 20.99241688364536 0.05
53 50 56 47 27.3626336 804.6895571405616 29.408337256709153 0.05
50 49 51 48 87.9381514 843.3588038460304 9.590363117935981 0.05
52 50 54 48 45.0930413 913.1007447127926 20.249260604047848 0.05
51 50 52 49 133.384573 1323.1547918708654 9.91984876595036 0.05
53 51 55 49 44.1133289 797.7810877785707 18.084808099317364 0.05
52 51 53 50 110.208075 1028.9038166269593 9.33601114643332 0.05
54 52 56 50 50.7173917 920.4146906624258 18.14791060444904 0.05
53 52 54 51 158.938329 1473.300175371077 9.26963423260274 0.05
54 53 55 52 146.540148 1409.8084275495978 9.620629204971172 0.05
55 54 56 53 122.888538 1157.8088180061152 9.421617645138843 0.05
