112
# x y z
0.0 3213.46 0.0
3.0 3211.65 0.0
6.0 3209.94 0.0
9.0 3208.51 0.0
12.0 3206.97 0.0
15.0 3205.47 0.0
18.0 3204.07 0.0
21.0 3202.63 0.0
24.0 3201.23 0.0
27.0 3199.57 0.0
30.0 3198.16 0.0
33.0 3196.75 0.0
36.0 3195.34 0.0
39.0 3193.92 0.0
42.0 3192.51 0.0
45.0 3191.1 0.0
48.0 3189.71 0.0
51.0 3188.43 0.0
54.0 3187.14 0.0
57.0 3185.86 0.0
60.0 3184.58 0.0
63.0 3183.3 0.0
66.0 3182.01 0.0
69.0 3180.73 0.0
72.0 3179.45 0.0
75.0 3178.18 0.0
78.0 3176.94 0.0
81.0 3175.68 0.0
84.0 3174.42 0.0
87.0 3173.17 0.0
90.0 3171.91 0.0
93.0 3170.65 0.0
96.0 3169.39 0.0
99.0 3168.14 0.0
102.0 3166.88 0.0
105.0 3165.62 0.0
108.0 3164.28 0.0
111.0 3162.83 0.0
114.0 3161.28 0.0
117.0 3159.7 0.0
120.0 3158.23 0.0
123.0 3156.73 0.0
126.0 3155.36 0.0
129.0 3154.09 0.0
132.0 3153.02 0.0
135.0 3151.93 0.0
138.0 3151.02 0.0
141.0 3150.14 0.0
144.0 3149.41 0.0
145.5 3148.98 0.0
147.0 3148.54 0.0
148.5 3148.11 0.0
150.0 3147.67 0.0
151.5 3147.18 0.0
153.0 3146.61 0.0
154.5 3146.18 0.0
156.0 3145.83 0.0
157.5 3145.52 0.0
159.0 3145.26 0.0
160.5 3144.98 0.0
162.0 3144.75 0.0
163.5 3144.48 0.0
165.0 3144.23 0.0
166.5 3143.94 0.0
168.0 3143.69 0.0
169.5 3143.43 0.0
171.0 3143.15 0.0
172.5 3142.94 0.0
174.0 3142.78 0.0
175.5 3142.45 0.0
177.0 3142.2 0.0
178.5 3141.97 0.0
180.0 3141.71 0.0
181.5 3141.55 0.0
183.0 3141.35 0.0
184.5 3141.26 0.0
186.0 3141.07 0.0
187.5 3140.9 0.0
189.0 3140.78 0.0
190.5 3140.68 0.0
192.0 3140.62 0.0
193.5 3140.61 0.0
195.0 3140.62 0.0
196.5 3140.51 0.0
198.0 3140.46 0.0
199.5 3140.4 0.0
201.0 3140.28 0.0
202.5 3140.12 0.0
204.0 3139.91 0.0
205.5 3139.84 0.0
207.0 3139.71 0.0
208.5 3139.57 0.0
210.0 3139.5 0.0
211.5 3139.38 0.0
213.0 3139.26 0.0
214.5 3139.06 0.0
216.0 3138.87 0.0
217.5 3138.69 0.0
219.0 3138.41 0.0
220.5 3138.08 0.0
222.0 3137.98 0.0
223.5 3137.8 0.0
225.0 3137.57 0.0
226.5 3137.32 0.0
228.0 3137.1 0.0
229.5 3136.86 0.0
231.0 3136.42 0.0
232.5 3136.18 0.0
234.0 3135.79 0.0
235.5 3135.14 0.0
237.0 3134.49 0.0
238.5 3133.84 0.0
1455
# a b m n r rhoa k err
2 1 4 5 1.768385 518.8342508151455 293.394397043147 0.05
2 1 5 6 0.535217 396.9564444286568 741.6738340311626 0.05
3 1 7 9 0.8806115 488.8783305238288 555.1577858383962 0.05
4 2 8 10 0.974356 501.93498169101275 515.1453695476938 0.05
4 1 7 10 2.89367 578.1316656980229 199.79184416261108 0.05
5 4 8 9 0.846662 547.2369211064643 646.3463827436028 0.05
5 3 9 11 1.0112585 502.90629174791457 497.30735687058706 0.05
5 2 8 11 2.710645 518.3865796369191 191.24104397179235 0.05
5 1 9 13 2.169725 561.7703392486807 258.91315224218766 0.05
6 5 9 10 0.7224325 432.6211532465394 598.8395500569802 0.05
6 4 8 10 4.566205 570.3431702238428 124.90529229936956 0.05
6 4 10 12 1.169905 580.4434005352963 496.14575588214115 0.05
6 3 9 12 2.831785 522.3655948281759 184.46513235580238 0.05
6 3 12 15 0.523629 401.9006519835428 767.5293996007532 0.05
6 2 10 14 2.318215 585.1296366770808 252.40525002084829 0.05
6 1 11 16 1.59761 523.6808964784667 327.7901969056695 0.05
7 6 10 11 0.490683 304.2244126396033 620.0019414563034 0.05
7 4 13 16 0.4833435 368.6822550691842 762.7748279829649 0.05
7 2 12 17 1.643795 526.8172043251541 320.48838469830736 0.05
7 1 13 19 1.07007 421.81238643191773 394.1913953591052 0.05
8 7 11 12 0.513308 328.79448536565985 640.5403488074603 0.05
8 6 12 14 0.989844 506.40048779590916 511.596259406441 0.05
8 5 14 17 0.5101675 388.51779455260254 761.5494804208472 0.05
8 4 12 16 1.73078 441.4450806254571 255.05557068226875 0.05
8 3 13 18 1.251475 400.2092756781207 319.7900682619475 0.05
8 2 14 20 1.16354 450.72553441634136 387.37433557620824 0.05
8 1 15 22 1.1174 517.6630222592271 463.2745858772392 0.05
9 8 10 11 8.115535 539.1529910227998 66.4346824975556 0.05
9 8 11 12 1.868925 502.44954387729507 268.84414509800825 0.05
9 8 12 13 0.524589 349.9923336514337 667.1743663161708 0.05
9 7 11 13 3.305545 437.29517532617666 132.29139985272525 0.05
9 7 13 15 0.4287955 223.98842719553775 522.3665528102272 0.05
9 6 12 15 1.724065 337.5064266446118 195.76200818682113 0.05
9 5 13 17 1.119055 288.94879810407275 258.207861190087 0.05
9 4 14 19 1.16859 377.50121445647767 323.0399151597033 0.05
9 3 15 21 1.37302 535.9583848294332 390.3500202687748 0.05
9 2 16 23 1.074345 494.5034164674869 460.28362999547335 0.05
10 9 12 13 2.069915 518.3258073994303 250.40922327700912 0.05
10 9 13 14 0.5490515 340.75371670940984 620.6225039170457 0.05
10 8 12 14 3.32756 423.4125141542519 127.24414109865845 0.05
10 8 14 16 0.603211 304.88209550862695 505.43192267486324 0.05
10 7 13 16 1.67363 318.3220695974362 190.1985920409148 0.05
10 7 16 19 0.5360155 409.0766908162897 763.1807117821961 0.05
10 6 14 18 1.337465 338.9296162848861 253.41195192762885 0.05
10 5 15 20 1.398935 444.9249348183714 318.04546660021475 0.05
10 4 16 22 1.181595 455.19268854607134 385.2357944524743 0.05
10 3 17 24 1.144285 521.5235768654463 455.7637099721191 0.05
11 10 13 14 1.4423 357.3470402573793 247.76193597544153 0.05
11 9 13 15 2.6144 323.7199017350524 123.82187183868285 0.05
11 8 14 17 2.10523 393.22112963639665 186.78297840919834 0.05
11 8 17 20 0.705534 536.4910661109867 760.4042698310595 0.05
11 7 15 19 2.263445 567.0600408455091 250.5296310913272 0.05
11 6 16 21 1.544595 488.23638684207214 316.0934658224791 0.05
11 5 17 23 1.35208 518.946070430959 383.8131400737819 0.05
11 4 18 25 1.117265 504.03165595054696 451.1299073635592 0.05
12 11 13 14 7.181155 447.31652301903074 62.29033115411528 0.05
12 11 14 15 1.85708 464.65087181000695 250.20509176234032 0.05
12 10 14 16 3.0331 377.5648616775632 124.48150792178406 0.05
12 10 16 18 0.9616405 477.3912071176429 496.43417380782415 0.05
12 9 15 18 2.22554 413.7185599823392 185.89580954839687 0.05
12 9 18 21 0.61419 465.1751961959398 757.379957661212 0.05
12 8 16 20 1.8125 454.83614025800034 250.94407738372433 0.05
12 7 17 22 1.63396 519.5540534346752 317.9723208858694 0.05
12 6 18 24 1.353945 519.642218488324 383.79861699575986 0.05
12 5 19 26 1.11856 501.690504818987 448.51461237572147 0.05
13 12 14 15 6.28396 394.032237492858 62.70444711501313 0.05
13 12 16 17 0.6091185 379.90625566528024 623.6984357974355 0.05
13 11 15 17 3.17758 397.2040640715638 125.00206574549304 0.05
13 11 17 19 0.90159 457.27709207295294 507.18962285845333 0.05
13 10 16 19 2.343335 439.96546983562973 187.75184505656668 0.05
13 10 19 22 0.70261 534.5438229021847 760.7973454721464 0.05
13 9 17 21 1.837095 464.20480842370665 252.684160821137 0.05
13 8 18 23 1.586605 504.9195893755793 318.23900049198085 0.05
13 7 19 25 1.32307 505.92899407724667 382.3901940768415 0.05
13 6 20 27 1.11475 497.9379480847065 446.6812721100754 0.05
14 13 15 16 7.89145 492.97799800547904 62.469888044083035 0.05
14 13 16 17 1.436 358.65987347186365 249.76314308625604 0.05
14 13 17 18 0.6652015 421.2473639080618 633.2627991789883 0.05
14 12 16 18 3.05622 383.19123874882627 125.38077715243871 0.05
14 12 18 20 0.900112 458.03076044183706 508.8597423896549 0.05
14 11 17 20 2.362865 449.6374644158093 190.293336443601 0.05
14 11 20 23 0.6278855 477.0475992279918 759.7684597398598 0.05
14 10 18 22 1.885195 478.3601778017962 253.7457280556103 0.05
14 9 19 24 1.514025 478.54499742043487 316.0746998368157 0.05
14 8 20 26 1.23202 468.0524396631949 379.90652721806055 0.05
14 7 21 28 1.039635 461.2903022720797 443.70409063957993 0.05
15 14 17 18 1.90119 482.5891677244158 253.83531773490068 0.05
15 9 21 27 1.27575 480.1723451821186 376.3843583634087 0.05
15 8 22 29 1.037366 456.5402430713989 440.0956297694342 0.05
16 15 17 18 5.743415 363.01583713711915 63.205573188968444 0.05
16 14 18 20 3.233195 407.84511846764605 126.14306234781573 0.05
16 14 20 22 1.09261 545.6872417571141 499.43460315859636 0.05
16 13 19 22 2.65914 500.5336778652773 188.23141236086755 0.05
16 13 22 25 0.5408295 402.5010047005469 744.2290124716698 0.05
16 12 20 24 1.956365 489.4915114115703 250.20459444509092 0.05
16 12 24 28 0.4134905 410.46253646063116 992.6770662460956 0.05
16 11 21 26 1.4004 436.79888218222067 311.91008439175994 0.05
16 10 22 28 1.16013 433.3238212259277 373.51315906487 0.05
16 9 23 30 0.9654535 420.55940041400544 435.6081369159731 0.05
17 16 18 19 6.01133 368.65963868033657 61.3274664143104 0.05
17 16 19 20 1.431585 350.8054949247087 245.04691996962015 0.05
17 16 20 21 0.462067 281.84097696301006 609.9569477218889 0.05
17 15 21 23 0.9559995 467.41655577342857 488.9297073622199 0.05
17 14 20 23 2.4987 461.25434447672194 184.59772860956576 0.05
17 14 23 26 0.4679205 342.57985076436273 732.132596807284 0.05
17 13 21 25 1.680915 413.38207772193425 245.92681826382315 0.05
17 12 22 27 1.54948 476.2777624426903 307.37909649862553 0.05
17 11 23 29 1.12056 414.00899277988384 369.4661533339436 0.05
17 10 24 31 0.996359 430.00846621821375 431.57984844640714 0.05
18 17 19 20 5.209435 320.1972699658447 61.46487478312806 0.05
18 17 20 21 1.71616 422.1032776115017 245.9579978623798 0.05
18 17 21 22 0.7081335 434.11205299763805 613.0370233827916 0.05
18 16 20 22 3.239955 397.098581746153 122.56299292618354 0.05
18 16 22 24 0.9584005 465.9237897859879 486.14727328083393 0.05
18 15 21 24 2.317655 424.8966107794046 183.3303967930536 0.05
18 15 24 27 0.561241 409.25676420213193 729.1996917583211 0.05
18 14 22 26 1.77907 434.25216904462457 244.08942258855726 0.05
18 14 26 30 0.478613 468.1285355963589 978.09406680629 0.05
18 13 23 28 1.29712 396.52737177816175 305.69829451258306 0.05
18 12 24 30 1.127585 414.6412804274495 367.7250765374224 0.05
18 11 25 32 1.1496 494.5458922842984 430.18953747764306 0.05
19 18 20 21 6.52161 401.48470907578957 61.562207656666004 0.05
19 18 21 22 1.645465 405.6319282395363 246.51507521553864 0.05
19 18 22 23 0.6432585 394.7441734018266 613.6633614663881 0.05
19 17 21 23 3.247925 399.16172561399856 122.89745779659278 0.05
19 17 23 25 1.000123 488.9820411344192 488.9219037402591 0.05
19 16 22 25 2.292015 419.74707201591775 183.13452225047294 0.05
19 16 25 28 0.580048 424.4691604878408 731.7828188147201 0.05
19 15 23 27 1.690605 412.53529050520456 244.01636722073138 0.05
19 15 27 31 0.472003 461.46467258293904 977.6731770411185 0.05
19 14 24 29 1.39836 427.21433831248527 305.51098308910815 0.05
19 13 25 31 1.126935 414.1631670292912 367.51291514532 0.05
19 12 26 33 0.9642755 414.7550534242996 430.12090779481554 0.05
20 19 21 22 5.82373 358.49767401995996 61.5580863158079 0.05
20 19 22 23 1.30031 319.9345888641288 246.04485766019548 0.05
20 19 23 24 0.568229 349.0280923696119 614.238436210774 0.05
20 18 22 24 2.77048 340.44163735793313 122.88182457838826 0.05
20 18 24 26 0.835766 409.7770935131662 490.3012248801294 0.05
20 17 23 26 2.07663 381.57592423540467 183.7476701364252 0.05
20 17 26 29 0.4579195 337.79407935632037 737.6713141858348 0.05
20 16 24 28 1.62612 397.79979849753323 244.63126860104617 0.05
20 16 28 32 0.4181645 409.4031420892004 979.048059051403 0.05
20 15 25 30 1.320065 404.0167357108281 306.0582135810192 0.05
20 14 26 32 1.08344 398.8699061875274 368.15135696257056 0.05
20 13 27 34 0.9389885 403.562946701853 429.7847595597315 0.05
21 20 22 23 6.366255 390.98586413217134 61.415363370171534 0.05
21 20 23 24 1.28661 316.9358135836182 246.33402008659826 0.05
21 20 24 25 0.4696545 288.99926724397613 615.344401563226 0.05
21 19 23 25 2.579585 317.3898519414018 123.03911363316263 0.05
21 19 25 27 0.8704155 428.45648503923155 492.24362966793626 0.05
21 18 24 27 2.033515 374.9403002977506 184.38039566846106 0.05
21 18 27 30 0.5391565 398.8153262973228 739.7023430067574 0.05
21 17 25 29 1.501255 369.0655028397171 245.83798411310343 0.05
21 17 29 33 0.4491605 441.7993641511546 983.6113463921128 0.05
21 16 26 31 1.298215 398.9590913634678 307.31357391762367 0.05
21 15 27 33 1.19074 438.5936984727028 368.33708321942896 0.05
21 14 28 35 0.964719 414.65650874138595 429.8210242997038 0.05
22 21 23 24 5.760725 354.3103065756708 61.50446455535906 0.05
22 21 24 25 1.36312 336.8123243801569 247.08926901531552 0.05
22 21 25 26 0.617464 380.6750029591948 616.5136800836888 0.05
22 20 24 26 2.85347 351.9341922544864 123.3355150937232 0.05
22 20 26 28 0.754424 373.50461963112724 495.08581332397597 0.05
22 19 25 28 2.110315 390.5018122745062 185.04432384478443 0.05
22 19 28 31 0.5051175 373.8745361476928 740.173397571244 0.05
22 18 26 30 1.47183 363.6126755566746 247.04801203717457 0.05
22 18 30 34 0.4150215 409.1962233227398 985.9639159001156 0.05
22 17 27 32 1.247155 384.29989019902746 308.14124162516083 0.05
22 16 28 34 1.076245 396.89891880477654 368.7811964792186 0.05
22 15 29 36 0.983409 423.56775243517217 430.7137238271891 0.05
23 22 24 25 5.17841 319.4392933058246 61.68675197711741 0.05
23 22 25 26 1.35515 334.20821094474485 246.62082496014818 0.05
23 22 26 27 0.539618 333.9134211287506 618.7959280986746 0.05
23 21 25 27 2.81833 347.9419237076483 123.45677181438948 0.05
23 21 27 29 0.661573 326.70437164877205 493.8296630134121 0.05
23 20 26 29 1.90636 353.5219394861709 185.44343119147007 0.05
23 20 29 32 0.495569 366.5629107201695 739.680873339877 0.05
23 19 27 31 1.438815 355.09438911841073 246.79641866286545 0.05
23 19 31 35 0.3846745 379.3890861058383 986.2600357076915 0.05
23 18 28 33 1.228395 378.28956582254625 307.9543353909339 0.05
23 17 29 35 1.027055 379.48936424533326 369.49273821298107 0.05
23 16 30 37 0.897385 386.99388775759104 431.24621846542016 0.05
24 23 25 26 6.07359 373.72241452596313 61.53237451424332 0.05
24 23 26 27 1.353805 335.3392461668628 247.70129092953772 0.05
24 23 27 28 0.5785445 357.06578079364925 617.1794577489704 0.05
24 22 26 28 2.740135 338.9925639982248 123.71381847909859 0.05
24 22 28 30 0.70978 349.2001320493764 491.9836175284967 0.05
24 21 27 30 1.86319 344.6405718951879 184.97339074124912 0.05
24 21 30 33 0.4784675 353.00958408791047 737.7921887858851 0.05
24 20 28 32 1.43964 354.42685381287356 246.19130741912807 0.05
24 20 32 36 0.3567635 352.397821748514 987.763102863701 0.05
24 19 29 34 1.17957 363.0519766003788 307.7833249407655 0.05
24 18 30 36 0.9736385 359.9735157595973 369.71988654885496 0.05
24 17 31 38 0.8875545 383.028759308258 431.5551994928288 0.05
25 24 26 27 6.7513 416.5256405753694 61.695620188018516 0.05
25 24 27 28 1.60613 395.80833924823725 246.43605389864908 0.05
25 24 28 29 0.4043965 247.99055131653736 613.2361464961674 0.05
25 23 27 29 2.86177 352.32601917972653 123.11472241994518 0.05
25 23 29 31 0.8468755 415.7051763864385 490.8692911607887 0.05
25 22 28 31 1.87881 346.05050200671565 184.1860017812954 0.05
25 22 31 34 0.573222 421.7898320690256 735.8228261808263 0.05
25 21 29 33 1.53109 376.0872902652289 245.63369251006074 0.05
25 21 33 37 0.5147965 509.2647418753277 989.254476041169 0.05
25 20 30 35 1.367675 420.1588780570582 307.2066668302471 0.05
25 19 31 37 1.107865 409.5030623710539 369.63263788553104 0.05
25 18 32 39 0.973295 418.9562714665688 430.45147819167755 0.05
26 25 27 28 7.46516 455.03129935984543 60.95399152326882 0.05
26 25 28 29 1.915405 468.0140741704293 244.34209693011624 0.05
26 25 29 30 0.784372 479.26026133132535 611.0114350478158 0.05
26 24 28 30 3.461275 423.38214677230343 122.3197078453181 0.05
26 24 30 32 0.928315 453.50839562602255 488.52856587044545 0.05
26 23 29 32 2.39059 438.77316983300994 183.5417908687855 0.05
26 23 32 35 0.5916045 434.57549579599686 734.5709773945209 0.05
26 22 30 34 1.715725 419.88136318396533 244.7253278841104 0.05
26 22 34 38 0.406897 401.30787630213456 986.2640331635145 0.05
26 21 31 36 1.3586 416.69554340739614 306.7095122975093 0.05
26 20 32 38 1.099065 405.51864174910475 368.96693257369196 0.05
26 19 33 40 0.9895395 423.33506684869985 427.8101751862355 0.05
27 26 28 29 6.36241 391.1136959724866 61.47257029529481 0.05
27 26 29 30 1.60049 394.2100176688378 246.30582988262208 0.05
27 26 30 31 0.6563595 403.17067165267184 614.2528167150348 0.05
27 25 29 31 3.35235 411.6201388598958 122.7855500946786 0.05
27 25 31 33 1.06046 518.902197705435 489.3180296337769 0.05
27 24 30 33 2.414605 443.49880861803103 183.6734408394048 0.05
27 24 33 36 0.498155 367.78970164090845 738.3037440975368 0.05
27 23 31 35 1.77958 436.0144006427818 245.0097217561345 0.05
27 23 35 39 0.429736 421.2170045832021 980.1762118677563 0.05
27 22 32 37 1.34111 412.2746053355377 307.4129678665715 0.05
27 21 33 39 1.027335 378.50214382179627 368.4310802433444 0.05
27 20 34 41 0.957863 407.4510588300389 425.3750889532625 0.05
28 27 29 30 6.973545 428.7763034305212 61.486131290544655 0.05
28 27 30 31 1.17649 289.50441869507654 246.0746956583367 0.05
28 27 31 32 0.558461 342.9496303062316 614.0977262624098 0.05
28 26 30 32 2.742395 337.08517703392977 122.91634758447626 0.05
28 26 32 34 0.7619255 374.1769241416368 491.09384597527816 0.05
28 25 31 34 2.11773 389.5069661609709 183.92664133811718 0.05
28 25 34 37 0.402172 298.30453291136644 741.7337181886518 0.05
28 24 32 36 1.535215 377.2516141684372 245.7321053848726 0.05
28 24 36 40 0.462615 445.8785261749208 963.8220251719482 0.05
28 23 33 38 1.14453 352.44205964303467 307.9360607786905 0.05
28 22 34 40 1.03527 379.26811763217205 366.34705693410615 0.05
28 21 35 42 1.0011585 422.28889098703314 421.80023541430563 0.05
29 28 30 31 5.79845 354.22979379161706 61.09042826817806 0.05
29 28 31 32 1.271265 311.8931033848422 245.3407459379769 0.05
29 28 32 33 0.865285 529.9725310990837 612.4832062257912 0.05
29 27 31 33 2.965435 363.7583927156584 122.66611566790652 0.05
29 27 33 35 0.5903795 290.2991642488197 491.7161999168665 0.05
29 26 32 35 2.106155 387.7736050529176 184.11446690909148 0.05
29 26 35 38 0.4733765 350.7825512372291 741.022317832062 0.05
29 25 33 37 1.138185 280.4611067369019 246.41082665551022 0.05
29 25 37 41 0.450374 425.3777944648346 944.4990040829058 0.05
29 24 34 39 1.132385 347.4901051744518 306.86569070983086 0.05
29 23 35 41 1.077205 391.45145253910596 363.39550274934294 0.05
29 22 36 43 1.041565 433.39492918866773 416.09974335607257 0.05
30 29 31 32 6.735505 414.59292187220734 61.553353738466136 0.05
30 29 32 33 1.511825 371.92342888049996 246.00957708762587 0.05
30 29 33 34 0.4842475 298.1782593539156 615.7559086085435 0.05
30 28 32 34 3.109 382.1163340933097 122.90650823200698 0.05
30 28 34 36 0.5394425 266.26175698040163 493.58691052410893 0.05
30 27 33 36 1.541705 284.94876163715907 184.8270334708385 0.05
30 27 36 39 0.502738 367.502555352109 731.002142969318 0.05
30 26 34 38 1.21996 300.9039702501751 246.65068547343776 0.05
30 26 38 42 0.4685275 435.163040835863 928.7886854792152 0.05
30 25 35 40 1.201695 366.07898146393995 304.63552021431394 0.05
30 24 36 42 1.177475 422.3168857301402 358.6631442112488 0.05
30 23 37 44 1.05058 430.8519753570449 410.10867840340086 0.05
31 30 32 33 7.15098 437.83574255775216 61.22737618588671 0.05
31 30 33 34 1.14795 283.0012512748051 246.52750666388354 0.05
31 29 33 35 2.031945 250.3604999243965 123.21224242014253 0.05
31 29 35 37 0.7773535 384.87593369780694 495.1105689982832 0.05
31 28 34 37 1.44268 267.1070985493184 185.14646252066873 0.05
31 28 37 40 0.515316 367.70157162882515 713.5458080650031 0.05
31 27 35 39 1.46892 360.4876402179735 245.40998843910728 0.05
31 27 39 43 0.446039 411.4293643813186 922.4067052013805 0.05
31 26 36 41 1.39157 418.5794241210581 300.79652774999323 0.05
31 25 37 43 1.137995 401.84077042202637 353.1129490217675 0.05
31 24 38 45 1.05654 429.61517186791235 406.62461607503013 0.05
32 31 33 34 5.902475 363.1557688659965 61.526015589391996 0.05
32 31 34 35 1.0158635 250.15496288813014 246.24859824979453 0.05
32 31 35 36 0.4062725 251.06941325432368 617.9827905022458 0.05
32 30 34 36 1.885785 232.5071864232088 123.29464197838502 0.05
32 30 36 38 0.8017095 392.7937840002254 489.94527818396244 0.05
32 29 35 38 1.756065 324.4698237107543 184.77096446359008 0.05
32 29 38 41 0.5418485 379.95607149908216 701.2219679469117 0.05
32 28 36 40 1.58488 383.0073456937745 241.6633093317945 0.05
32 28 40 44 0.4369045 406.15980149882284 929.630620647814 0.05
32 27 37 42 1.255665 371.1786302999906 295.60323039982046 0.05
32 26 38 44 1.142565 399.02561271558903 349.23668475368055 0.05
32 25 39 46 1.051885 428.19555198008845 407.0744919645099 0.05
33 32 34 35 5.575765 340.6183473729212 61.0890787852288 0.05
33 32 35 36 0.8950095 220.66375290575937 246.54906222309302 0.05
33 32 36 37 0.3334625 204.57133947813372 613.476296369558 0.05
33 31 35 37 1.853505 228.36658146662 123.2079662405119 0.05
33 31 37 39 0.7069935 338.67054929132024 479.0292262818827 0.05
33 30 36 39 1.737055 316.51863089049806 182.21566438051647 0.05
33 30 39 42 0.5671765 395.40952029247927 697.1542725985285 0.05
33 29 37 41 1.494735 354.8226306619591 237.38162996247436 0.05
33 29 41 45 0.4660875 439.45676003030354 942.8632178084663 0.05
33 28 38 43 1.373925 401.1371791958864 291.9643933954811 0.05
33 27 39 45 1.185855 414.73573672805605 349.7356225913421 0.05
33 26 40 47 1.03096 425.81152548317147 413.02429336072345 0.05
34 33 35 36 3.29228 203.23694378692258 61.73136664770997 0.05
34 33 36 37 0.91915 225.82185547208275 245.6855306229481 0.05
34 33 37 38 0.424341 256.4975226190096 604.4608525195764 0.05
34 32 36 38 1.90091 232.2868469591279 122.19770897050775 0.05
34 32 38 40 0.674008 317.0043823532117 470.32732898305613 0.05
34 31 37 40 1.68542 301.4990964763697 178.88662557485355 0.05
34 31 40 43 0.534175 378.0513610660574 707.7294165134224 0.05
34 30 38 42 1.47972 347.59516747225575 234.90604132691033 0.05
34 30 42 46 0.3982105 385.04461045406913 966.9373621591321 0.05
34 29 39 44 1.2784 374.12749840453455 292.6529242838975 0.05
34 28 40 46 1.095835 389.86685573185565 355.7714945515116 0.05
34 27 41 48 0.970813 408.2827792347513 420.5575937227368 0.05
35 34 36 37 3.543895 216.4431458190364 61.07493190939246 0.05
35 34 37 38 0.8299795 200.91025593383375 242.0665280694689 0.05
35 34 38 39 0.3548035 211.68928535523244 596.6380978632749 0.05
35 33 37 39 1.823165 219.52635775717317 120.40948447187895 0.05
35 33 39 41 0.646899 306.3046815794806 473.49691617931177 0.05
35 32 38 41 1.61043 286.18735400893615 177.7086579416281 0.05
35 32 41 44 0.4892775 352.64921027249017 720.7550117724403 0.05
35 31 39 43 1.44515 341.58586944717 236.3670687798291 0.05
35 30 40 45 1.20251 359.8441932343072 299.2442418227767 0.05
35 29 41 47 1.0275 373.44808648052447 363.45312552849094 0.05
35 28 42 49 0.8417775 364.4277032707085 432.92640070649134 0.05
36 35 37 38 3.004365 183.73185648273997 61.154971677123115 0.05
36 35 38 39 0.7787405 190.02246281947234 244.01255979298926 0.05
36 35 39 40 0.374654 227.15522512141908 606.3066859593628 0.05
36 34 38 40 1.758515 212.6111111166813 120.90378024451385 0.05
36 34 40 42 0.611185 300.30348860391916 491.3463003900933 0.05
36 33 39 42 1.552385 281.0716805167681 181.05797242099615 0.05
36 33 42 45 0.369353 277.20449265455375 750.5137162945848 0.05
36 32 40 44 1.30014 317.0565547491882 243.86339528757532 0.05
36 31 41 46 1.121345 345.2808383845538 307.9166878922667 0.05
36 30 42 48 0.88251 331.9131374701903 376.1012764390095 0.05
36 29 43 50 0.7622715 352.7708665265663 462.7890017225704 0.05
37 36 38 39 2.71588 169.92683575845004 62.56787330752834 0.05
37 36 39 40 0.825088 206.1549301830284 249.85811232623476 0.05
37 36 40 41 0.363544 232.52198245383534 639.59790961709 0.05
37 35 39 41 1.758995 219.30869353293988 124.67840643830134 0.05
37 35 41 43 0.5991105 304.67231994853273 508.5411121129286 0.05
37 34 40 43 1.47988 279.17305288022817 188.64573673556515 0.05
37 34 43 46 0.3793855 297.7651628416515 784.8617378409335 0.05
37 33 41 45 1.22143 308.42693261719876 252.51298282930563 0.05
37 32 42 47 0.961415 307.7098032234348 320.05929096533214 0.05
37 31 43 49 0.8545605 334.77266318074686 391.7483468762561 0.05
37 30 44 51 0.711062 354.4483931969031 498.4774790340408 0.05
38 37 39 40 2.81721 178.63769383119654 63.40943480649172 0.05
38 37 40 41 0.7450355 193.88735227527505 260.2390789100319 0.05
38 37 41 42 0.427743 277.4426335444307 648.6199272563916 0.05
38 36 40 42 1.788215 231.36273300644376 129.381944009218 0.05
38 36 42 44 0.4669845 244.074938895986 522.6617562167181 0.05
38 35 41 44 1.42615 276.04024992147066 193.55625279351446 0.05
38 35 44 47 0.382173 311.6050234558791 815.3507010068192 0.05
38 34 42 46 1.03402 269.95530160339155 261.0735784640448 0.05
38 33 43 48 0.8931865 295.97767903546145 331.3727637346304 0.05
38 32 44 50 0.786362 331.12562562466775 421.0854868682207 0.05
38 31 45 52 0.6209015 330.4421661460106 532.1974035269856 0.05
39 38 40 41 2.98293 193.51653808296388 64.87464944969003 0.05
39 38 41 42 1.03166 266.2625363409073 258.09136376413477 0.05
39 38 42 43 0.300247 194.41778666551537 647.5261590141296 0.05
39 37 41 43 1.92555 249.233630097429 129.43503419668613 0.05
39 37 43 45 0.4886535 258.5459976282438 529.0988351219091 0.05
39 36 42 45 1.21408 238.5297185486937 196.46952305341796 0.05
39 36 45 48 0.3528585 288.7340678340333 818.2715389710983 0.05
39 35 43 47 1.02335 272.35766756625077 266.14322330214566 0.05
39 34 44 49 0.960952 326.0942582240581 339.34500185655276 0.05
39 33 45 51 0.6860395 305.3953557742624 445.15710214100267 0.05
39 32 46 53 0.561651 318.06040736010675 566.2954527991702 0.05
40 39 41 42 3.83422 240.21930779989947 62.651414837933 0.05
40 39 42 43 0.743503 187.84048319996975 252.64253567231034 0.05
40 39 43 44 0.3003925 190.34995738834772 633.6708053241932 0.05
40 38 42 44 1.45838 185.8125019164837 127.41020990172912 0.05
40 38 44 46 0.4618315 242.36752704875983 524.796439932659 0.05
40 37 43 46 1.116955 218.08450649416773 195.24914297726207 0.05
40 37 46 49 0.3392665 274.6913626458383 809.6625002640646 0.05
40 36 44 48 0.9962645 265.3767837573529 266.3718156748061 0.05
40 35 45 50 0.779915 275.3902676683028 353.1029248934855 0.05
40 34 46 52 0.6200285 290.0194598071267 467.75182077457197 0.05
40 33 47 54 0.506172 302.147765946995 596.9270642133405 0.05
41 40 42 43 3.42479 218.8864209667229 63.91236279209029 0.05
41 40 43 44 0.6280395 160.79362622157367 256.02470262073274 0.05
41 40 44 45 0.204282 133.30311612524935 652.5446007247303 0.05
41 39 43 45 1.249265 160.44652488393524 128.43273835730227 0.05
41 39 45 47 0.353927 183.34598226178946 518.0333296464793 0.05
41 38 44 47 0.962226 188.58571668918734 195.98900537834908 0.05
41 38 47 50 0.2954485 264.51692144494785 895.3063611592135 0.05
41 37 45 49 0.8503095 224.59127802886076 264.12885899647216 0.05
41 36 46 51 0.704098 261.2789904914828 371.0832731970305 0.05
41 35 47 53 0.5533195 273.63129412795826 494.52675014699156 0.05
41 34 48 55 0.42191 265.6037031702628 629.5269208368202 0.05
42 41 43 44 5.314865 331.9746230226498 62.461534398832285 0.05
42 41 44 45 0.8428815 215.0100147778497 255.08925605538823 0.05
42 41 45 46 0.2657975 167.18477676489442 628.993037048484 0.05
42 40 44 46 1.408985 180.26111421380432 127.93685824462598 0.05
42 40 46 48 0.40335 205.582887575623 509.68857710579647 0.05
42 39 45 48 0.9655215 184.82987378348068 191.43009636085853 0.05
42 38 46 50 0.813547 223.95506752583617 275.28227321327 0.05
42 37 47 52 0.608837 237.06806821921833 389.37854995543694 0.05
42 36 48 54 0.4739675 247.7935650798629 522.8070808227629 0.05
42 35 49 56 0.336437 219.98555750726112 653.8685028913619 0.05
43 42 44 45 5.269115 330.30030931685127 62.68610749942851 0.05
43 42 45 46 0.706437 174.32754604570832 246.77012393986772 0.05
43 42 46 47 0.3091675 190.55520196572877 616.3493962519631 0.05
43 41 45 47 1.429765 177.4232829908872 124.09261871068827 0.05
43 41 47 49 0.3423555 171.2416409009928 500.1866215118285 0.05
43 40 46 49 0.9987395 188.1278558363914 188.36529028479538 0.05
43 39 47 51 0.651635 189.1218407661476 290.2266464602847 0.05
43 38 48 53 0.4870975 201.78196732746318 414.2537527444981 0.05
43 37 49 55 0.3436095 188.04006378945243 547.2493158351339 0.05
43 36 50 57 0.3331005 179.87255801399712 539.9948604520171 0.05
44 43 45 46 7.870025 469.61808909505305 59.67174044492273 0.05
44 43 46 47 1.090655 261.9569451481555 240.18314237605435 0.05
44 43 47 48 0.295069 177.00639689530013 599.8813731544151 0.05
44 42 46 48 1.796885 217.39194761869794 120.98267146684286 0.05
44 42 48 50 0.2765985 163.27424581705975 590.2933161859509 0.05
44 41 47 50 0.8599605 171.81618579797993 199.79543920677744 0.05
44 41 50 53 0.155502 147.8163660971711 950.5753372765051 0.05
44 40 48 52 0.544545 170.45004602789962 313.01370139823086 0.05
44 40 52 56 0.15109 140.41134409653938 929.3225501127764 0.05
44 39 49 54 0.367071 162.84472886147816 443.6327818364245 0.05
44 39 54 59 0.136769 129.43075116877458 946.3456716710261 0.05
44 38 50 56 0.357034 156.16687375228176 437.4005661989663 0.05
44 37 51 58 0.347216 153.97384915059365 443.45263222487915 0.05
45 44 46 47 8.29391 503.94017507080537 60.7602656733441 0.05
45 44 47 48 1.09264 266.0234455237618 243.4685216757228 0.05
45 44 48 49 0.396203 244.54550519438877 617.2227499397752 0.05
45 43 47 49 1.927965 234.7239816820656 121.74701391470572 0.05
45 43 49 51 0.2176165 168.86109587544203 775.9572269356507 0.05
45 42 48 51 0.862193 192.87581941165092 223.7037640199479 0.05
45 42 51 54 0.1964415 148.02811778341058 753.5480933683085 0.05
45 41 49 53 0.4712925 164.41991797973427 348.8702196188869 0.05
45 41 53 57 0.170683 127.9864771063536 749.8490014023283 0.05
45 40 50 55 0.438349 152.47461765554598 347.83840651067067 0.05
45 40 55 60 0.1494955 121.4751389639232 812.5671940889405 0.05
45 39 51 57 0.4204185 148.2459520677301 352.61519668551716 0.05
45 39 57 63 0.138172 127.80941437751112 925.0022752620729 0.05
45 38 52 59 0.4019655 147.01994400703518 365.75264296820296 0.05
46 45 47 48 6.727405 398.7707518707527 59.275567900364656 0.05
46 45 48 49 1.08568 261.70109787662943 241.0480969315355 0.05
46 44 48 50 1.74587 241.76705439928398 138.47941393075314 0.05
46 44 50 52 0.294132 163.0688513098447 554.4070393899497 0.05
46 44 52 54 0.1754185 172.31069921753488 982.2835061155744 0.05
46 43 49 52 0.6610625 169.75612321128915 256.7928497098068 0.05
46 43 52 55 0.2718175 156.13680082843896 574.4177649652395 0.05
46 42 50 54 0.601054 156.42837237489636 260.25676956628917 0.05
46 42 54 58 0.2084405 125.40831990217512 601.6504465407401 0.05
46 41 51 56 0.551851 147.55364265837838 267.37949674527795 0.05
46 41 56 61 0.175746 122.98562595994801 699.7918926174593 0.05
46 40 52 58 0.5108695 143.36052335206128 280.62063472581804 0.05
46 40 58 64 0.1529865 123.35543957585864 806.3158486262424 0.05
46 39 53 60 0.4394095 130.79294852530015 297.65616930289434 0.05
46 39 60 67 0.14121 126.75427555612225 897.6295981596363 0.05
47 46 48 49 5.791615 346.16853969418537 59.77064077881305 0.05
47 46 49 50 0.5905765 224.7172664860211 380.5049244018702 0.05
47 46 50 51 0.2960645 185.81760951740858 627.6254313415103 0.05
47 46 51 52 0.178364 173.636887318108 973.4973835421273 0.05
47 45 49 51 1.19889 203.2771869834648 169.55449372625077 0.05
47 45 51 53 0.4789535 185.61768750492416 387.54845199987926 0.05
47 45 53 55 0.2215295 157.2095083415408 709.6549594593082 0.05
47 44 50 53 1.03638 182.06743813435773 175.6763331349097 0.05
47 44 53 56 0.3475765 148.85032978931386 428.25199571695396 0.05
47 44 56 59 0.1521485 133.0627317401607 874.5582883837876 0.05
47 43 51 55 0.891544 168.49414603156436 188.9913969827225 0.05
47 43 55 59 0.2639865 130.75625580084994 495.31417629632557 0.05
47 42 52 57 0.7770015 157.9963153302047 203.34106862110912 0.05
47 42 57 62 0.2075235 124.57332453318078 600.2853871160653 0.05
47 41 53 59 0.624551 138.00686560060066 220.96972961471627 0.05
47 41 59 65 0.1772585 123.64271885749382 697.5277284727887 0.05
47 40 54 61 0.5499255 132.80077262212487 241.48866095884782 0.05
47 40 61 68 0.1560725 122.3144923440846 783.7030376529151 0.05
48 47 49 50 5.09686 421.88069129385525 82.77266616973101 0.05
48 47 50 51 1.469915 278.5080386576507 189.47220666341295 0.05
48 47 51 52 0.6519295 236.20923368635698 362.3232783396931 0.05
48 47 52 53 0.469633 289.9400592970974 617.3758217525118 0.05
48 47 53 54 0.22358 213.2785698431671 953.9250820429694 0.05
48 46 50 52 2.600615 243.99867056936463 93.823449672237 0.05
48 46 52 54 0.9305615 240.67831630748466 258.637732495364 0.05
48 46 54 56 0.3719655 185.62410540007147 499.0358121924519 0.05
48 46 56 58 0.184483 171.18128955540004 927.8973648271117 0.05
48 45 51 54 1.95045 221.9167433204245 113.77720183569151 0.05
48 45 54 57 0.559645 175.655161862316 313.868902361883 0.05
48 45 57 60 0.21709 156.92312608062508 722.8482476421074 0.05
48 44 52 56 1.5714 207.44474818387684 132.01269452964036 0.05
48 44 56 60 0.3816505 156.1613561492137 409.1737234700694 0.05
48 44 60 64 0.1506835 143.3521670756939 951.3461465634518 0.05
48 43 53 58 1.1287 170.23379935889818 150.82289302640044 0.05
48 43 58 63 0.280547 143.18514192273912 510.3784461168329 0.05
48 42 54 60 0.921627 158.15744206247894 171.60678025109826 0.05
48 42 60 66 0.2260495 135.92786783495805 601.3190377990576 0.05
48 41 55 62 0.762265 150.60245143216505 197.57230285027524 0.05
48 41 62 69 0.18331 125.55897822428607 684.9543299562821 0.05
49 48 50 51 23.1144 536.2308660012006 23.198995691049763 0.05
49 48 51 52 4.79883 399.34693379867656 83.21756215549969 0.05
49 48 52 53 2.231495 437.6834503274406 196.13911316289781 0.05
49 48 53 54 0.75708 282.02565386902415 372.51763864984434 0.05
49 48 54 55 0.4537555 270.5124426733063 596.1634463346588 0.05
49 48 55 56 0.264311 245.08526064111442 927.2609185433614 0.05
49 47 51 53 8.15509 379.39754018506187 46.522790083869324 0.05
49 47 53 55 1.59715 258.8876193125001 162.0934911013368 0.05
49 47 55 57 0.6301275 232.08845704392775 368.3198353411457 0.05
49 47 57 59 0.2902235 217.1752377720665 748.3034205433622 0.05
49 46 52 55 4.599245 317.5935205089722 69.0534034409935 0.05
49 46 55 58 0.9077775 216.2579247203366 238.2278969464837 0.05
49 46 58 61 0.3174655 190.5706887166094 600.2878697578458 0.05
49 45 53 57 2.566315 229.95112399810984 89.60362387240454 0.05
49 45 57 61 0.564841 190.2404867592715 336.8036080229153 0.05
49 45 61 65 0.226316 183.64873611789017 811.470404734487 0.05
49 44 54 59 1.88881 209.44711544489783 110.88839822157752 0.05
49 44 59 64 0.3998345 172.82277015776728 432.23576294133517 0.05
49 43 55 61 1.408475 191.42522377732502 135.90956444191414 0.05
49 43 61 67 0.3114555 161.33594592145678 518.0064115787225 0.05
49 42 56 63 1.115945 182.19966849716542 163.2693981308805 0.05
49 42 63 70 0.244355 146.85627213546522 600.9955684780963 0.05
50 49 51 52 17.97995 535.8695756249969 29.80373002288643 0.05
50 49 52 53 4.976565 594.3287244938773 119.42549218062605 0.05
50 49 53 54 1.060135 314.78430718770755 296.9285111685847 0.05
50 49 54 55 0.4950855 280.26620262987535 566.0965684308576 0.05
50 49 55 56 0.257107 255.66192783144902 994.3794911513457 0.05
50 48 52 54 9.02721 462.36254518140896 51.218764732559556 0.05
50 48 54 56 1.470935 266.08940672941446 180.8981407944025 0.05
50 48 56 58 0.561671 256.9636279133941 457.49847849255895 0.05
50 48 58 60 0.242372 227.21261206993 937.4540461354035 0.05
50 47 53 56 3.77883 271.22618990454896 71.77517641824294 0.05
50 47 56 59 0.8672685 235.22488334669188 271.22498205191573 0.05
50 47 59 62 0.3242035 220.69219632415948 680.7212023440817 0.05
50 46 54 58 2.591915 240.09568176952362 92.6325445740017 0.05
50 46 58 62 0.5545835 204.41453409117378 368.5910851858625 0.05
50 46 62 66 0.2114045 185.88374698799942 879.2799916179619 0.05
50 45 55 60 1.843835 216.44941074039093 117.39087865258603 0.05
50 45 60 65 0.421712 193.39397564473268 458.59253624448127 0.05
50 44 56 62 1.416625 204.81047252082553 144.5763504955973 0.05
50 44 62 68 0.3056545 164.92948726714062 539.5945005460106 0.05
50 43 57 64 1.108955 189.8669316575081 171.21247630202137 0.05
50 43 64 71 0.238946 148.53304327924155 621.6176177012445 0.05
51 50 53 54 3.025785 353.5820889688987 116.85631628450095 0.05
51 50 54 55 1.009755 282.5401271588532 279.8105749997308 0.05
51 50 55 56 0.4378375 247.6020062268376 565.5111913137582 0.05
51 49 53 55 5.590115 323.7706884589502 57.91843074050358 0.05
51 49 55 57 1.08676 250.2565782022294 230.2776861517073 0.05
51 49 57 59 0.4004375 246.40390508401936 615.3367381526939 0.05
51 48 54 57 3.49047 265.5635035601171 76.08244836945084 0.05
51 48 57 60 0.7553295 237.59546696049438 314.558701812248 0.05
51 48 60 63 0.2825465 224.2573889857301 793.7008208763164 0.05
51 47 55 59 2.40874 240.41486718003588 99.80938880079871 0.05
51 47 59 63 0.5266145 212.62473754175625 403.7578485623853 0.05
51 47 63 67 0.1945145 186.63208961690194 959.4764895002785 0.05
51 46 56 61 1.76927 223.44667153972162 126.29314437011968 0.05
51 46 61 66 0.406631 198.1565361493309 487.31291059789066 0.05
51 45 57 63 1.36252 208.05437891834848 152.69822014968477 0.05
51 45 63 69 0.296562 167.63249257573685 565.2527720198032 0.05
51 44 58 65 1.09744 196.01284487884942 178.6091675889793 0.05
51 44 65 72 0.213571 137.87671682770215 645.5778960050857 0.05
52 51 53 54 13.10675 382.32761341594784 29.170283511621708 0.05
52 51 54 55 2.42134 272.824345584835 112.67494262880678 0.05
52 51 55 56 0.7912275 226.66833409868534 286.47681494726277 0.05
52 51 56 57 0.3585535 215.60287582764167 601.3129862841714 0.05
52 50 54 56 4.6609 263.20976643980515 56.47187591233564 0.05
52 50 56 58 0.9286465 224.17190930668315 241.39638636088452 0.05
52 50 58 60 0.3400005 214.52959492921389 630.9684689558218 0.05
52 49 55 58 2.670855 234.27560985789353 87.71558540538274 0.05
52 49 58 61 0.5651955 214.6553091157749 379.78948720535624 0.05
52 49 61 64 0.2372115 227.69490407045484 959.8813888468934 0.05
52 48 56 60 2.069385 230.44510074559727 111.35922061172631 0.05
52 48 60 64 0.483883 217.88310942445042 450.28056250054334 0.05
52 47 57 62 1.612545 219.68553072246635 136.2352869051508 0.05
52 47 62 67 0.3625485 188.79000548776366 520.7303450097398 0.05
52 46 58 64 1.29526 209.0667140574433 161.40907158210962 0.05
52 46 64 70 0.2505985 149.65858297592945 597.2046240337809 0.05
52 45 59 66 1.040145 192.96223233861525 185.51474298161818 0.05
52 45 66 73 0.2048615 137.3225376021046 670.3189110794591 0.05
53 52 54 55 18.3456 534.7515093903162 29.148760977581336 0.05
53 52 55 56 3.039695 360.41745193646074 118.5702683777355 0.05
53 52 56 57 0.960205 298.0562304504478 310.408954806992 0.05
53 52 57 58 0.4158005 264.3017872895486 635.6456697131163 0.05
53 51 55 57 5.14624 306.15824107382804 59.491636821024294 0.05
53 51 57 59 0.9349865 237.14067411553856 253.63005146655973 0.05
53 51 59 61 0.338871 218.91035292870907 645.999076134308 0.05
53 50 56 59 2.721435 252.86677925295209 92.91670727133004 0.05
53 50 59 62 0.570614 220.40679686528014 386.26251172470387 0.05
53 50 62 65 0.2228095 213.0426177613747 956.1648752022454 0.05
53 49 57 61 1.83493 232.14897773996591 126.51653073412388 0.05
53 49 61 65 0.443343 227.35657523281168 512.8231983651748 0.05
53 48 58 63 1.525705 226.4902979056672 148.44960061457962 0.05
53 48 63 68 0.3483585 196.93591584671827 565.3254215031878 0.05
53 47 59 65 1.27562 217.63773528906142 170.61329807392596 0.05
53 47 65 71 0.2605445 165.6177874079481 635.6602707328234 0.05
53 46 60 67 1.05613 204.16495954604994 193.31423171962726 0.05
53 46 67 74 0.210284 148.39552942026455 705.6910151046421 0.05
54 53 55 56 16.52485 511.4023573582932 30.947473493453387 0.05
54 53 56 57 2.556605 325.97873930635404 127.5045379737402 0.05
54 53 57 58 0.785728 253.63318828770898 322.80024167104773 0.05
54 53 58 59 0.331665 217.42472681249055 655.5552343855715 0.05
54 52 56 58 4.71075 299.37067275170267 63.550532877291865 0.05
54 52 58 60 0.8338585 217.6793097062014 261.05065752307064 0.05
54 52 60 62 0.337983 220.8410095636494 653.4086316875388 0.05
54 51 57 60 2.414385 232.910995412514 96.46804275727112 0.05
54 51 60 63 0.556734 217.10258458328028 389.9574744550904 0.05
54 51 63 66 0.2128735 201.98446664271947 948.8473983033091 0.05
54 50 58 62 1.67234 216.44784964962193 129.42813641342187 0.05
54 50 62 66 0.3991295 203.24179668188512 509.21266576859165 0.05
54 49 59 64 1.325905 213.94288971970354 161.35612258774464 0.05
54 49 64 69 0.2742125 172.0199213768291 627.3234129619514 0.05
54 48 60 66 1.189485 215.16742536429507 180.89124735855862 0.05
54 48 66 72 0.234938 160.2604974427781 682.1395323139641 0.05
54 47 61 68 1.024475 205.638704871831 200.7259375502877 0.05
54 47 68 75 0.184682 137.95581111506797 746.9911042498346 0.05
55 54 56 57 14.87905 448.1501360918622 30.119539627319096 0.05
55 54 57 58 2.565285 309.22459343343195 120.54200349412716 0.05
55 54 58 59 0.747871 227.11049644389075 303.6760302831515 0.05
55 54 59 60 0.299867 180.8852953736605 603.2184114079259 0.05
55 53 57 59 4.429925 273.24702258572114 61.68208775221277 0.05
55 53 59 61 0.731427 181.67205684808738 248.38029885154276 0.05
55 53 61 63 0.328903 203.06968728108603 617.4151262867351 0.05
55 52 58 61 2.238 210.37456933087986 94.00114804775687 0.05
55 52 61 64 0.5836275 217.75529617043475 373.10664108602623 0.05
55 52 64 67 0.192428 174.11835116769586 904.8493523172089 0.05
55 51 59 63 1.581055 198.49184857082784 125.54392388046452 0.05
55 51 63 67 0.386543 188.52066815782115 487.7094350636828 0.05
55 50 60 65 1.29665 202.93432612287006 156.50663334197358 0.05
55 50 65 70 0.2758525 167.98786535898878 608.9771358207331 0.05
55 49 61 67 1.09201 203.74431695219488 186.57733624435207 0.05
55 49 67 73 0.2200005 159.70401164080448 725.925675808939 0.05
55 48 62 69 0.942949 193.36904053092752 205.06839768739084 0.05
55 48 69 76 0.172016 133.34462107926126 775.1873144315717 0.05
56 55 57 58 17.95235 523.2036352114877 29.144019318445093 0.05
56 55 58 59 2.572345 300.15778975375747 116.68644359670165 0.05
56 55 59 60 0.628835 181.71606742425237 288.97257217593227 0.05
56 55 60 61 0.264259 152.8702140917638 578.4863111256903 0.05
56 54 58 60 4.25065 250.3140346380935 58.88841345161175 0.05
56 54 60 62 0.7276465 170.64089167229253 234.51070220538756 0.05
56 54 62 64 0.3109925 178.76690588521473 574.8270645922803 0.05
56 53 59 62 1.995665 178.67152617150774 89.5298189683678 0.05
56 53 62 65 0.5109045 179.58683830293808 351.50764634670094 0.05
56 53 65 68 0.181697 155.36642736573 855.0852648405312 0.05
56 52 60 64 1.54711 186.13583422901965 120.3119585737405 0.05
56 52 64 68 0.354568 164.80883606017144 464.81587751904135 0.05
56 51 61 66 1.27987 192.0192157263726 150.03024973346714 0.05
56 51 66 71 0.2629005 153.5861602619059 584.198813855074 0.05
56 50 62 68 1.006155 179.78977216731383 178.68993561361205 0.05
56 50 68 74 0.2057735 144.73554619783698 703.373107799775 0.05
56 49 63 70 0.835641 174.1906430327626 208.45152766889444 0.05
56 49 70 77 0.1557595 125.94302101620264 808.5736087763677 0.05
57 56 58 59 17.8264 518.7531830142551 29.100277286174162 0.05
57 56 59 60 2.348405 270.35435668398014 115.12254346417254 0.05
57 56 60 61 0.621824 179.12752716957678 288.0678892573731 0.05
57 56 61 62 0.324864 186.6913563789058 574.6754222656429 0.05
57 56 62 63 0.171255 170.88694334994034 997.8508268368244 0.05
57 55 59 61 3.86129 222.5914144728614 57.64690413640555 0.05
57 55 61 63 0.770912 176.71308292512856 229.22601143208115 0.05
57 55 63 65 0.3135865 174.862564680193 557.6214686544 0.05
57 54 60 63 2.02051 175.60975549278473 86.91357899381084 0.05
57 54 63 66 0.515136 173.71174978063215 337.21531747078853 0.05
57 54 66 69 0.179646 149.13419623207287 830.1559524402039 0.05
57 53 61 65 1.57595 183.0927144103734 116.17926610004974 0.05
57 53 65 69 0.340015 153.94504911861858 452.75958154381004 0.05
57 52 62 67 1.220245 176.81288039152824 144.89949181642066 0.05
57 52 67 72 0.2668005 152.27097316938188 570.7297144097627 0.05
57 51 63 69 0.9950365 172.7832152762368 173.6451027437052 0.05
57 51 69 75 0.1940105 131.4093091786796 677.3309134231373 0.05
57 50 64 71 0.7777405 157.676969144618 202.73724866406985 0.05
57 50 71 78 0.154033 122.03048853851878 792.2360048724545 0.05
58 57 59 60 13.63645 389.0236869396051 28.528223030158518 0.05
58 57 60 61 1.943665 222.17784884424478 114.30871515628711 0.05
58 57 61 62 0.708159 202.05745026484334 285.32780105152 0.05
58 57 62 63 0.2969785 168.69934260145527 568.0523761870145 0.05
58 57 63 64 0.1957325 191.9355778468535 980.6014731679895 0.05
58 56 60 62 3.599835 206.1230298980846 57.25902156573415 0.05
58 56 62 64 0.78068 176.64604364307797 226.27202393180042 0.05
58 56 64 66 0.2920025 162.46052283902137 556.366890143137 0.05
58 55 61 64 2.16625 184.98429137599456 85.39378713259993 0.05
58 55 64 67 0.4735435 157.11605806391023 331.7880153859365 0.05
58 55 67 70 0.1813555 151.03106719317046 832.7901122004596 0.05
58 54 62 66 1.530585 173.05393547779713 113.06391704988427 0.05
58 54 66 70 0.3367835 149.2821238676274 443.2584252721033 0.05
58 53 63 68 1.21585 171.21544329224776 140.8195445920531 0.05
58 53 68 73 0.250611 140.49368226431585 560.6046113870335 0.05
58 52 64 70 0.941139 160.31103480524166 170.33725603257508 0.05
58 52 70 76 0.194875 128.89473469392323 661.4226283203245 0.05
58 51 65 72 0.770495 153.41178508450338 199.10808646974135 0.05
58 51 72 79 0.150853 117.58143099013833 779.443769697244 0.05
59 58 60 61 13.8782 402.37868438838206 28.993578734157317 0.05
59 58 61 62 2.41164 278.04980212006444 115.29490393262033 0.05
59 58 62 63 0.693209 198.7673136201382 286.7350447269701 0.05
59 58 63 64 0.363982 206.65457194516276 567.7604165732447 0.05
59 58 64 65 0.178478 176.46907686914997 988.7441414020213 0.05
59 57 61 63 4.104075 235.5132129788174 57.38521176606602 0.05
59 57 63 65 0.8458925 190.7397036347254 225.48929519380465 0.05
59 57 65 67 0.282546 157.98556068100575 559.1498753512906 0.05
59 56 62 65 2.193605 186.6749323871789 85.09961109095708 0.05
59 56 65 68 0.4766515 158.83214347188022 333.22488961406856 0.05
59 56 68 71 0.1781725 150.73921051809742 846.0296090479587 0.05
59 55 63 67 1.57212 176.12691060433582 112.03146744799113 0.05
59 55 67 71 0.34864 155.22872384804887 445.24071778352703 0.05
59 54 64 69 1.15683 161.78585239880127 139.85274621059384 0.05
59 54 69 74 0.2529155 138.3107899085431 546.8656128570336 0.05
59 53 65 71 0.9183695 154.87372900333867 168.6398873256774 0.05
59 53 71 77 0.188982 124.54998031021466 659.0573721847301 0.05
59 52 66 73 0.76827 151.08844739576975 196.66061071728657 0.05
59 52 73 80 0.149913 116.55261390579197 777.4683576860712 0.05
60 59 61 62 16.95785 483.2666948112515 28.49811118810766 0.05
60 59 62 63 2.21389 251.19228105245114 113.46195206286271 0.05
60 59 63 64 0.860346 242.14914321075716 281.45553441377905 0.05
60 59 64 65 0.321177 180.67210220485836 562.5312591027949 0.05
60 59 65 66 0.1687655 167.55892567648382 992.8505866215773 0.05
60 58 62 64 4.12911 234.40431388154505 56.76872591951899 0.05
60 58 64 66 0.7761035 175.39137782185486 225.98967511659833 0.05
60 58 66 68 0.288467 160.5498018191323 556.5621087304002 0.05
60 57 63 66 2.369475 200.32815484435866 84.54537601973377 0.05
60 57 66 69 0.472943 159.08828916510342 336.3794139359361 0.05
60 57 69 72 0.178212 149.04426598151275 836.331257050663 0.05
60 56 64 68 1.497035 167.50138697300352 111.8887580938345 0.05
60 56 68 72 0.3349565 151.30596374506132 451.71824922060426 0.05
60 55 65 70 1.129385 158.26606256792059 140.13473046651103 0.05
60 55 70 75 0.24665 133.8581111120297 542.7046872573675 0.05
60 54 66 72 0.9111035 152.29764596849202 167.157349267665 0.05
60 54 72 78 0.1883965 123.44840024602412 655.2584588674637 0.05
60 53 67 74 0.774956 151.86024367512584 195.95982697743594 0.05
60 53 74 81 0.1453525 112.86293079498992 776.4773966391353 0.05
61 60 62 63 13.66015 392.298053445421 28.71842940563764 0.05
61 60 63 64 3.14844 358.3852588242038 113.82947072969591 0.05
61 60 64 65 0.812829 231.20547803147448 284.44540983586273 0.05
61 60 65 66 0.328231 188.84214886501337 575.3330698959372 0.05
61 60 66 67 0.164955 163.41682109054275 990.6751604409855 0.05
61 59 63 65 5.146335 291.8859352078463 56.71724347673563 0.05
61 59 65 67 0.76045 172.98413258986733 227.47601103276656 0.05
61 59 67 69 0.3078855 176.94871509747196 574.7224701958097 0.05
61 58 64 67 2.24357 190.82293444906335 85.05325639452451 0.05
61 58 67 70 0.5078895 174.90673842514647 344.37951252220506 0.05
61 58 70 73 0.1803665 150.24497089277102 832.9982058351801 0.05
61 57 65 69 1.497745 169.97406239776157 113.48664986213377 0.05
61 57 69 73 0.3424185 153.35879226329308 447.86947043834687 0.05
61 56 66 71 1.146665 161.53369644280684 140.87261444520138 0.05
61 56 71 76 0.2544195 140.44252717520033 552.0116468085203 0.05
61 55 67 73 0.950172 160.26172008185776 168.66601002961332 0.05
61 55 73 79 0.1848795 122.77245628192142 664.067440045659 0.05
61 54 68 75 0.758974 149.42647360051632 196.87956847074645 0.05
61 54 75 82 0.1468665 114.84391886702575 781.9612972803583 0.05
62 61 63 64 19.8613 567.5418375814199 28.575261316299535 0.05
62 61 64 65 2.995055 341.5454034383433 114.03643787454432 0.05
62 61 65 66 0.837055 241.3769196072801 288.3644678154722 0.05
62 61 66 67 0.345499 196.696656351458 569.311796420418 0.05
62 61 67 68 0.22216 222.0255428060547 999.394773163732 0.05
62 60 64 66 4.975535 284.4675042747194 57.173249565065746 0.05
62 60 66 68 0.8534425 194.10304141273974 227.43540591514923 0.05
62 60 68 70 0.328403 195.02811484760866 593.8682498260024 0.05
62 59 65 68 2.35818 201.91671065892712 85.6239602824751 0.05
62 59 68 71 0.520941 182.36738836821723 350.0730185725778 0.05
62 59 71 74 0.1962235 165.37508123660663 842.7893765864264 0.05
62 58 66 70 1.60865 184.08385769414127 114.43375357855425 0.05
62 58 70 74 0.362611 162.1754127853039 447.2435000187636 0.05
62 57 67 72 1.27064 181.69743042963628 142.99678148778275 0.05
62 57 72 77 0.2584545 144.80551465322893 560.2746891744154 0.05
62 56 68 74 0.9818115 168.1031463547496 171.2173328126118 0.05
62 56 74 80 0.1890925 127.75421733528667 675.6175804713919 0.05
62 55 69 76 0.794015 155.48658839397214 195.82323809244429 0.05
62 55 76 83 0.150042 118.99801067644655 793.0980037352645 0.05
63 62 64 65 15.0967 436.58624238568143 28.919316299964986 0.05
63 62 65 66 2.340335 272.0884867604654 116.26048696467188 0.05
63 62 66 67 0.6951435 199.22170304176103 286.59075865883955 0.05
63 62 67 68 0.3730215 214.85594218764345 575.9880923422469 0.05
63 61 65 67 4.21817 243.61347495507084 57.75335630263144 0.05
63 61 67 69 0.9103405 213.13287300070616 234.12434468279304 0.05
63 61 69 71 0.3245125 188.05722209202426 579.5068667371035 0.05
63 60 66 69 2.30459 199.442504072629 86.54142562131615 0.05
63 60 69 72 0.523863 181.27047170638795 346.0264834630198 0.05
63 60 72 75 0.192915 163.6141661020579 848.1153155641495 0.05
63 59 67 71 1.68326 195.35113055415653 116.05523243833782 0.05
63 59 71 75 0.36369 164.5131361043928 452.3444034875657 0.05
63 58 68 73 1.240095 180.13619826017515 145.25999883893988 0.05
63 58 73 78 0.253689 144.74524558354705 570.5617728145369 0.05
63 57 69 75 0.980227 166.81004952404737 170.17491818124515 0.05
63 57 75 81 0.1948105 133.89148361158453 687.2908986506607 0.05
63 56 70 77 0.7842275 154.10932766258486 196.51099669749513 0.05
64 63 65 66 12.29815 353.4535527659986 28.74038394116177 0.05
64 63 66 67 2.12413 240.87076686273852 113.3973753314244 0.05
64 63 67 68 0.864992 246.4387994767281 284.9029811567368 0.05
64 63 68 69 0.3730365 223.97013261918735 600.3973676012598 0.05
64 62 66 68 4.05477 230.98895657015532 56.96721554370662 0.05
64 62 68 70 0.882535 210.67097383217325 238.7111829357173 0.05
64 62 70 72 0.324816 184.39863257581322 567.7018144913219 0.05
64 61 67 70 2.551105 223.09511764042483 87.45038626023813 0.05
64 61 70 73 0.546433 185.67209865858766 339.7893221283994 0.05
64 61 73 76 0.192318 165.22482622492686 859.1230473742804 0.05
64 60 68 72 1.6922 198.64343903817547 117.38768410245567 0.05
64 60 72 76 0.3725215 169.24211324155564 454.3150213922033 0.05
64 59 69 74 1.28499 183.64707124113858 142.91712094346147 0.05
64 59 74 79 0.254357 146.47260580075044 575.854432159329 0.05
64 58 70 76 0.9986895 169.18629761682533 169.4083072034154 0.05
64 58 76 82 0.201302 139.43906797953682 692.6859543349634 0.05
64 57 71 78 0.8115675 160.85479115267486 198.20260317555207 0.05
64 57 78 84 0.159808 143.06062972258468 895.2031795816522 0.05
65 64 66 67 11.40935 325.1764133673545 28.500871072178036 0.05
65 64 67 68 2.452335 279.8380264874704 114.11084802340235 0.05
65 64 68 69 0.7657305 229.02812636720742 299.09756287258693 0.05
65 64 69 70 0.358295 208.63310332018548 582.2942081809277 0.05
65 64 70 71 0.1972145 193.4566804707803 980.945521099008 0.05
65 63 67 69 4.454115 257.72653696083495 57.86256909865034 0.05
65 63 69 71 0.8847795 203.40777114383252 229.89656874264438 0.05
65 63 71 73 0.338522 191.5057306219232 565.711329313673 0.05
65 62 68 71 2.396815 211.65678962154132 88.3075204475695 0.05
65 62 71 74 0.545245 185.4755503557753 340.16919064966265 0.05
65 62 74 77 0.1784365 155.19732892034878 869.7622342981889 0.05
65 61 69 73 1.70826 195.88337647757842 114.66836223852249 0.05
65 61 73 77 0.3549515 163.30930627016537 460.08907208496197 0.05
65 60 70 75 1.28565 181.66287710376457 141.3004138791775 0.05
65 60 75 80 0.2575565 149.56479508771633 580.7067384737575 0.05
65 59 71 77 1.000973 170.90881929937018 170.74268666524492 0.05
65 59 77 83 0.206742 143.90409781272962 696.0564269124301 0.05
65 58 72 79 0.808516 160.73974700465874 198.80836867131725 0.05
65 58 79 85 0.159289 145.12948696299264 911.1080298262444 0.05
66 65 67 68 13.09915 380.6195870563429 29.056815675547107 0.05
66 65 68 69 2.172505 261.77910295592665 120.49643289931514 0.05
66 65 69 70 0.7456175 217.6530984262436 291.9098578376226 0.05
66 65 70 71 0.335908 189.13690745756514 563.0616343092905 0.05
66 64 68 70 4.040155 240.69385300709723 59.575400698017084 0.05
66 64 70 72 0.8464345 191.54435088785047 226.29553838820425 0.05
66 64 72 74 0.327123 184.7127100884387 564.6582786549362 0.05
66 63 69 72 2.359585 203.5447768546884 86.26295592432075 0.05
66 63 72 75 0.528619 179.35974313405157 339.29870688350513 0.05
66 63 75 78 0.1802545 158.067078917244 876.910584297446 0.05
66 62 70 74 1.659785 187.8253054544868 113.16243095008498 0.05
66 62 74 78 0.3366465 156.16432250871298 463.88221029689294 0.05
66 61 71 76 1.272715 181.34576935427006 142.48733562051996 0.05
66 61 76 81 0.257387 149.57009776837575 581.1097598883229 0.05
66 60 72 78 0.9846485 168.68445822153546 171.31439109645265 0.05
66 59 73 80 0.7783985 156.44118165035488 200.97826710914123 0.05
66 59 80 86 0.1587675 147.53286173569902 929.2384255952825 0.05
67 66 68 69 10.70695 313.7965751046627 29.30774638012344 0.05
67 66 69 70 2.00055 225.97608411615633 112.95697888888373 0.05
67 66 70 71 0.6606705 180.20957251202015 272.7676996506127 0.05
67 66 71 72 0.324445 181.18303760310738 558.4399130919181 0.05
67 66 72 73 0.188368 181.74100799965305 964.8189076682506 0.05
67 65 69 71 3.74323 211.23403956315988 56.430953898948204 0.05
67 65 71 73 0.8260585 185.3565450680959 224.3867051402484 0.05
67 65 73 75 0.27559 155.42817810653008 563.9833742390148 0.05
67 64 70 73 2.22165 185.5877707275366 83.5360073492839 0.05
67 64 73 76 0.47468 161.7973615896499 340.8556534710751 0.05
67 64 76 79 0.1696855 147.02843897628549 866.4761513286962 0.05
67 63 71 75 1.59519 179.63952448437848 112.61324637465033 0.05
67 63 75 79 0.334308 154.88859570164823 463.3110655492786 0.05
67 62 72 77 1.190935 168.8112153798432 141.74679170554495 0.05
67 62 77 82 0.258418 148.62941718720987 575.1511782739975 0.05
67 61 73 79 0.922232 158.33397110092636 171.6856182619193 0.05
67 61 79 84 0.1976885 156.91773090991762 793.7625653991893 0.05
67 60 74 81 0.748876 150.89603320682778 201.49668731115403 0.05
67 60 81 87 0.149751 141.2362700718722 943.1407474532538 0.05
68 67 69 70 10.4198 286.3185826577052 27.478318456947846 0.05
68 67 70 71 2.069095 221.7805440424647 107.18722148691322 0.05
68 67 71 72 0.801021 221.1430711026752 276.07649625000494 0.05
68 67 72 73 0.384676 210.87921136379617 548.1995532962706 0.05
68 67 73 74 0.1980255 192.87575808503567 973.9945516362069 0.05
68 66 70 72 3.858025 209.57867230861382 54.3227875165697 0.05
68 66 72 74 0.8761715 193.52753479063415 220.87860058291574 0.05
68 66 74 76 0.28083 158.98057993232277 566.1096746512935 0.05
68 65 71 74 2.391705 199.52102840212376 83.42208943081349 0.05
68 65 74 77 0.459154 157.75346902325174 343.57420173460696 0.05
68 65 77 80 0.1852295 157.5525627280967 850.5802948671604 0.05
68 64 72 76 1.62912 182.3962534287396 111.95998663618371 0.05
68 64 76 80 0.33168 152.42298093074706 459.5483023720064 0.05
68 63 73 78 1.172865 166.70686610877854 142.1364488741488 0.05
68 63 78 83 0.261853 151.5622368932862 578.8065704547445 0.05
68 62 74 80 0.911179 156.65401466217915 171.9245226922253 0.05
68 62 80 85 0.1998735 160.0989975482853 801.0016212668777 0.05
68 61 75 82 0.774707 156.6898564994949 202.25692616627308 0.05
68 61 82 88 0.1538015 145.9862239742116 949.1859570564111 0.05
69 68 70 71 8.849485 254.25439640224997 28.730982243853735 0.05
69 68 71 72 2.01977 239.14714426232334 118.40315692495847 0.05
69 68 72 73 0.7460825 218.94544693038162 293.4601025092823 0.05
69 68 73 74 0.3204915 191.13936400449225 596.394487855348 0.05
69 67 71 73 3.97286 229.64937785108188 57.804548323142996 0.05
69 67 73 75 0.7777135 181.20398829317912 232.99581181653545 0.05
69 67 75 77 0.288236 173.16885891249564 600.7884473573587 0.05
69 66 72 75 2.253715 193.87252862468347 86.02353386505546 0.05
69 66 75 78 0.472505 167.78157449426234 355.089521791859 0.05
69 66 78 81 0.182445 158.92073492974123 871.0610591122871 0.05
69 65 73 77 1.473895 171.65836290619225 116.46580177434096 0.05
69 65 77 81 0.3471845 161.031967332159 463.822455588193 0.05
69 64 74 79 1.101325 160.89924728714314 146.09606363892868 0.05
69 63 75 81 0.921685 162.17830290277774 175.9584922210709 0.05
69 63 81 86 0.190184 156.80998125904497 824.5172110116781 0.05
69 62 76 83 0.7437005 153.09976978340745 205.86213103716813 0.05
69 62 83 89 0.150525 142.83705260091256 948.9257771194989 0.05
70 69 71 72 11.015 323.14039722178575 29.336395571655537 0.05
70 69 72 73 2.269555 262.3270777501178 115.5852480993489 0.05
70 69 73 74 0.724178 212.05185329364065 292.817309133446 0.05
70 69 74 75 0.287655 169.87698188873827 590.5580709139012 0.05
70 68 72 74 4.058745 236.64657886067627 58.30535765628939 0.05
70 68 74 76 0.731804 175.41169571763953 239.69764543189095 0.05
70 68 76 78 0.276249 167.48485995927354 606.282230738477 0.05
70 67 73 76 2.15526 190.01597304423274 88.16382851453315 0.05
70 67 76 79 0.467694 167.12346247846892 357.3350577053991 0.05
70 67 79 82 0.182403 162.2596553387232 889.5668127098962 0.05
70 66 74 78 1.42784 168.80365884195137 118.223091412169 0.05
70 66 78 82 0.341853 160.4202756699422 469.26683594978607 0.05
70 65 75 80 1.14889 170.15931140930215 148.10757462359507 0.05
70 65 80 84 0.2526705 175.57699808358402 694.8852283253644 0.05
70 64 76 82 0.89991 159.18993300851272 176.89539288208013 0.05
70 64 82 87 0.1902215 159.52019913008039 838.6023616156975 0.05
71 70 72 73 11.33745 320.13438945251414 28.23689537351998 0.05
71 70 73 74 1.87982 214.3572175616301 114.03071440969353 0.05
71 70 74 75 0.5623175 161.23330176786905 286.7300088790924 0.05
71 70 75 76 0.320516 187.57356709781348 585.2237239258367 0.05
71 69 73 75 3.45163 198.76271580618922 57.58517448457373 0.05
71 69 75 77 0.7598855 180.62799185117197 237.70422234819847 0.05
71 69 77 79 0.296354 170.8568951150668 576.529741846126 0.05
71 68 74 77 1.928125 170.594140852771 88.47670190095093 0.05
71 68 77 80 0.479324 167.48668115355542 349.42268935741885 0.05
71 68 80 83 0.175952 158.7844936373985 902.4307404144228 0.05
71 67 75 79 1.484535 175.42911820485006 118.17108940163085 0.05
71 67 79 83 0.335738 159.10020166308996 473.88202009629526 0.05
71 66 76 81 1.116605 163.55117657979036 146.47182896350128 0.05
71 66 81 85 0.2398065 167.9825786032574 700.4921826691829 0.05
71 65 77 83 0.922317 161.46310486143702 175.06248378966993 0.05
71 65 83 88 0.1870335 155.06173932015068 829.058640939461 0.05
71 64 78 84 0.7581385 167.1952598453067 220.53392598490473 0.05
71 64 84 91 0.1501845 108.73537199434229 724.0119452696003 0.05
72 71 73 74 9.759735 284.36815869859475 29.13687294773831 0.05
72 71 74 75 1.547855 180.47190345471776 116.59483831154583 0.05
72 71 75 76 0.686116 203.05556103369796 295.94931619973585 0.05
72 71 76 77 0.286508 171.2646569249937 597.7657061059157 0.05
72 70 74 76 3.114685 181.59294292124682 58.30218558899112 0.05
72 70 76 78 0.7282455 170.99925340217106 234.80990051043372 0.05
72 70 78 80 0.2895875 165.86209404927808 572.7529470342404 0.05
72 69 75 78 2.086305 184.9141876368688 88.6323848319727 0.05
72 69 78 81 0.486074 168.308776750747 346.26163248959415 0.05
72 68 76 80 1.430075 168.32947868640895 117.70674872745063 0.05
72 67 77 82 1.160115 168.26176222240326 145.03886444223482 0.05
72 67 82 86 0.2446785 173.5321044458197 709.2249807229475 0.05
72 65 79 85 0.748084 166.3705635528332 222.39556460615813 0.05
72 65 85 92 0.1452745 104.14672938271737 716.8961475187825 0.05
73 72 74 75 7.090335 201.0914164849591 28.361342092434153 0.05
73 72 75 76 1.897995 217.84799307059149 114.77795941010987 0.05
73 72 76 77 0.6119 176.94485677940784 289.17283343586837 0.05
73 72 77 78 0.34475 192.4067276935118 558.1050839550742 0.05
73 72 78 79 0.1921495 187.6524797514301 976.5962427767447 0.05
73 71 75 77 3.47956 202.03609844331604 58.063691513673 0.05
73 71 77 79 0.8238985 185.98908429867643 225.74271502943196 0.05
73 71 79 81 0.3085895 175.3074362273849 568.0926804942646 0.05
73 70 76 79 2.052055 177.30271882261846 86.40251787725887 0.05
73 70 79 82 0.4858185 166.6344349936865 342.9973024775436 0.05
73 69 77 81 1.56473 178.07263813522604 113.8040672417772 0.05
73 69 81 84 0.3234905 185.57465816651555 573.6633940301664 0.05
73 69 84 88 0.117151 115.09830320753852 982.4781965799567 0.05
73 68 78 83 1.170395 169.32187890025352 144.67071279376066 0.05
73 68 83 87 0.2464465 172.35482244498345 699.3599927164048 0.05
73 67 79 84 0.925991 176.53397497868522 190.64329456623793 0.05
73 67 84 90 0.1875805 111.61168515268312 595.0068645338034 0.05
73 66 80 86 0.7572055 168.79278616821787 222.91542542707083 0.05
73 66 86 93 0.148655 104.1471208583486 700.5961512115206 0.05
74 73 75 76 9.85333 285.3802619569257 28.9628239343375 0.05
74 73 76 77 1.75375 203.11285499198323 115.81631075808025 0.05
74 73 77 78 0.7316495 204.01089162163262 278.83691798003366 0.05
74 73 78 79 0.34519 193.13387580168757 559.500205109324 0.05
74 73 79 80 0.1854285 182.970540908892 986.7444373917277 0.05
74 72 76 78 3.44265 197.05385285985173 57.239002762363796 0.05
74 72 78 80 0.8334225 186.81696015103512 224.156367449925 0.05
74 72 80 82 0.313451 178.34410520630422 568.9696482266901 0.05
74 71 77 80 2.26214 190.63942231771475 84.27392748358402 0.05
74 71 80 83 0.5009585 174.1090075179975 347.5517583153046 0.05
74 70 78 82 1.57473 178.4318061454344 113.30946012677373 0.05
74 70 82 85 0.33959 194.81078492928245 573.6646689516253 0.05
74 70 85 89 0.117473 112.82998663739936 960.47591052752 0.05
74 68 80 85 0.9479365 181.71226570032505 191.69244532764068 0.05
74 68 85 91 0.187173 110.03402778747291 587.8733994084238 0.05
74 67 81 87 0.7392885 166.2042609767629 224.81651070828627 0.05
74 67 87 94 0.1535295 105.44820491783993 686.8269936255894 0.05
75 74 76 77 7.155605 202.18368188417693 28.25528825084349 0.05
75 74 77 78 1.62301 177.09838423074237 109.11724772536358 0.05
75 74 78 79 0.6132945 168.73138903683383 275.12294507261004 0.05
75 74 79 80 0.281849 157.0998079880028 557.3899782791593 0.05
75 74 80 81 0.169141 166.0434558681346 981.686615711948 0.05
75 73 77 79 3.3078 182.0190032008139 55.02720938412658 0.05
75 73 79 81 0.7608605 170.69757572159762 224.34805818096433 0.05
75 73 81 83 0.259905 151.681531325543 583.6037449281199 0.05
75 72 78 81 2.098075 175.38213655147774 83.59192905471812 0.05
75 71 79 83 1.45809 166.14137160875765 113.94452441807957 0.05
75 71 83 86 0.3280505 185.5326670321947 565.5612993493218 0.05
75 71 86 90 0.1134125 105.83491083961147 933.1855910028565 0.05
75 70 80 84 1.12705 180.51917300295182 160.16962246834817 0.05
75 70 84 89 0.238971 111.37387822609655 466.0560412187946 0.05
75 69 81 86 0.862568 166.04287939724995 192.49830668103843 0.05
75 69 86 92 0.184426 105.32041496541484 571.0714051457758 0.05
75 68 82 88 0.720972 162.19089495948157 224.9614339523332 0.05
75 68 88 95 0.15032 101.56965763660477 675.6895798071099 0.05
76 75 77 78 7.634455 213.33574545682933 27.943808098525608 0.05
76 75 78 79 1.711785 193.63942261818087 113.12134562353384 0.05
76 75 79 80 0.620195 177.66307941661256 286.46325658319165 0.05
76 75 80 81 0.3252825 187.8065166615597 577.3643422611414 0.05
76 74 78 80 3.226215 181.65902865784489 56.30716758115776 0.05
76 74 80 82 0.7359695 169.3612576250039 230.11994060216338 0.05
76 73 79 82 2.01319 172.24368908692574 85.55759222275381 0.05
76 73 82 84 0.4517525 211.31605218259025 467.7695246458852 0.05
76 73 84 87 0.168828 113.43188386231351 671.8783842864543 0.05
76 72 87 91 0.1142915 104.57084503663411 914.9485747989493 0.05
76 71 81 85 1.070635 174.94480410947565 163.4028442087879 0.05
76 71 85 90 0.2334355 108.034081273704 462.80056492566047 0.05
76 70 82 87 0.874955 170.34049012041092 194.684858216035 0.05
76 70 87 93 0.1866345 104.45802874046217 559.6930296406193 0.05
76 69 83 89 0.7315215 162.10157321630524 221.59509080225973 0.05
76 69 89 96 0.1521285 102.62308084381945 674.5815599563491 0.05
77 76 78 79 8.02595 231.57963317544414 28.853859440370815 0.05
77 76 79 80 1.5726 183.26583746252302 116.53684183042289 0.05
77 76 80 81 0.619791 181.4766171404611 292.80292411548584 0.05
77 76 81 82 0.2414445 144.14962437611223 597.0300602254855 0.05
77 75 79 81 3.13741 182.20521001760582 58.075039608341214 0.05
77 75 81 83 0.632667 152.4474730306867 240.96005170284954 0.05
77 75 84 86 0.126753 109.12470381369853 860.9240318864131 0.05
77 74 80 83 1.894565 167.07531557134098 88.18663681179636 0.05
77 74 83 85 0.436879 202.83070384970492 464.27203836692746 0.05
77 74 85 88 0.1530545 103.79289979718733 678.1434051085549 0.05
77 73 81 84 1.292225 176.3949822656948 136.5048519148715 0.05
77 73 84 88 0.3050205 108.4644943309637 355.5973920800854 0.05
77 73 88 92 0.113907 103.02068873906198 904.4280750003247 0.05
77 72 82 86 1.04671 174.10551890048077 166.3359659318061 0.05
77 72 86 91 0.2278695 104.14971842144554 457.05861653905214 0.05
77 71 83 88 0.8543575 165.54893700049894 193.77009858343717 0.05
77 71 88 94 0.186186 103.34060221778205 555.0395959834899 0.05
77 70 90 97 0.154196 104.16641392984855 675.5455000768408 0.05
78 77 79 80 8.75368 249.85973797211997 28.543394089356703 0.05
78 77 80 81 2.009475 229.03398872205742 113.97702818997868 0.05
78 77 81 82 0.588983 170.31775386867616 289.172614266755 0.05
78 77 82 83 0.2946975 176.5289466421747 599.0174556695415 0.05
78 76 80 82 3.460285 199.7617039890916 57.729841324946236 0.05
78 76 85 87 0.1250035 106.47859866518615 851.8049387832034 0.05
78 75 86 89 0.163426 107.10112776043935 655.3493799055191 0.05
78 74 82 85 1.381895 188.77492884313807 136.60584114070755 0.05
78 74 85 89 0.304714 106.3947641880864 349.16270400469426 0.05
78 74 89 93 0.1147495 103.38399223840636 900.953749152775 0.05
78 73 83 87 1.089535 178.06448821403984 163.4316366285065 0.05
78 73 87 92 0.236811 105.25754097261563 444.4791034732999 0.05
78 72 89 95 0.1891425 104.69166652038673 553.5068349016574 0.05
78 71 84 91 0.713145 109.35347228092084 153.33974476567997 0.05
78 71 91 98 0.159273 106.6293150631466 669.4751468431348 0.05
79 78 80 81 9.31243 264.74132786327004 28.428812658271795 0.05
79 78 81 82 1.60347 184.09033003421166 114.80746757607668 0.05
79 78 82 83 0.6143265 181.54732846587206 295.5225412966428 0.05
79 78 84 85 0.1114695 109.86916060187463 985.6432531039848 0.05
79 77 81 83 3.102525 180.1529752402519 58.066566825489524 0.05
79 77 83 84 0.765976 285.0039366945043 372.07946031534186 0.05
79 77 84 86 0.294595 110.24748526166674 374.2340679973073 0.05
79 77 86 88 0.131975 108.11627030035429 819.21780867857 0.05
79 76 82 84 1.967775 212.82438539709827 108.15483751805886 0.05
79 76 84 87 0.4623085 108.63784799550317 234.9899428531017 0.05
79 76 87 90 0.166046 103.88151245805078 625.6188794553966 0.05
79 75 83 86 1.464145 195.26847173207634 133.36689448932745 0.05
79 75 86 90 0.3154405 106.72100715176958 338.3237318979953 0.05
79 75 90 94 0.1239265 111.63704755182312 900.832731916282 0.05
79 74 88 93 0.2443055 106.01241874782211 433.93381953260206 0.05
79 73 84 90 0.874279 108.2156044868689 123.77696877869523 0.05
79 73 90 96 0.1983785 109.64672727596589 552.7147713888646 0.05
79 72 85 92 0.7089145 106.85769417872858 150.7342481762308 0.05
79 72 92 99 0.1612005 107.31201832947208 665.7052448936082 0.05
80 79 81 82 6.30549 180.42435740394737 28.613851961377684 0.05
80 79 82 83 1.48873 173.9110758673848 116.81841292066714 0.05
80 79 84 85 0.1761005 97.73168618175751 554.9767671401132 0.05
80 79 85 86 0.1 98.99030254491362 989.9030254491362 0.05
80 78 85 87 0.2709035 100.86691963542843 372.3352398009934 0.05
80 78 87 89 0.1325455 103.14809976584709 778.2089906171623 0.05
80 77 83 85 2.026515 210.6116658114685 103.92800734831398 0.05
80 77 85 88 0.4461555 102.99448741699449 230.8488574431885 0.05
80 77 88 91 0.172637 104.33421651351352 604.356056427727 0.05
80 76 87 91 0.3160825 103.31513672091785 326.8612995686818 0.05
80 76 91 95 0.125194 111.59213706550759 891.3537155575154 0.05
80 75 84 89 1.104535 105.10454068303763 95.15727494650474 0.05
80 75 89 94 0.2467145 106.874369477018 433.1904670257241 0.05
80 74 85 91 0.8498285 103.58126533564005 121.8849042314303 0.05
80 74 91 97 0.201507 110.21706226540987 546.9639380538139 0.05
80 73 86 93 0.7133085 105.00223915237913 147.20452532442712 0.05
80 73 93 100 0.162339 106.59884231726905 656.6434579322839 0.05
81 80 82 83 6.94595 199.43699765922645 28.71270274897263 0.05
81 80 84 85 0.364903 99.04040160640761 271.4156956955893 0.05
81 80 85 86 0.1845535 102.50902587622893 555.4434127568912 0.05
81 80 86 87 0.1101225 106.77834123457097 969.6323751692067 0.05
81 79 83 84 3.338785 268.81267283808995 80.51212427217983 0.05
81 79 84 86 0.8227445 99.16376560797197 120.52802006937995 0.05
81 79 86 88 0.2853415 103.40430404533174 362.38788975782256 0.05
81 79 88 90 0.139002 103.92091388244461 747.621716827417 0.05
81 78 86 89 0.4715415 104.98311063909989 222.63811486178818 0.05
81 78 89 92 0.1788825 107.63391933556217 601.7017837718176 0.05
81 77 84 88 1.53484 102.67105657666126 66.8936544373754 0.05
81 77 88 92 0.342653 108.45730509735911 316.5222691683981 0.05
81 77 92 96 0.1325255 117.83499808885173 889.1496209322111 0.05
81 76 85 90 1.108135 103.36041569460347 93.27420909420194 0.05
81 76 90 95 0.263845 114.1835196240176 432.7674188406739 0.05
81 75 86 92 0.8937275 106.05613082340017 118.66718974564414 0.05
81 75 92 98 0.2091425 114.35484382722065 546.7795585651919 0.05
81 74 87 94 0.743087 106.65406511160243 143.5283689683744 0.05
81 74 94 101 0.1695145 109.41238378566969 645.44557418787 0.05
82 81 84 85 0.668961 72.1534069452383 107.85891396544537 0.05
82 81 85 86 0.2883115 79.86375653226462 277.00510223235847 0.05
82 81 86 87 0.156338 86.7239581725983 554.7209134861537 0.05
82 81 87 88 0.1 95.16231799474566 951.6231799474566 0.05
82 80 85 87 0.739431 89.68852907931405 121.29398020817906 0.05
82 80 87 89 0.279273 97.56095196212843 349.3390050671867 0.05
82 80 89 91 0.129468 98.65571362132256 762.0084779352625 0.05
82 79 84 87 2.109495 85.58918400938035 40.573304989763116 0.05
82 79 87 90 0.448333 96.92258536518968 216.18436600738664 0.05
82 79 90 93 0.1811425 110.25683759521819 608.674593732659 0.05
82 78 85 89 1.42096 94.24227350805177 66.32296018751532 0.05
82 78 89 93 0.3284085 104.6379624183232 318.6213585163697 0.05
82 78 93 97 0.129648 115.71104240520808 892.501561190362 0.05
82 77 86 91 1.086615 99.21156495902217 91.30332726772791 0.05
82 77 91 96 0.265125 114.30900633501598 431.1513676002489 0.05
82 76 87 93 0.8820885 102.31273305005745 115.9891927511326 0.05
82 76 93 99 0.2101315 114.81480396318949 546.395014375234 0.05
82 75 88 95 0.7448085 105.55309908190732 141.71844048759826 0.05
82 75 95 102 0.171281 109.53697177160987 639.5161855174239 0.05
83 82 84 85 1.84506 51.86727838778197 28.11143181673332 0.05
83 82 85 86 0.6331235 73.14645750693754 115.53268439244087 0.05
83 82 86 87 0.3007105 86.77664299427704 288.5720418617808 0.05
83 82 87 88 0.1591145 90.23238147899627 567.0908778206655 0.05
83 82 88 89 0.1023425 97.29541978746856 950.6844154429348 0.05
83 81 84 86 3.435705 60.15975706040152 17.51016372488369 0.05
83 81 86 88 0.709332 87.76396406829855 123.72762552415308 0.05
83 81 88 90 0.2648715 93.09821276308548 351.4844472247316 0.05
83 81 90 92 0.1336635 106.56152758633085 797.2372980382144 0.05
83 80 85 88 1.99551 83.7062719459478 41.94730767871261 0.05
83 80 88 91 0.4512805 98.44031970670297 218.1355491910308 0.05
83 80 91 94 0.181301 113.35754715050247 625.2450187836938 0.05
83 79 86 90 1.39848 93.08062336199256 66.5584229749389 0.05
83 79 90 94 0.336175 110.63679814058455 329.1047762046093 0.05
83 79 94 98 0.1300865 118.13166358652768 908.1008681648572 0.05
83 78 87 92 1.08299 98.60073478620315 91.04491711484239 0.05
83 78 92 97 0.261266 115.2767941811242 441.2238644948987 0.05
83 77 88 94 0.893269 103.8062043212033 116.20934379364256 0.05
83 77 94 100 0.212739 115.89896665569414 544.7941687029371 0.05
83 76 89 96 0.7365275 106.5106524290258 144.6119152767898 0.05
83 76 96 103 0.1729545 110.83174761169313 640.8144778637915 0.05
84 83 86 88 3.530505 286.81402132517513 81.23880898771569 0.05
84 83 88 90 0.760961 263.16932107940255 345.8381192720817 0.05
84 83 90 92 0.293915 278.8363332077614 948.6971852670379 0.05
84 82 87 90 2.057995 207.42393342691392 100.78932816985169 0.05
84 82 90 93 0.475964 208.91611212358674 438.9325918001923 0.05
84 81 88 92 1.45297 180.60509456058512 124.3006356363759 0.05
84 81 92 96 0.336367 183.355589394209 545.1057606549067 0.05
84 80 89 94 1.10013 167.2803269650759 152.05505437091605 0.05
84 80 94 99 0.270155 174.87264357941007 647.3048567652277 0.05
84 79 90 96 0.924743 167.32339391043672 180.94042767605347 0.05
84 79 96 102 0.218087 158.82374415229174 728.2586497695495 0.05
84 78 91 98 0.78166 162.4452769440268 207.82089008523758 0.05
84 78 98 105 0.176359 145.02719438938206 822.3407616814684 0.05
85 84 86 87 8.14615 228.2001035107262 28.013245951857773 0.05
85 84 87 88 1.78136 195.42669141770685 109.70645541479928 0.05
85 84 88 89 0.690274 183.17814845058146 265.3701985741625 0.05
85 84 89 90 0.287764 155.94103415954243 541.9059860147288 0.05
85 84 90 91 0.173328 170.79627454794485 985.3934421902106 0.05
85 83 88 91 2.08358 205.3246145599167 98.54414736171239 0.05
85 83 91 94 0.481154 210.40340007002226 437.28910093238807 0.05
85 82 89 93 1.425535 180.49364205709645 126.61466891875433 0.05
85 82 93 97 0.34245 189.18475062313493 552.4448842842311 0.05
85 81 90 95 1.135655 176.59947800100576 155.5045132553511 0.05
85 81 95 100 0.2724445 174.9317262704939 642.082061742828 0.05
85 80 91 97 0.9355485 170.47545452958212 182.2197935538159 0.05
85 80 97 103 0.21842 160.23037245493333 733.5883731111314 0.05
85 79 92 99 0.7765385 163.71635167242007 210.82837705074516 0.05
85 79 99 106 0.1760885 145.81634392877328 828.0855588455423 0.05
86 85 87 88 7.94997 222.48334963080555 27.98543260299165 0.05
86 85 88 89 1.816065 198.37517231477224 109.23351989866676 0.05
86 85 89 90 0.587663 164.41487744591322 279.77748717532535 0.05
86 85 90 91 0.30296 176.67160823280182 583.1515983390607 0.05
86 84 88 90 3.38087 184.3176528924601 54.51781727557111 0.05
86 84 90 92 0.7586485 173.51956160271345 228.72194646494847 0.05
86 84 92 94 0.2735625 158.59570355708468 579.7421194684384 0.05
86 83 90 94 1.463605 191.25156532307685 130.67157144385052 0.05
86 83 94 98 0.3422075 190.67757950208852 557.1987156976061 0.05
86 82 91 96 1.13127 179.4736781654763 158.647960403331 0.05
86 82 96 101 0.2696155 173.5551539190411 643.7135621618233 0.05
86 81 92 98 0.903217 169.2103552874337 187.34186279424955 0.05
86 81 98 104 0.2142505 158.5111002085201 739.8400480209853 0.05
86 80 93 100 0.770687 164.76435619379222 213.78893921110935 0.05
86 80 100 107 0.1732655 147.8532426539842 853.3334256039675 0.05
87 86 88 89 8.074325 226.6301204740393 28.06799583544622 0.05
87 86 89 90 1.558495 178.70107810598086 114.66259314658106 0.05
87 86 90 91 0.640687 190.732058755151 297.6992802337975 0.05
87 86 91 92 0.3090745 180.76833498129935 584.8697805263758 0.05
87 85 89 91 3.09071 177.9396999677149 57.572434802267075 0.05
87 85 91 93 0.738841 172.62057858272448 233.63697816272307 0.05
87 85 93 95 0.2653535 160.1201302468195 603.4219644618198 0.05
87 84 90 93 2.0319 177.64478581204244 87.42791761998251 0.05
87 84 93 96 0.447434 160.00525356318406 357.6063811940623 0.05
87 84 96 99 0.181534 158.26621946528917 871.8268724607466 0.05
87 83 92 97 1.099645 178.6526515574817 162.4639329578925 0.05
87 83 97 102 0.266547 173.1070157600485 649.4427465326885 0.05
87 82 93 99 0.9098545 174.17617108891497 191.43299405445043 0.05
87 82 99 105 0.2123275 158.6797651272599 747.3349666306057 0.05
87 81 94 101 0.765057 164.93208820572983 215.58143799184876 0.05
87 81 101 108 0.172884 151.7381015451254 877.687359993553 0.05
88 87 89 90 7.29203 213.07298742493901 29.21998228544576 0.05
88 87 90 91 1.772235 212.6457096255481 119.98730959807706 0.05
88 87 91 92 0.651269 190.45797255183427 292.44133000624055 0.05
88 87 92 93 0.26691 158.3142162015353 593.1370731764838 0.05
88 86 90 92 3.373005 200.50461031741392 59.443911383888825 0.05
88 86 92 94 0.697248 166.7191366212907 239.11024000253954 0.05
88 86 94 96 0.269189 162.323152105037 603.0081173637741 0.05
88 85 91 94 1.991105 175.89220662224426 88.33899097347667 0.05
88 85 94 97 0.4490735 160.90148523750258 358.296548866728 0.05
88 85 97 100 0.17627 151.87952121650673 861.6300063340711 0.05
88 84 92 96 1.379215 163.89235432211697 118.8301710191065 0.05
88 84 96 100 0.338764 155.4740684014094 458.9450720897421 0.05
88 83 94 100 0.9048945 172.22585150317 190.32699558144068 0.05
88 83 100 106 0.209029 160.53104646918032 767.9845689793298 0.05
88 82 95 102 0.7700615 165.9576481273856 215.51220016503305 0.05
88 82 102 109 0.170957 151.6981193060336 887.3466386637201 0.05
89 88 90 91 10.0558 287.2003574585455 28.560667222751597 0.05
89 88 91 92 2.02333 224.23247977626636 110.82348394788114 0.05
89 88 92 93 0.670739 188.11336099744867 280.45687070149296 0.05
89 88 93 94 0.3014535 172.2678082293922 571.457316731742 0.05
89 87 91 93 3.610465 204.04552494599758 56.515026442853646 0.05
89 87 93 95 0.744502 173.73108963402788 233.35207915361931 0.05
89 87 95 97 0.292885 166.8967899870597 569.8372739712163 0.05
89 86 92 95 2.00169 174.39253085714094 87.1226467920312 0.05
89 86 95 98 0.4743895 163.80613920628457 345.2988297723381 0.05
89 86 98 101 0.183743 150.58404442835368 819.5362241193062 0.05
89 85 93 97 1.43885 168.42858948252427 117.05778189701795 0.05
89 85 97 101 0.340175 152.01957665091612 446.8863868623976 0.05
89 84 94 99 1.12475 163.20979378067926 145.107618386912 0.05
89 84 99 104 0.2655165 146.08067163266935 550.1754943013686 0.05
89 83 96 103 0.788352 166.18053437981595 210.79484085765742 0.05
89 83 103 110 0.172494 150.29554487727555 871.3088274216816 0.05
90 89 91 92 8.784025 245.12469978334437 27.905737948530927 0.05
90 89 92 93 1.612555 181.60020272013494 112.61643957578808 0.05
90 89 93 94 0.585445 167.45944689476647 286.03788040681275 0.05
90 89 94 95 0.2800455 160.21733498743797 572.1117996448362 0.05
90 89 95 96 0.161274 159.01962401182814 986.0214542445041 0.05
90 88 92 94 3.172125 179.30462660890208 56.52508227415442 0.05
90 88 94 96 0.723767 164.65274555053446 227.4941321592922 0.05
90 88 96 98 0.2812405 155.39757092009398 552.5433602916152 0.05
90 87 93 96 1.946345 168.11120221563925 86.37276650112865 0.05
90 87 96 99 0.463909 155.5612421664765 335.3270623473062 0.05
90 87 99 102 0.1784415 142.2225931019873 797.0264378072774 0.05
90 86 94 98 1.40789 161.54368632544802 114.74169596022985 0.05
90 86 98 102 0.338534 147.58477266797507 435.9525857608839 0.05
90 85 95 100 1.1182 157.64960567115756 140.98515978461595 0.05
90 85 100 105 0.257285 143.5144026489476 557.8032246300702 0.05
90 84 96 102 0.9111815 152.15436935013122 166.98579739616227 0.05
90 84 102 108 0.208537 141.3983533478064 678.0492351372005 0.05
91 90 92 93 7.346815 212.5453367944787 28.930269347258463 0.05
91 90 93 94 1.589455 185.58463217492542 116.75991593025623 0.05
91 90 94 95 0.622452 180.91683879007016 290.65187161430947 0.05
91 90 95 96 0.3126155 179.28033160620362 573.4851010465048 0.05
91 90 96 97 0.17113 167.9050812235476 981.1551523610565 0.05
91 89 93 95 3.075425 178.29506038918936 57.97412077653962 0.05
91 89 95 97 0.7476235 168.8814536413112 225.89104494616768 0.05
91 89 97 99 0.2744145 154.14259352981404 561.7144630834523 0.05
91 88 94 97 2.002575 171.41204809484938 85.59581942990867 0.05
91 88 97 100 0.464997 153.00496092381462 329.04504958916857 0.05
91 88 100 103 0.1752145 144.00962074536588 821.9046982148502 0.05
91 87 95 99 1.453935 164.399805474684 113.0723213036924 0.05
91 87 99 103 0.3372035 145.24582054877527 430.7363967122977 0.05
91 86 96 101 1.11866 155.09706449839595 138.64540119285212 0.05
91 86 101 106 0.263017 149.65497525324943 568.9935451063978 0.05
91 85 97 103 0.9094255 151.6380331745341 166.74046766286418 0.05
91 85 103 109 0.209455 142.59552739838557 680.7931412398156 0.05
91 84 98 105 0.7714015 148.75947616369086 192.84312535520203 0.05
92 91 93 94 7.24181 205.73769339177483 28.409706053013657 0.05
92 91 94 95 1.7259 193.94303560338952 112.37211634705923 0.05
92 91 95 96 0.6996275 193.81208460557602 277.0218217631183 0.05
92 91 96 97 0.334466 181.76848675326195 543.4587873005387 0.05
92 91 97 98 0.176481 170.96580182713643 968.7490541595777 0.05
92 90 94 96 3.370795 190.51471493296125 56.51922319006681 0.05
92 90 96 98 0.784499 173.6171147300215 221.30954243411594 0.05
92 90 98 100 0.300323 160.99566233440376 536.07503366177 0.05
92 89 95 98 2.11767 177.01825067138634 83.59104613626596 0.05
92 89 98 101 0.4780855 153.02732917777865 320.0836025727169 0.05
92 89 101 104 0.183344 154.0438299538751 840.1901886828863 0.05
92 88 96 100 1.503635 164.58785967127258 109.45998175838723 0.05
92 88 100 104 0.3416205 149.48769569061844 437.58409021302424 0.05
92 87 97 102 1.141315 156.15903313055733 136.8237805781553 0.05
92 87 102 107 0.2680215 149.98073366717261 559.5847111786652 0.05
92 86 98 104 0.9398005 153.62663794290998 163.46728687940683 0.05
92 86 104 110 0.214922 144.63701681112272 672.9744596231317 0.05
92 85 99 106 0.7802915 148.92392564161685 190.85678319143148 0.05
93 92 94 95 7.282855 205.1185545458265 28.164580311680858 0.05
93 92 95 96 1.79884 200.07575968172807 111.2248780779436 0.05
93 92 96 97 0.6635495 181.3172504895453 273.2535409785484 0.05
93 92 97 98 0.2954685 165.08849559870336 558.7346725579997 0.05
93 92 98 99 0.1715475 166.4131157615634 970.0701890821109 0.05
93 91 95 97 3.49283 192.97095128777758 55.24773644516841 0.05
93 91 97 99 0.7552375 167.63743042639365 221.96650778913076 0.05
93 91 99 101 0.287827 149.51337922401535 519.4557120215106 0.05
93 90 96 99 2.09414 173.43547175055883 82.81942551623045 0.05
93 90 99 102 0.4770795 152.08406634908167 318.78139041623393 0.05
93 90 102 105 0.182754 153.69531069140385 840.9956044267367 0.05
93 89 97 101 1.460865 159.32184622365457 109.05993792968863 0.05
93 89 101 105 0.3486795 156.78668110296974 449.6584430772952 0.05
93 88 98 103 1.15367 156.01402028731965 135.23279645593598 0.05
93 88 103 108 0.2696735 150.2033776223843 556.9823420632146 0.05
93 87 99 105 0.9279965 150.19694304236683 161.85076456901166 0.05
93 87 105 111 0.2125975 139.65236063694655 656.8861846303299 0.05
93 86 100 107 0.7728705 150.28295427007347 194.44778170479202 0.05
94 93 95 96 9.43942 265.5087189835917 28.127651803139564 0.05
94 93 96 97 1.742345 192.9071462750411 110.71696264232463 0.05
94 93 97 98 0.58219 164.99589339283182 283.4055778918082 0.05
94 93 98 99 0.296386 167.29594313357498 564.4529199542994 0.05
94 93 99 100 0.166421 153.7467573346681 923.8422875398422 0.05
94 92 96 98 3.28293 182.28459237223075 55.52497079506135 0.05
94 92 98 100 0.7422315 162.1459247580082 218.4573475499331 0.05
94 92 100 102 0.271156 151.22629097528693 557.7095508684555 0.05
94 91 97 100 1.98033 164.34834261757584 82.99038171293464 0.05
94 91 100 103 0.4588565 153.5097607086303 334.5485150774377 0.05
94 91 103 106 0.1813805 155.26410731657782 856.0132280844844 0.05
94 90 98 102 1.453665 158.8075663006336 109.24633000081421 0.05
94 90 102 106 0.34099 155.71590926321204 456.6582869386552 0.05
94 89 99 104 1.1147 151.088241458975 135.54161788730153 0.05
94 89 104 109 0.268978 153.14665709977993 569.3649930469404 0.05
94 88 100 106 0.9062795 151.82871026484864 167.5296751883372 0.05
94 87 101 108 0.7779195 154.5477813495521 198.66809014242747 0.05
95 94 96 97 11.19125 316.7834635757383 28.306352156884916 0.05
95 94 97 98 1.57876 182.43970973175178 115.55886248179064 0.05
95 94 98 99 0.604718 173.60925465910236 287.09126346346955 0.05
95 94 99 100 0.284997 153.80238420312733 539.6631690969635 0.05
95 94 100 101 0.1443755 142.14854744797952 984.5752738378709 0.05
95 93 97 99 3.060455 175.51549572201463 57.34947768289834 0.05
95 93 99 101 0.6904035 150.0193129454441 217.29222540940785 0.05
95 93 101 103 0.268117 159.3422912694783 594.3013358700803 0.05
95 92 98 101 1.935495 160.9416819823412 83.15272422937863 0.05
95 92 101 104 0.4471955 157.10543110709065 351.31263867165626 0.05
95 92 104 107 0.1777835 155.47812396697293 874.5362981771251 0.05
95 91 99 103 1.39526 153.4320450870674 109.96663352139917 0.05
95 91 103 107 0.3336905 153.63762232854367 460.41952746195557 0.05
95 90 100 105 1.07544 152.51726480263102 141.8184787646275 0.05
95 90 105 110 0.265172 152.26410033709251 574.2088166815972 0.05
95 89 101 107 0.902794 156.31006698210643 173.14034761208697 0.05
95 88 102 109 0.76127 152.75419432418383 200.65705245731976 0.05
96 95 97 98 8.478885 244.7363577925351 28.864214786795092 0.05
96 95 98 99 1.690555 193.13738591731124 114.2449585593555 0.05
96 95 99 100 0.5731995 154.39445050366353 269.3555219494496 0.05
96 95 100 101 0.2637005 148.75726837676348 564.114472201469 0.05
96 94 98 100 3.154085 177.17679954670317 56.17375547796054 0.05
96 94 100 102 0.672221 155.38768859011515 231.15565950798197 0.05
96 94 102 104 0.254224 150.63855947274516 592.5426374879836 0.05
96 93 99 102 1.855975 154.27665209406265 83.12431584157258 0.05
96 93 102 105 0.4315375 152.50051772314754 353.38879639231243 0.05
96 93 105 108 0.1753365 155.06595945785259 884.3906400427326 0.05
96 92 100 104 1.333895 153.66193493174168 115.1979240732904 0.05
96 92 104 108 0.3329925 155.80809483615553 467.90271503458945 0.05
96 91 101 106 1.09 160.2708667506694 147.03749243180678 0.05
96 91 106 111 0.255884 142.44018580306587 556.659211998663 0.05
96 90 102 108 0.8839395 153.95554286666086 174.16977391174495 0.05
96 89 103 110 0.744705 150.0310711609898 201.46376237703493 0.05
97 96 98 99 10.2228 287.5914926739271 28.132360280346592 0.05
97 96 99 100 1.715055 182.87189373136724 106.62742228754601 0.05
97 96 100 101 0.562194 157.5255795112836 280.1979023456024 0.05
97 96 101 102 0.2862075 171.91631187466987 600.6701846550837 0.05
97 95 99 101 3.11425 168.95326740374568 54.25167131853437 0.05
97 95 101 103 0.700446 167.88413019803542 239.6817601899867 0.05
97 95 103 105 0.259467 151.51914976896722 583.9630849740707 0.05
97 94 100 103 1.83345 159.13864748968953 86.7973751614113 0.05
97 94 103 106 0.4335925 153.6365520284287 354.3339703256599 0.05
97 94 106 109 0.178049 155.74764111062314 874.7459469619213 0.05
97 93 101 105 1.35845 161.22894873270727 118.68596468968845 0.05
97 93 105 109 0.3325975 157.43266520491485 473.34290006664173 0.05
97 92 102 107 1.05938 155.2904254895031 146.58614046848447 0.05
97 91 103 109 0.8787595 153.54135512790037 174.7251154928059 0.05
97 90 104 111 0.753974 150.9675096585754 200.22906580144064 0.05
98 97 99 100 9.220075 256.08545624998874 27.77476932128955 0.05
98 97 100 101 1.565275 183.48248062061063 117.22060380483342 0.05
98 97 101 102 0.597944 186.5154903874108 311.92802400795193 0.05
98 97 102 103 0.272497 166.89735428215417 612.4740979979749 0.05
98 96 100 102 3.00954 177.3394543753324 58.92576751773773 0.05
98 96 102 104 0.6663115 159.87860681612176 239.94574131786976 0.05
98 96 104 106 0.265898 160.21365544051335 602.5380237554 0.05
98 95 101 104 1.8695 170.14716076939064 91.01212129948684 0.05
98 95 104 107 0.4447805 158.7910247863909 357.00986168771084 0.05
98 95 107 110 0.178435 156.4081708857798 876.5554453205918 0.05
98 94 102 106 1.3244 158.65925463283594 119.7970814201419 0.05
98 94 106 110 0.331758 154.00934216336842 464.2219393755943 0.05
98 93 103 108 1.04328 153.99443840218825 147.60604861800115 0.05
98 92 104 110 0.8869195 156.5535213273352 176.5137888245046 0.05
99 98 100 101 7.476315 227.47077843199622 30.425520919329408 0.05
99 98 101 102 1.59145 201.46259200888613 126.59058846265113 0.05
99 98 102 103 0.5634825 172.7289547971678 306.5382772262986 0.05
99 98 103 104 0.255039 152.3171057015211 597.2306419862102 0.05
99 97 101 103 3.028105 189.25293563080336 62.498802264387585 0.05
99 97 103 105 0.6505545 155.72731581428698 239.37627948817044 0.05
99 97 105 107 0.266805 160.57004108300046 601.8254571053783 0.05
99 96 102 105 1.8002 162.75636948915883 90.41015969845508 0.05
99 96 105 108 0.447826 159.8584671810911 356.9655785530342 0.05
99 96 108 111 0.1724235 144.79445737878396 839.7605742766152 0.05
99 95 103 107 1.30802 155.75568099924453 119.0774460629383 0.05
99 95 107 111 0.325987 148.01435217674955 454.04986142622107 0.05
99 94 104 109 1.0694 159.5619621013262 149.2069965413561 0.05
99 93 105 111 0.8777375 153.33671376821061 174.69541151905966 0.05
100 99 101 102 7.82545 225.43875445243867 28.80840775322041 0.05
100 99 102 103 1.523725 168.68818476437437 110.70776207279816 0.05
100 99 103 104 0.5563875 150.00234531643463 269.60049482857653 0.05
100 99 104 105 0.273609 148.3754450756177 542.2900747987738 0.05
100 99 105 106 0.1584255 155.4780588931848 981.3954123116847 0.05
100 98 102 104 2.901525 164.1262840076725 56.56552468363102 0.05
100 98 104 106 0.680551 154.86119905543438 227.55267284220344 0.05
100 98 106 108 0.2690355 146.81896121695863 545.7233756026942 0.05
100 97 103 106 1.79668 153.4388418559074 85.40131901947336 0.05
100 97 106 109 0.45273 152.71449777901822 337.3191477901138 0.05
100 96 104 108 1.3496 154.17529129570838 114.23776770577088 0.05
100 95 105 110 1.07737 154.24602009699075 143.16903208460488 0.05
101 100 102 103 6.84315 189.97585210171596 27.761462499246104 0.05
101 100 103 104 1.296595 140.6505983151296 108.47689395310763 0.05
101 100 104 105 0.517179 141.56468406494292 273.72473372844394 0.05
101 100 105 106 0.2553105 144.86319929984447 567.4000846022567 0.05
101 100 106 107 0.142541 132.29220678173445 928.0993312922909 0.05
101 99 103 105 2.64364 143.4805027388841 54.27384316279225 0.05
101 99 105 107 0.6546635 144.10890533943152 220.1266839214826 0.05
101 99 107 109 0.2586175 141.8476929960316 548.4845108936232 0.05
101 99 109 111 0.120996 117.56855456154847 971.6730682133993 0.05
101 98 104 107 1.75815 146.6851645264764 83.43154140800067 0.05
101 98 107 110 0.4313825 142.09195542143485 329.38738919968904 0.05
101 97 105 109 1.31723 148.65688023422018 112.85567458547116 0.05
101 96 106 111 1.03457 140.35221148812985 135.662363579197 0.05
102 101 103 104 8.15772 231.59683411152727 28.38989743599036 0.05
102 101 104 105 1.63788 188.48645308507014 115.07952541399257 0.05
102 101 105 106 0.610929 181.89438542149344 297.7340827190941 0.05
102 101 106 107 0.2908505 162.6685670559732 559.2858429192083 0.05
102 101 107 108 0.1676915 167.5841747419936 999.3599839108934 0.05
102 100 104 106 3.019965 172.92441842607676 57.260404814650755 0.05
102 100 106 108 0.692223 152.8856031292616 220.86177883321068 0.05
102 100 108 110 0.2704295 152.94390982232443 565.5592671003882 0.05
102 99 105 108 1.87513 158.90082434682927 84.74123092629806 0.05
102 99 108 111 0.439755 141.5856072960131 321.96474695231007 0.05
102 98 106 110 1.365215 151.23667926121655 110.77865337050687 0.05
103 102 104 105 9.69038 280.77877582484984 28.97500158144984 0.05
103 102 105 106 1.757305 208.23295584260026 118.49562588315646 0.05
103 102 106 107 0.6208585 172.53816703040502 277.9025607773833 0.05
103 102 107 108 0.2955255 168.02481510910206 568.562831664618 0.05
103 101 105 107 3.27863 190.79317700565355 58.19295773101983 0.05
103 101 107 109 0.7367215 171.50528451449188 232.79527543921532 0.05
103 101 109 111 0.258543 135.21128232982105 522.9740597495235 0.05
103 100 106 109 1.937855 163.70859477712344 84.47927981047262 0.05
103 99 107 111 1.377655 152.05705633595534 110.37382823417715 0.05
104 103 105 106 10.1436 293.1788228838788 28.902837541294886 0.05
104 103 106 107 1.777175 193.04999372203204 108.62745296441378 0.05
104 103 107 108 0.5702085 158.7102257875755 278.33717979927604 0.05
104 103 108 109 0.274127 162.19547059447373 591.6800263909565 0.05
104 103 109 110 0.1657075 155.047588000897 935.6703106431332 0.05
104 102 106 108 3.25855 179.47762710490565 55.07898516361745 0.05
104 102 108 110 0.7007155 160.60194847000776 229.1970827960959 0.05
104 101 107 110 1.904585 162.2005477179666 85.16319708386163 0.05
105 104 106 107 13.2152 360.51774981983573 27.280536792468954 0.05
105 104 107 108 1.99289 223.98122117730512 112.3901575989167 0.05
105 104 108 109 0.669921 199.56430490998562 297.8922961214615 0.05
105 104 109 110 0.2774705 150.07245921329618 540.8591515613234 0.05
105 104 110 111 0.1433015 126.02467716307831 879.4372505736388 0.05
105 103 107 109 3.505615 199.89409303644703 57.02111984243764 0.05
105 103 109 111 0.668942 139.9148404927487 209.15840310931097 0.05
105 102 108 111 1.93808 162.69490824678695 83.94643577498708 0.05
106 105 107 108 12.8045 390.6464200910026 30.508525915967244 0.05
106 105 108 109 2.190725 277.8587160673502 126.83413758794472 0.05
106 105 109 110 0.613813 175.99922999903535 286.7310239422028 0.05
106 105 110 111 0.257182 138.47591196379312 538.4354735704409 0.05
106 104 108 110 3.75086 226.25896352434356 60.32188978643393 0.05
107 106 108 109 12.4971 362.705122266799 29.023143150554848 0.05
107 106 109 110 1.829775 192.87220295084583 105.40760637283046 0.05
107 106 110 111 0.5347115 134.8261873436062 252.14753627630265 0.05
107 105 109 111 3.238035 172.25665441592437 53.19789761874852 0.05
108 107 109 110 9.000485 243.43120888410678 27.04645459484759 0.05
108 107 110 111 1.475805 156.99318932999662 106.37800341508304 0.05
109 108 110 111 6.237325 192.1149288068587 30.80085273845097 0.05
